treatcode	obsdate	calage	stagnb	stadnb	stafnb	stahtvd	blatnb	blagnb	blastvd	glai	ei	stamsu	stamfm	stamdm	stamwc	stamsuc	stamfbc	stambjc	stampur	blagdm	bladm	agrfm	agrdm	agrwc	sendm
BCSU-0-0-IRR-R570	10-12-2004	1	2.183	-999	-999	-999	-999	-999	-999	0.019	-999	0	0	0	-999	-999	-999	-999	-999	0.03063	-999	-999	0.04067	-999	-999
BCSU-0-0-IRR-R570	05-01-2005	1	5.04	-999	-999	-999	6.875	6.167	-999	-999	-999	-999	-999	-999	-999	-999	-999	-999	-999	-999	-999	-999	-999	-999	-999
BCSU-0-0-IRR-R570	24-01-2005	1	5.437	-999	-999	-999	10.041	5.833	-999	-999	-999	-999	-999	-999	-999	-999	-999	-999	-999	-999	-999	-999	-999	-999	-999
BCSU-0-0-IRR-R570	15-02-2005	1	6.468	-999	-999	-999	12.459	5.417	-999	-999	-999	-999	-999	0.73777	-999	-999	-999	-999	-999	1.14187	-999	-999	4.26575	-999	-999
BCSU-0-0-IRR-R570	07-03-2005	1	7.579	-999	-999	-999	15.5	7.125	-999	1.817	-999	-999	16.19	5.68942	64.917	-999	-999	-999	-999	1.82823	-999	-999	8.87	-999	-999
BCSU-0-0-IRR-R570	11-04-2005	1	7.738	-999	-999	-999	20.208	7.875	-999	-999	-999	-999	-999	-999	-999	-999	-999	-999	-999	-999	-999	-999	-999	-999	-999
BCSU-0-0-IRR-R570	31-05-2005	1	6.27	-999	-999	-999	24.333	5.583	-999	5.168	-999	-999	-999	24.16715	-999	-999	-999	-999	-999	5.31001	-999	-999	38.99731	-999	-999
BCSU-0-0-IRR-R570	27-07-2005	1	6.23	-999	-999	-999	27.541	5.833	-999	-999	-999	-999	-999	29.28563	-999	-999	-999	-999	-999	6.14095	-999	-999	50.36316	-999	-999
BCSU-0-0-IRR-R570	27-09-2005	1	6.349	-999	-999	-999	32	6.917	-999	4.617	-999	-999	110.833	30.50492	72.48	-999	-999	-999	-999	6.82829	-999	-999	56.89492	-999	-999
