date	rr	etp	tx	tn	rg	ux	un	vt	tm
01-01-2008	1	3.1	26.7	15.5	14.7925	-999	-999	-999	20.4
02-01-2008	10	2.6	25.7	18.3	12.3525	-999	-999	-999	21.3
03-01-2008	0	3	26.8	19.3	13.8625	-999	-999	-999	22.4
04-01-2008	8.5	4	27.6	17.3	19.1725	-999	-999	-999	21.8
05-01-2008	0	4.3	25.8	15.7	21.0125	-999	-999	-999	20.1
06-01-2008	0	3.7	26.1	16.9	17.9225	-999	-999	-999	20.8
07-01-2008	0	3.8	27.6	18.3	18.1225	-999	-999	-999	22.3
08-01-2008	0	1.9	24.7	18.6	8.7025	-999	-999	-999	21
09-01-2008	15	1.5	22.1	20.1	6.8725	-999	-999	-999	20.4
10-01-2008	0	5.2	28.4	19.8	24.5425	-999	-999	-999	23.4
11-01-2008	0	3.5	27.5	18.9	16.6125	-999	-999	-999	22.5
12-01-2008	0	2	24.8	17.5	9.4325	-999	-999	-999	20.5
13-01-2008	0	3.4	25.8	16.4	16.7625	-999	-999	-999	20.4
14-01-2008	1.5	2.3	25.5	17.5	10.8925	-999	-999	-999	20.8
15-01-2008	3.5	2.7	25.9	16.4	12.9325	-999	-999	-999	20.5
16-01-2008	1.5	3.5	25.7	15.9	16.8925	-999	-999	-999	20.1
17-01-2008	116.5	2.5	26.3	16.8	11.8025	-999	-999	-999	20.9
18-01-2008	43.5	1.8	27.2	17.1	8.3825	-999	-999	-999	21.5
19-01-2008	9	2.6	26.2	17.8	12.3325	-999	-999	-999	21.3
20-01-2008	0	1.8	25.8	18	8.3825	-999	-999	-999	21.2
21-01-2008	0	3.1	25.6	16.6	15.2725	-999	-999	-999	20.4
22-01-2008	0	3.4	28.2	17.3	16.2325	-999	-999	-999	22.1
23-01-2008	0	4.7	28.7	17	22.3125	-999	-999	-999	22.2
24-01-2008	0	3.2	26.5	17.9	15.1825	-999	-999	-999	21.5
25-01-2008	0	3.7	26.5	17.2	17.7725	-999	-999	-999	21.2
26-01-2008	0	3.1	25.3	16.1	15.1025	-999	-999	-999	20
27-01-2008	0	2.5	26.1	16.2	12.1225	-999	-999	-999	20.5
28-01-2008	3	3.3	27.4	17.9	15.6425	-999	-999	-999	22
29-01-2008	68	1.3	24.8	19.2	5.7225	-999	-999	-999	21.3
30-01-2008	44	3.5	25.5	19.7	16.6625	-999	-999	-999	21.9
31-01-2008	88	3.3	27.4	20.6	15.2925	-999	-999	-999	23.3
01-02-2008	25	2.3	24.6	20.3	10.7473	-999	-999	-999	21.8
02-02-2008	0.5	4.1	26.4	18.8	19.7273	-999	-999	-999	21.9
03-02-2008	0	2.7	25.1	15.9	12.9273	-999	-999	-999	19.8
04-02-2008	0.5	2	26.4	17.9	9.4173	-999	-999	-999	21.5
05-02-2008	16.5	2	24.9	19.4	9.1373	-999	-999	-999	21.5
06-02-2008	14	2	25	18.1	9.1273	-999	-999	-999	20.9
07-02-2008	4	2.3	25.3	17	11.1173	-999	-999	-999	20.5
08-02-2008	0	5.2	25.8	16.8	25.4373	-999	-999	-999	20.6
09-02-2008	0	4.9	26.7	15.8	24.0073	-999	-999	-999	20.6
10-02-2008	39	1.5	24.3	17.1	6.9773	-999	-999	-999	20
11-02-2008	13	2	23.2	17.5	9.4373	-999	-999	-999	19.7
12-02-2008	0	3.6	26.9	18.4	17.1373	-999	-999	-999	22
13-02-2008	0	3.3	26.2	16.8	16.1473	-999	-999	-999	20.8
14-02-2008	0	4.2	27.3	16.9	20.3373	-999	-999	-999	21.4
15-02-2008	2	4.2	27.6	17.4	19.9473	-999	-999	-999	21.8
16-02-2008	10	3.5	28.1	20.4	16.3173	-999	-999	-999	23.6
17-02-2008	1	2.5	28.5	20	11.2773	-999	-999	-999	23.6
18-02-2008	0	2.1	26.4	19.2	9.4373	-999	-999	-999	22.1
19-02-2008	2.5	2.6	25.7	19.7	11.9473	-999	-999	-999	22
20-02-2008	0	4.3	27	15.7	21.0673	-999	-999	-999	20.7
21-02-2008	1	3.4	28	17	16.3173	-999	-999	-999	21.8
22-02-2008	1.5	4.3	26.7	17	21.0173	-999	-999	-999	21.2
23-02-2008	114.5	1.4	26.3	18	6.3073	-999	-999	-999	21.5
24-02-2008	14	3.1	26.1	19.4	14.4673	-999	-999	-999	22.1
25-02-2008	10.5	2.3	26	19.7	10.7773	-999	-999	-999	22.2
26-02-2008	5	1.7	24.8	19.3	7.7773	-999	-999	-999	21.4
27-02-2008	0	3.5	24.8	14.8	17.2773	-999	-999	-999	19.1
28-02-2008	2.5	2	25.3	16.2	9.7473	-999	-999	-999	20.1
29-02-2008	0	3.7	25.7	15.6	17.9473	-999	-999	-999	20
01-03-2008	21	2.4	26.2	15.8	11.7338	-999	-999	-999	20.4
02-03-2008	0	3.4	25.7	15.8	16.4638	-999	-999	-999	20.1
03-03-2008	0	3.3	26.3	15.5	16.3138	-999	-999	-999	20.3
04-03-2008	0	3.7	26.2	16.5	18.0638	-999	-999	-999	20.7
05-03-2008	0	3.3	25.8	16.5	15.8838	-999	-999	-999	20.5
06-03-2008	0	3	25.2	16.2	14.7138	-999	-999	-999	20.1
07-03-2008	0	4	26.6	15.2	19.4438	-999	-999	-999	20.3
08-03-2008	0	3.6	26	15.5	17.6138	-999	-999	-999	20.1
09-03-2008	1.5	2.7	25.8	15.9	12.9538	-999	-999	-999	20.2
10-03-2008	0.5	3	25.6	15.8	14.4238	-999	-999	-999	20.1
11-03-2008	0	4.3	25.5	15.2	21.5338	-999	-999	-999	19.7
12-03-2008	13	2.9	24.8	15.1	14.4638	-999	-999	-999	19.3
13-03-2008	2.5	3	25.6	15.4	14.8238	-999	-999	-999	19.9
14-03-2008	3.5	3.1	25.6	17.1	14.9138	-999	-999	-999	20.7
15-03-2008	1	2.6	27.8	18.9	11.9438	-999	-999	-999	22.7
16-03-2008	0	3.9	27.1	17.5	18.5438	-999	-999	-999	21.7
17-03-2008	0	4.7	26.8	17.6	22.6738	-999	-999	-999	21.6
18-03-2008	11	1	23	18.6	4.4838	-999	-999	-999	20.2
19-03-2008	0.5	1.7	23.6	17.5	8.2538	-999	-999	-999	19.9
20-03-2008	1	1.7	24.4	18.2	7.7638	-999	-999	-999	20.7
21-03-2008	0	3.3	25.9	15.7	16.1438	-999	-999	-999	20.2
22-03-2008	0	4	28	14.9	19.4238	-999	-999	-999	20.8
23-03-2008	2.5	2.6	27.3	18.9	12.2038	-999	-999	-999	22.5
24-03-2008	6	2.4	26.1	19.8	11.3138	-999	-999	-999	22.3
25-03-2008	35.5	1.6	23.7	18.8	7.5438	-999	-999	-999	20.6
26-03-2008	6.5	1.7	26.1	19.4	7.6838	-999	-999	-999	22.1
27-03-2008	0	3.7	27.2	17.5	17.5338	-999	-999	-999	21.7
28-03-2008	0	3.8	23.5	16.3	19.1438	-999	-999	-999	19.3
29-03-2008	3.5	2.9	24.8	15.8	14.2938	-999	-999	-999	19.7
30-03-2008	0	4.5	24.5	15.4	22.4138	-999	-999	-999	19.3
31-03-2008	0	1.8	23.8	13.9	8.8038	-999	-999	-999	18.2
01-04-2008	2	1.8	24	15.1	8.7271	-999	-999	-999	18.9
02-04-2008	0	2.3	24.7	15.5	11.1271	-999	-999	-999	19.4
03-04-2008	0	4.2	26.3	15.3	20.5871	-999	-999	-999	20.1
04-04-2008	0	3.2	27	18.3	15.3471	-999	-999	-999	22
05-04-2008	12.5	1.4	25.7	16.3	6.6071	-999	-999	-999	20.3
06-04-2008	5.5	1.9	24.6	16.2	9.1471	-999	-999	-999	19.7
07-04-2008	0	1.5	24	16.8	6.9671	-999	-999	-999	19.7
08-04-2008	0	1.5	23.3	15.7	7.2371	-999	-999	-999	18.8
09-04-2008	0	2.9	25.1	14.1	14.4371	-999	-999	-999	18.9
10-04-2008	12	3.1	24.6	15.1	15.1171	-999	-999	-999	19.2
11-04-2008	4	2.3	24.8	14.4	11.3971	-999	-999	-999	18.9
12-04-2008	0.5	2.3	23.8	15.6	11.0371	-999	-999	-999	19
13-04-2008	0	2.2	23.8	14.6	10.6271	-999	-999	-999	18.5
14-04-2008	0	4	24.8	14.3	19.9071	-999	-999	-999	18.9
15-04-2008	0	2.8	26	15	13.6271	-999	-999	-999	19.8
16-04-2008	0	3	25.2	15.3	14.7371	-999	-999	-999	19.6
17-04-2008	4	3	24.8	15.5	14.9271	-999	-999	-999	19.5
18-04-2008	0	3.3	25.2	15.5	16.1071	-999	-999	-999	19.7
19-04-2008	0	3.2	25.4	14.2	16.1371	-999	-999	-999	19.1
20-04-2008	0	2.6	26.2	14.8	12.4171	-999	-999	-999	19.8
21-04-2008	0	4.1	25.6	17.4	20.1071	-999	-999	-999	20.8
22-04-2008	0	2.9	25.1	16.5	14.2471	-999	-999	-999	20.1
23-04-2008	3	2.8	25.2	14.6	13.7271	-999	-999	-999	19.2
24-04-2008	6.5	2.4	24	14.4	11.6671	-999	-999	-999	18.5
25-04-2008	2	1.7	23.3	15.3	8.2571	-999	-999	-999	18.6
26-04-2008	2.5	1.1	22.6	16.2	4.8471	-999	-999	-999	18.7
27-04-2008	0	3.2	24.9	15.1	15.6671	-999	-999	-999	19.3
28-04-2008	0	1.4	23.7	14.8	6.7771	-999	-999	-999	18.6
29-04-2008	0	1.6	23.6	13.9	7.4871	-999	-999	-999	18.1
30-04-2008	0	3.9	25.3	14	19.6071	-999	-999	-999	19
01-05-2008	0	2.8	24.6	15.8	13.7157	-999	-999	-999	19.5
02-05-2008	0	3.5	24.9	14.1	17.5757	-999	-999	-999	18.8
03-05-2008	0	2	23.6	16.2	9.8357	-999	-999	-999	19.2
04-05-2008	0	2.3	23.9	14.4	11.1557	-999	-999	-999	18.5
05-05-2008	0	3.2	24.1	13.3	16.1657	-999	-999	-999	18
06-05-2008	0	4.1	24.3	12.2	21.1757	-999	-999	-999	17.6
07-05-2008	0	2.6	23.7	12.5	13.3357	-999	-999	-999	17.4
08-05-2008	0	2.4	24.5	14.3	12.0657	-999	-999	-999	18.7
09-05-2008	0.5	2	24.1	15.4	9.5957	-999	-999	-999	19.1
10-05-2008	0	2.2	24.2	14.6	10.5457	-999	-999	-999	18.7
11-05-2008	0	2.6	25.1	14.9	12.7657	-999	-999	-999	19.3
12-05-2008	0	2.6	25.1	13.9	12.6457	-999	-999	-999	18.8
13-05-2008	0	3	24.6	15.1	15.0157	-999	-999	-999	19.2
14-05-2008	0	1.7	24.1	14.6	8.1057	-999	-999	-999	18.7
15-05-2008	0	2.5	23.5	13.3	12.8057	-999	-999	-999	17.7
16-05-2008	0	3.4	22.9	12	17.5057	-999	-999	-999	16.8
17-05-2008	0	4.2	22.3	10.7	22.2057	-999	-999	-999	15.8
18-05-2008	0	2.5	23.4	13	12.4757	-999	-999	-999	17.5
19-05-2008	0	2.7	22.8	13.1	13.5757	-999	-999	-999	17.3
20-05-2008	0	2.5	22	11.4	12.7857	-999	-999	-999	16
21-05-2008	0	3.3	20.9	11.7	17.3457	-999	-999	-999	15.6
22-05-2008	0	3.1	21	11.7	16.5057	-999	-999	-999	15.7
23-05-2008	0	2.3	22.7	10.7	12.1357	-999	-999	-999	16
24-05-2008	0	2.2	22.2	11.9	11.5357	-999	-999	-999	16.4
25-05-2008	0	2.1	22.3	10.6	10.9857	-999	-999	-999	15.8
26-05-2008	0	2	22	10	10.5557	-999	-999	-999	15.3
27-05-2008	0	2	22.4	10.4	10.3757	-999	-999	-999	15.7
28-05-2008	0	1.8	21.1	11.2	9.2857	-999	-999	-999	15.5
29-05-2008	0	2.1	23	10.5	10.5957	-999	-999	-999	16.1
30-05-2008	0	1.2	22.5	12.8	5.9457	-999	-999	-999	17
31-05-2008	0	3	24	13.7	15.2457	-999	-999	-999	18.2
01-06-2008	0	1.6	22.1	14.8	7.5612	-999	-999	-999	17.8
02-06-2008	0	3.2	21	14.3	16.3812	-999	-999	-999	17
03-06-2008	0	0.8	18.7	13.8	3.5412	-999	-999	-999	15.6
04-06-2008	0	2.3	22.1	12.8	11.6212	-999	-999	-999	16.8
05-06-2008	0	2.4	22.1	10.1	12.6112	-999	-999	-999	15.4
06-06-2008	0	1.6	20.4	13.5	8.3012	-999	-999	-999	16.3
07-06-2008	0	2.2	22.3	11.6	11.3212	-999	-999	-999	16.3
08-06-2008	0	2.2	22.3	14.3	10.9812	-999	-999	-999	17.6
09-06-2008	0	2.3	22.6	12.9	11.8312	-999	-999	-999	17.1
10-06-2008	0	2.9	20.7	14.2	14.8412	-999	-999	-999	16.8
11-06-2008	0	1.7	20.1	11.1	8.8012	-999	-999	-999	14.9
12-06-2008	0	1.6	19.5	9.9	8.6712	-999	-999	-999	14
13-06-2008	1	2.3	20.6	10	12.0312	-999	-999	-999	14.6
14-06-2008	6	2	20.5	10.7	10.5012	-999	-999	-999	14.9
15-06-2008	2	2.6	21.5	9.7	14.0612	-999	-999	-999	14.9
16-06-2008	0.5	1.9	21.1	11.3	10.0012	-999	-999	-999	15.5
17-06-2008	0	1.9	20.9	10.4	9.7212	-999	-999	-999	15
18-06-2008	0.5	2.7	20.8	10.7	14.3812	-999	-999	-999	15.1
19-06-2008	0.5	1.7	20.2	9.7	8.7912	-999	-999	-999	14.3
20-06-2008	0.5	2.1	20.6	9	11.0812	-999	-999	-999	14.1
21-06-2008	0	3	20.5	9.4	16.2412	-999	-999	-999	14.3
22-06-2008	0.5	2.5	20.7	10	13.3312	-999	-999	-999	14.7
23-06-2008	0	2.1	21	10.5	11.1312	-999	-999	-999	15.1
24-06-2008	0	1.6	20.7	11.8	8.0512	-999	-999	-999	15.6
25-06-2008	0	2.6	21.9	11.5	13.7912	-999	-999	-999	16
26-06-2008	0.5	1.6	21.9	11.9	7.9212	-999	-999	-999	16.2
27-06-2008	0	2.2	21.8	11.6	11.4512	-999	-999	-999	16
28-06-2008	0	2.5	21.5	12.5	12.9912	-999	-999	-999	16.3
29-06-2008	0	2.3	21.7	10.8	11.9212	-999	-999	-999	15.6
30-06-2008	0	2.6	22.1	10.8	13.8212	-999	-999	-999	15.8
01-07-2008	9.5	2.1	20.2	9.6	10.9587	-999	-999	-999	14.2
02-07-2008	0	2.2	20.2	9.6	11.8687	-999	-999	-999	14.2
03-07-2008	0	2.8	22.1	9.8	14.9687	-999	-999	-999	15.3
04-07-2008	0	2.4	20.6	9.6	13.0287	-999	-999	-999	14.4
05-07-2008	0	2.8	20.8	8.5	15.4687	-999	-999	-999	14
06-07-2008	0	2.3	20.5	8.7	12.6587	-999	-999	-999	13.9
07-07-2008	0	2.6	20.5	8.9	14.2087	-999	-999	-999	14
08-07-2008	0	1.9	21.7	10	9.8787	-999	-999	-999	15.2
09-07-2008	0	2.8	20.9	10.4	15.1487	-999	-999	-999	15
10-07-2008	0	2.4	20.7	10	12.8987	-999	-999	-999	14.7
11-07-2008	0.5	2.9	20.3	9.4	15.8787	-999	-999	-999	14.2
12-07-2008	0	3.1	22	10	16.6387	-999	-999	-999	15.3
13-07-2008	0	1.8	20.3	8.9	9.8287	-999	-999	-999	13.9
14-07-2008	0	3	21.9	9.6	16.1487	-999	-999	-999	15.1
15-07-2008	0	2.6	22.3	10.8	13.7187	-999	-999	-999	15.9
16-07-2008	0	2.2	20.4	12	11.6687	-999	-999	-999	15.5
17-07-2008	0	1.9	21.5	10.4	9.8287	-999	-999	-999	15.3
18-07-2008	0	2.6	21.5	12	13.4887	-999	-999	-999	16.1
19-07-2008	0	2.9	21.1	9.6	15.7687	-999	-999	-999	14.7
20-07-2008	0	2	20	9.9	10.7687	-999	-999	-999	14.3
21-07-2008	0	2	19.8	8.2	10.6487	-999	-999	-999	13.3
22-07-2008	0	2.6	19.4	7.3	14.5987	-999	-999	-999	12.7
23-07-2008	0	2	19.9	8.3	10.9087	-999	-999	-999	13.4
24-07-2008	0	3.2	21.1	8.4	17.5287	-999	-999	-999	14.1
25-07-2008	0	2.5	21.3	9.3	13.5187	-999	-999	-999	14.6
26-07-2008	0	2.8	20.6	9.5	15.1387	-999	-999	-999	14.4
27-07-2008	0	1.9	19.4	9.9	10.1287	-999	-999	-999	14
28-07-2008	0	1.4	19.7	10.8	7.1087	-999	-999	-999	14.6
29-07-2008	0	1.6	19.9	9.3	8.2287	-999	-999	-999	13.9
30-07-2008	0	2.6	21.3	9.9	14.1187	-999	-999	-999	14.9
31-07-2008	0.5	1.9	20	11.3	10.1187	-999	-999	-999	15
01-08-2008	0	2.4	20.7	10.3	12.8464	-999	-999	-999	14.8
02-08-2008	0	3	22	10.9	15.8864	-999	-999	-999	15.7
03-08-2008	0.5	1.3	19.6	10.9	6.3764	-999	-999	-999	14.5
04-08-2008	0	1.7	19.9	9.8	9.0664	-999	-999	-999	14.1
05-08-2008	0	1.7	19.6	9.5	9.3064	-999	-999	-999	13.8
06-08-2008	0	3.1	22.1	8.6	16.9164	-999	-999	-999	14.6
07-08-2008	0	3.3	21.5	9.6	17.8464	-999	-999	-999	14.8
08-08-2008	0	3	24.5	10.3	15.3964	-999	-999	-999	16.7
09-08-2008	0.5	1.4	22.5	13.6	6.8664	-999	-999	-999	17.3
10-08-2008	36.5	0.9	21	15.6	3.9964	-999	-999	-999	17.6
11-08-2008	0.5	3.6	20.5	11.3	19.1164	-999	-999	-999	15.2
12-08-2008	0	1.8	19.6	10.6	9.2664	-999	-999	-999	14.4
13-08-2008	0	3.6	20.7	8	19.7664	-999	-999	-999	13.6
14-08-2008	0	3.6	21.2	9.1	19.4064	-999	-999	-999	14.4
15-08-2008	0	2.4	21.5	9.7	12.7564	-999	-999	-999	14.9
16-08-2008	0	1.8	19.9	9.9	9.5264	-999	-999	-999	14.2
17-08-2008	0	2.3	21.3	10.3	11.8764	-999	-999	-999	15.1
18-08-2008	0	1.7	20.7	10.7	8.8164	-999	-999	-999	15
19-08-2008	0	1.9	20.2	9.2	10.0764	-999	-999	-999	14
20-08-2008	0	3.4	22	9.2	18.2164	-999	-999	-999	14.9
21-08-2008	0.5	3	21.7	9.5	16.0864	-999	-999	-999	14.9
22-08-2008	0	2.2	20.3	9.6	11.8264	-999	-999	-999	14.2
23-08-2008	0	1.5	17.8	9.1	8.1664	-999	-999	-999	12.7
24-08-2008	0	2	20.7	10.1	10.6264	-999	-999	-999	14.7
25-08-2008	0	2	20.8	10.7	10.4964	-999	-999	-999	15
26-08-2008	0	1.6	21.8	11.8	8.1064	-999	-999	-999	16.1
27-08-2008	0.5	2.1	21.3	12	10.8764	-999	-999	-999	15.9
28-08-2008	0	2	20.8	11.7	10.2464	-999	-999	-999	15.5
29-08-2008	0	2.5	21.5	9.5	13.3664	-999	-999	-999	14.8
30-08-2008	0	3.6	22.1	9.5	19.3864	-999	-999	-999	15.1
31-08-2008	0	1.7	19.9	10.5	8.7264	-999	-999	-999	14.5
01-09-2008	0	2.4	21.6	9.5	12.5559	-999	-999	-999	14.8
02-09-2008	0	3.9	23	10.6	20.6059	-999	-999	-999	16.1
03-09-2008	0	2.8	20.9	10.2	14.8259	-999	-999	-999	14.8
04-09-2008	0	2.5	22.1	8.9	13.2859	-999	-999	-999	14.8
05-09-2008	0	3.1	22.1	11.8	16.1659	-999	-999	-999	16.2
06-09-2008	4.5	1.4	20.5	12.5	6.9159	-999	-999	-999	15.8
07-09-2008	0	1.7	20.2	10.4	8.9259	-999	-999	-999	14.6
08-09-2008	0	2.9	22.7	13.6	14.6859	-999	-999	-999	17.4
09-09-2008	0	1.9	22.2	12.8	9.3659	-999	-999	-999	16.8
10-09-2008	0	3.6	23.8	12.7	18.7359	-999	-999	-999	17.5
11-09-2008	0	2.7	23.1	11.7	13.7459	-999	-999	-999	16.7
12-09-2008	0	1.9	21.1	12.3	9.5959	-999	-999	-999	16
13-09-2008	0	2.2	23	11.4	11.3959	-999	-999	-999	16.5
14-09-2008	0	2.7	22.3	11	14.0159	-999	-999	-999	15.9
15-09-2008	8	1.8	22.6	11.8	9.3559	-999	-999	-999	16.5
16-09-2008	3.5	3.8	24.8	12.3	19.5659	-999	-999	-999	17.8
17-09-2008	0	2.7	24.6	13.7	13.6259	-999	-999	-999	18.4
18-09-2008	0	2.9	24.5	14	14.5359	-999	-999	-999	18.5
19-09-2008	0	2	24.2	14.4	9.9459	-999	-999	-999	18.6
20-09-2008	0.5	1.6	23.8	14.7	7.5159	-999	-999	-999	18.5
21-09-2008	0	2.5	22.3	14.1	12.8659	-999	-999	-999	17.5
22-09-2008	0	1.8	21.3	11.8	9.0259	-999	-999	-999	15.8
23-09-2008	0	2.9	21	10	15.8559	-999	-999	-999	14.8
24-09-2008	0.5	2.8	22.7	11	14.3559	-999	-999	-999	16.1
25-09-2008	0	2.1	22	12.5	10.9159	-999	-999	-999	16.5
26-09-2008	0	3	24.5	12.2	15.4759	-999	-999	-999	17.6
27-09-2008	0	2.4	22.7	12.4	12.3959	-999	-999	-999	16.8
28-09-2008	0	3.1	24.5	13	15.6759	-999	-999	-999	18
29-09-2008	0.5	1.9	22	12.2	9.5559	-999	-999	-999	16.4
30-09-2008	0	1.9	24	12.7	9.3559	-999	-999	-999	17.6
01-10-2008	0	1.7	21.5	12.5	8.4821	-999	-999	-999	16.3
02-10-2008	2	2	21.6	10.9	10.5821	-999	-999	-999	15.5
03-10-2008	0	2.4	22.6	11.7	12.4121	-999	-999	-999	16.4
04-10-2008	0	1.6	21.6	12.3	8.0521	-999	-999	-999	16.2
05-10-2008	0	2.9	23.8	11.7	14.8621	-999	-999	-999	17
06-10-2008	0	2.7	21.7	12.3	14.0621	-999	-999	-999	16.3
07-10-2008	0	2.8	23.5	12	14.6021	-999	-999	-999	17
08-10-2008	2	1.9	22	12.2	9.6421	-999	-999	-999	16.4
09-10-2008	0	2.8	22.3	10.9	14.8121	-999	-999	-999	15.9
10-10-2008	5	4.2	25.8	12.8	21.4921	-999	-999	-999	18.6
11-10-2008	5	2.8	26	17.5	13.1321	-999	-999	-999	21
12-10-2008	0.5	1.2	21.4	15.4	5.6221	-999	-999	-999	17.7
13-10-2008	0	1.7	20.7	13.2	8.3321	-999	-999	-999	16.2
14-10-2008	0	2.8	23	12	14.6721	-999	-999	-999	16.8
15-10-2008	0.5	1.8	22.6	12.3	9.1921	-999	-999	-999	16.7
16-10-2008	1	1.3	20.2	11.8	6.4121	-999	-999	-999	15.3
17-10-2008	0.5	1.4	21.4	11.8	7.1421	-999	-999	-999	15.9
18-10-2008	0	1.9	21.6	11.4	9.8721	-999	-999	-999	15.8
19-10-2008	0	2.1	23.1	12.5	10.7821	-999	-999	-999	17.1
20-10-2008	0	3.4	24.2	12.4	17.4321	-999	-999	-999	17.6
21-10-2008	0	2.1	22.5	13.3	10.6321	-999	-999	-999	17.2
22-10-2008	0	4.4	24.5	12.4	22.9421	-999	-999	-999	17.7
23-10-2008	0	2.6	24.6	14.7	12.6921	-999	-999	-999	18.9
24-10-2008	1	1.7	22.7	14.7	8.5321	-999	-999	-999	18
25-10-2008	0.5	2.7	24.7	16.7	13.2021	-999	-999	-999	20
26-10-2008	3	3.2	24.9	15.6	15.8221	-999	-999	-999	19.5
27-10-2008	0.5	1.7	21.8	12.9	8.4921	-999	-999	-999	16.6
28-10-2008	0	3.6	26.1	12.8	17.9221	-999	-999	-999	18.7
29-10-2008	0	1.9	22.2	13.1	9.6221	-999	-999	-999	16.9
30-10-2008	0	2.5	24.3	13.1	12.4821	-999	-999	-999	18
31-10-2008	2	2.6	23.1	12.7	13.4721	-999	-999	-999	17.2
01-11-2008	0	3	24.3	13.4	15.0931	-999	-999	-999	18.1
02-11-2008	0	2.6	24.9	14.1	12.6331	-999	-999	-999	18.8
03-11-2008	0	3	24.8	14.5	15.0131	-999	-999	-999	18.9
04-11-2008	0	2.7	24.8	14.4	13.5231	-999	-999	-999	18.9
05-11-2008	0	2.6	23.8	14.1	12.8931	-999	-999	-999	18.2
06-11-2008	0	1.6	22.5	12.3	8.1731	-999	-999	-999	16.7
07-11-2008	5.5	1.7	23.8	12.9	8.4531	-999	-999	-999	17.6
08-11-2008	0	4.4	25.3	14.4	21.9231	-999	-999	-999	19.1
09-11-2008	0	5.8	25.1	15	29.1631	-999	-999	-999	19.3
10-11-2008	1.5	3.4	24.4	11.9	17.3231	-999	-999	-999	17.4
11-11-2008	0	2.5	23.9	13.7	12.4231	-999	-999	-999	18.1
12-11-2008	0.5	2.5	25	13.8	12.2831	-999	-999	-999	18.7
13-11-2008	0	3.7	25	13	18.9331	-999	-999	-999	18.3
14-11-2008	1	2.3	22.9	12.1	11.5931	-999	-999	-999	16.8
15-11-2008	0	1.8	23	14.3	8.8931	-999	-999	-999	17.9
16-11-2008	0	2	24.9	13.8	9.7231	-999	-999	-999	18.6
17-11-2008	0.5	2.7	25.4	14.7	13.0731	-999	-999	-999	19.3
18-11-2008	0	2.1	25	14.6	10.1831	-999	-999	-999	19.1
19-11-2008	4.5	1.3	23	15.5	6.3231	-999	-999	-999	18.5
20-11-2008	0.5	1.4	22.7	15.8	6.5831	-999	-999	-999	18.5
21-11-2008	0.5	1.5	23.9	17.1	7.2231	-999	-999	-999	19.8
22-11-2008	2.5	1.7	23.8	16.9	8.1231	-999	-999	-999	19.6
23-11-2008	0	4.3	27.2	14.5	21.2531	-999	-999	-999	20.1
24-11-2008	0	3.9	26.6	16.2	18.8731	-999	-999	-999	20.7
25-11-2008	0.5	3.4	26	15.2	16.6131	-999	-999	-999	19.9
26-11-2008	0	3.5	24.8	13.8	17.6831	-999	-999	-999	18.6
27-11-2008	2.5	2.2	24.3	14.9	10.8731	-999	-999	-999	18.9
28-11-2008	0	2.8	26.1	16.7	13.6331	-999	-999	-999	20.7
29-11-2008	0.5	2.1	25.5	14.6	10.1631	-999	-999	-999	19.3
30-11-2008	0	1.8	24.2	15.8	8.5131	-999	-999	-999	19.3
01-12-2008	0.5	1.6	23	17.8	7.6602	-999	-999	-999	19.7
02-12-2008	0	2.8	25.3	14.1	13.9502	-999	-999	-999	19
03-12-2008	0.5	2.5	24.2	12.6	12.4302	-999	-999	-999	17.7
04-12-2008	0	4.5	26.4	14.3	22.2102	-999	-999	-999	19.6
05-12-2008	0	3.2	26.3	12.1	16.1902	-999	-999	-999	18.5
06-12-2008	1.5	2.8	25.3	15.1	13.8802	-999	-999	-999	19.5
07-12-2008	4.5	1.9	24.3	15.2	9.2002	-999	-999	-999	19
08-12-2008	0	5.8	27.5	17.2	27.9002	-999	-999	-999	21.6
09-12-2008	1.5	4.7	28.2	16.8	22.7202	-999	-999	-999	21.8
10-12-2008	0	3.2	25.7	17.4	15.6602	-999	-999	-999	20.8
11-12-2008	1.5	1.7	25.6	16.9	8.1502	-999	-999	-999	20.5
12-12-2008	0	3.1	27.2	16.7	15.0602	-999	-999	-999	21.2
13-12-2008	0	5.4	27.8	16	26.5702	-999	-999	-999	21.2
14-12-2008	0.5	3	25.9	15.2	14.4202	-999	-999	-999	19.8
15-12-2008	1	2.2	25.7	16.6	10.4802	-999	-999	-999	20.4
16-12-2008	31	2.4	25.4	16.5	11.4202	-999	-999	-999	20.2
17-12-2008	0	3.8	27	15	18.6202	-999	-999	-999	20.3
18-12-2008	0	3.5	26.1	16.5	17.0202	-999	-999	-999	20.6
19-12-2008	0	2.7	25.6	16.5	12.9102	-999	-999	-999	20.3
20-12-2008	0	3.1	27.4	15.9	14.8102	-999	-999	-999	20.9
21-12-2008	0	2.8	26.5	17.3	13.3902	-999	-999	-999	21.2
22-12-2008	0	3.2	26	16.7	15.2202	-999	-999	-999	20.6
23-12-2008	11.5	2.5	25.8	17.1	11.8302	-999	-999	-999	20.7
24-12-2008	9.5	3.2	26.1	17.4	15.1802	-999	-999	-999	21
25-12-2008	1.5	3.1	25.9	17.4	15.0102	-999	-999	-999	20.9
26-12-2008	0	3.8	25.8	16.2	18.4802	-999	-999	-999	20.3
27-12-2008	0.5	3.4	26.9	15.7	16.5102	-999	-999	-999	20.6
28-12-2008	0.5	3.3	26.8	16.1	15.7002	-999	-999	-999	20.7
29-12-2008	0	2.2	26	17.3	10.4302	-999	-999	-999	20.9
30-12-2008	0	2.5	27.5	18	11.6002	-999	-999	-999	22
31-12-2008	0	3.9	27.4	18.4	18.5802	-999	-999	-999	22.2
01-01-2009	0	5.3	28.6	17.7	25.0625	-999	-999	-999	22.5
02-01-2009	69.5	2.8	27.4	19.6	13.1525	-999	-999	-999	22.8
03-01-2009	4	3.5	27	19.8	16.3425	-999	-999	-999	22.7
04-01-2009	0.5	3.4	27.2	19	16.0325	-999	-999	-999	22.4
05-01-2009	21.5	3.1	26.5	18.3	14.5425	-999	-999	-999	21.7
06-01-2009	51.5	1.9	25.9	18.4	8.8425	-999	-999	-999	21.5
07-01-2009	19.5	1.9	25.1	18.2	8.9725	-999	-999	-999	21
08-01-2009	9.5	2	25.1	18.6	9.2525	-999	-999	-999	21.2
09-01-2009	5.5	2.6	26.7	18.1	12.1925	-999	-999	-999	21.7
10-01-2009	6.5	2.8	26.7	16.1	13.4625	-999	-999	-999	20.7
11-01-2009	2	2.8	26.1	17.3	13.1525	-999	-999	-999	21
12-01-2009	11	2.1	26.2	17	9.8025	-999	-999	-999	20.9
13-01-2009	0.5	2.5	26	16.8	11.6925	-999	-999	-999	20.7
14-01-2009	0	2.3	25.5	15.9	10.8625	-999	-999	-999	20
15-01-2009	0.5	2.8	26.4	15	13.6125	-999	-999	-999	20
16-01-2009	0.5	3.1	26.5	16.2	14.9925	-999	-999	-999	20.7
17-01-2009	0	4.8	28.4	17.4	22.9525	-999	-999	-999	22.2
18-01-2009	6	1.5	26.1	19.4	6.5325	-999	-999	-999	22.1
19-01-2009	1	2	27	19.6	9.1025	-999	-999	-999	22.6
20-01-2009	0	5.4	29.1	17.8	25.7525	-999	-999	-999	22.8
21-01-2009	0	5.6	29.6	20.4	25.8825	-999	-999	-999	24.3
22-01-2009	0	5.6	29.6	22.1	25.7825	-999	-999	-999	25.2
23-01-2009	2	3.4	26.8	19.9	15.8025	-999	-999	-999	22.7
24-01-2009	1.5	2.8	26.9	18.1	13.0625	-999	-999	-999	21.8
25-01-2009	10	2.2	27.1	18.7	10.1225	-999	-999	-999	22.2
26-01-2009	4	2	25.6	19.2	9.0925	-999	-999	-999	21.7
27-01-2009	1	1.9	25.9	17.1	8.9125	-999	-999	-999	20.8
28-01-2009	2.5	2.1	25.9	17	10.0425	-999	-999	-999	20.8
29-01-2009	4.5	3.3	26.4	17.1	15.9125	-999	-999	-999	21.1
30-01-2009	0	2.6	26.5	17	12.4625	-999	-999	-999	21.1
31-01-2009	5.5	5	27.4	17.8	24.2225	-999	-999	-999	21.9
01-02-2009	32.5	2.6	27.2	16.2	12.5373	-999	-999	-999	21
02-02-2009	0	3.8	26.4	15.8	18.7073	-999	-999	-999	20.4
03-02-2009	96	2.8	26.3	16.5	13.6473	-999	-999	-999	20.7
04-02-2009	13.5	4.7	29.1	16.6	22.6973	-999	-999	-999	22.2
05-02-2009	7.5	2.5	27.4	20	11.3973	-999	-999	-999	23
06-02-2009	23	1.6	25	19.9	7.4173	-999	-999	-999	21.8
07-02-2009	57	3.3	27.8	20.5	15.2573	-999	-999	-999	23.5
08-02-2009	96	0.4	22.3	19.7	1.5173	-999	-999	-999	20.3
09-02-2009	36	3.5	27	20.7	16.1473	-999	-999	-999	23.2
10-02-2009	0	4.9	25	18.6	23.6473	-999	-999	-999	21.1
11-02-2009	0	2.9	26.1	16.8	13.9173	-999	-999	-999	20.8
12-02-2009	3.5	2.5	26.2	16.3	11.7773	-999	-999	-999	20.6
13-02-2009	0	2.6	25.7	18	12.5473	-999	-999	-999	21.2
14-02-2009	0.5	2.5	26.7	16.7	11.9273	-999	-999	-999	21
15-02-2009	0.5	2.5	26.6	18.6	11.6773	-999	-999	-999	21.9
16-02-2009	0.5	2.3	26.1	18	10.5773	-999	-999	-999	21.4
17-02-2009	0	2.1	25.5	17.6	10.0773	-999	-999	-999	20.9
18-02-2009	5.5	3.1	27.1	17.8	14.5473	-999	-999	-999	21.8
19-02-2009	0.5	3.2	27.6	18.5	14.8873	-999	-999	-999	22.4
20-02-2009	0	2.8	26.2	18	13.3073	-999	-999	-999	21.4
21-02-2009	0	2.8	26.7	17.2	13.2173	-999	-999	-999	21.3
22-02-2009	0	2.5	26.1	17.3	11.9973	-999	-999	-999	21
23-02-2009	0	3.4	26.9	16.9	16.0773	-999	-999	-999	21.2
24-02-2009	0.5	4.6	27.3	16.5	22.1373	-999	-999	-999	21.2
25-02-2009	0	4.9	27.5	15.3	24.0373	-999	-999	-999	20.7
26-02-2009	0.5	3.2	27.6	16.1	15.4573	-999	-999	-999	21.2
27-02-2009	0	2.3	25.4	15.8	11.2073	-999	-999	-999	19.9
28-02-2009	0	5.1	27	14.4	25.5373	-999	-999	-999	20
01-03-2009	1	2.6	26	15.3	12.4238	-999	-999	-999	20
02-03-2009	0	2.9	24.7	15.3	14.2938	-999	-999	-999	19.4
03-03-2009	2	2.4	26.7	17.9	11.2838	-999	-999	-999	21.7
04-03-2009	0	4.7	27.6	18.9	22.4338	-999	-999	-999	22.6
05-03-2009	0	3.1	27.5	17.9	14.4438	-999	-999	-999	22.1
06-03-2009	0	3.7	27.6	18.3	17.7138	-999	-999	-999	22.3
07-03-2009	15	2.8	26.7	17.5	13.2738	-999	-999	-999	21.5
08-03-2009	0	3.1	26.2	18.3	14.8938	-999	-999	-999	21.6
09-03-2009	0.5	2.7	25.3	15.8	13.2438	-999	-999	-999	19.9
10-03-2009	6	2.4	25.2	15.8	11.5738	-999	-999	-999	19.9
11-03-2009	0	2.4	26.4	18.6	11.1638	-999	-999	-999	21.9
12-03-2009	0.5	1.6	25.4	17.3	7.1338	-999	-999	-999	20.7
13-03-2009	15	4.2	28.4	17.6	20.0538	-999	-999	-999	22.4
14-03-2009	0	2.6	26.2	18.9	12.2038	-999	-999	-999	21.9
15-03-2009	0	3.6	27.4	17.8	17.0738	-999	-999	-999	22
16-03-2009	0	3.3	26.4	16.9	15.9338	-999	-999	-999	21
17-03-2009	0	3.2	27.3	17	15.2638	-999	-999	-999	21.5
18-03-2009	0.5	2.2	26.8	18.7	10.1338	-999	-999	-999	22.1
19-03-2009	2	1.6	25.1	18.2	7.3138	-999	-999	-999	21
20-03-2009	1.5	2.7	27.3	18.9	12.6038	-999	-999	-999	22.5
21-03-2009	0	3.3	26.6	17.1	15.7638	-999	-999	-999	21.2
22-03-2009	0	2.8	27.2	17.7	13.3538	-999	-999	-999	21.8
23-03-2009	0	3.4	27.2	17.3	16.1238	-999	-999	-999	21.6
24-03-2009	0	4	27.5	15.7	19.3938	-999	-999	-999	21
25-03-2009	0.5	3.2	27	15.4	15.6738	-999	-999	-999	20.6
26-03-2009	0	4.1	26.8	15	20.1238	-999	-999	-999	20.3
27-03-2009	0	3.6	26.7	13.8	17.8638	-999	-999	-999	19.6
28-03-2009	2.5	2.3	26.7	16.7	10.9538	-999	-999	-999	21.1
29-03-2009	4	2.7	26	17.2	12.7138	-999	-999	-999	21
30-03-2009	11.5	2.5	25.5	17.5	11.8738	-999	-999	-999	20.9
31-03-2009	22	1.9	26.8	17.5	8.7638	-999	-999	-999	21.5
01-04-2009	2	2.6	27.2	17.1	12.4971	-999	-999	-999	21.5
02-04-2009	16.5	2.9	26.4	18.2	13.4771	-999	-999	-999	21.6
03-04-2009	2.5	2.5	26.1	17.7	11.7071	-999	-999	-999	21.2
04-04-2009	0.5	1.6	25	18.2	7.5171	-999	-999	-999	20.9
05-04-2009	12.5	2.3	26	18.1	10.7071	-999	-999	-999	21.4
06-04-2009	26	0.8	23.7	19.4	3.3571	-999	-999	-999	20.9
07-04-2009	0	4	27.5	18.4	19.0471	-999	-999	-999	22.3
08-04-2009	3	2.9	27.3	18.6	13.7571	-999	-999	-999	22.3
09-04-2009	58	1.5	26.9	18.8	6.7371	-999	-999	-999	22.2
10-04-2009	46	2	24.4	19.6	9.2571	-999	-999	-999	21.3
11-04-2009	6	3.4	25.2	20	16.0171	-999	-999	-999	21.9
12-04-2009	0	4.5	26.4	15.3	22.0871	-999	-999	-999	20.2
13-04-2009	0.5	2.7	24.7	14.6	13.3671	-999	-999	-999	19
14-04-2009	8.5	2.4	25.3	17.7	11.3571	-999	-999	-999	20.8
15-04-2009	0	3.1	26.9	17	14.8971	-999	-999	-999	21.3
16-04-2009	0	3.7	26.6	15.9	18.2471	-999	-999	-999	20.6
17-04-2009	0	2.4	25.5	16.2	11.6171	-999	-999	-999	20.2
18-04-2009	0	2.8	25.1	16.6	13.7871	-999	-999	-999	20.2
19-04-2009	0	2	24.1	14.5	10.0171	-999	-999	-999	18.6
20-04-2009	0	3.4	26.1	14.1	16.7971	-999	-999	-999	19.4
21-04-2009	0.5	2.6	25.7	15.7	12.7871	-999	-999	-999	20
22-04-2009	0	3	25.7	14.6	14.9971	-999	-999	-999	19.5
23-04-2009	0	3	24.7	14.2	15.0271	-999	-999	-999	18.8
24-04-2009	0	2	22.6	14.4	9.8671	-999	-999	-999	17.8
25-04-2009	0	3.2	23.3	12.5	16.3971	-999	-999	-999	17.2
26-04-2009	0	3	24.2	13	15.1271	-999	-999	-999	17.9
27-04-2009	0	3.1	25.8	15.3	14.9371	-999	-999	-999	19.9
28-04-2009	0	2.5	24.8	15.6	12.0571	-999	-999	-999	19.5
29-04-2009	0	2	25.4	15.9	9.5471	-999	-999	-999	20
30-04-2009	0	2.6	25.3	16	12.6371	-999	-999	-999	20
01-05-2009	0	2.4	24.6	14.3	11.7357	-999	-999	-999	18.8
02-05-2009	0	3.2	25.4	13.2	15.8557	-999	-999	-999	18.6
03-05-2009	0	3	23.9	12.4	15.4157	-999	-999	-999	17.5
04-05-2009	0	2.4	24.8	13.9	11.7657	-999	-999	-999	18.7
05-05-2009	0	3.2	25.8	13	15.8457	-999	-999	-999	18.7
06-05-2009	0	1.8	24.6	14.3	8.7557	-999	-999	-999	18.8
07-05-2009	0	3.4	24.7	15.2	16.8657	-999	-999	-999	19.3
08-05-2009	7	2	25	16.1	9.7857	-999	-999	-999	19.9
09-05-2009	12.5	2.1	24.9	15.6	10.0457	-999	-999	-999	19.6
10-05-2009	0.5	1.9	24.2	14.8	9.4457	-999	-999	-999	18.8
11-05-2009	0	2.2	25.3	14.8	10.6057	-999	-999	-999	19.4
12-05-2009	2.5	1.8	24.4	15.9	8.5257	-999	-999	-999	19.5
13-05-2009	0.5	1.1	23.4	16.9	5.1457	-999	-999	-999	19.5
14-05-2009	0	2.3	23.1	15.2	11.3357	-999	-999	-999	18.5
15-05-2009	0	2.8	22.8	13.2	14.2557	-999	-999	-999	17.3
16-05-2009	0	2.8	23.2	12.2	14.6357	-999	-999	-999	17
17-05-2009	0	2.7	23	11.4	13.7557	-999	-999	-999	16.5
18-05-2009	0	3.3	24.7	11.2	17.1557	-999	-999	-999	17.3
19-05-2009	0	3.3	23.4	12.1	17.1957	-999	-999	-999	17.1
20-05-2009	0	1.9	22.9	11.1	9.4557	-999	-999	-999	16.3
21-05-2009	2.5	1.5	22.8	12.8	7.1957	-999	-999	-999	17.1
22-05-2009	0.5	2.6	23.8	13.1	12.8457	-999	-999	-999	17.8
23-05-2009	0	2.1	23.7	14.2	10.3357	-999	-999	-999	18.3
24-05-2009	0	1.9	24.3	13.6	9.1757	-999	-999	-999	18.3
25-05-2009	0	1	21.4	15.7	4.4057	-999	-999	-999	17.9
26-05-2009	0	2.6	24.6	14.7	12.5757	-999	-999	-999	19
27-05-2009	0	2.5	25.4	13.6	12.4057	-999	-999	-999	18.8
28-05-2009	0	1.5	23.5	14	7.4457	-999	-999	-999	18.1
29-05-2009	2	3	25.1	15	14.7057	-999	-999	-999	19.4
30-05-2009	0.5	2.2	25.2	15.5	10.6757	-999	-999	-999	19.7
31-05-2009	0	2.1	24.2	14.3	10.1757	-999	-999	-999	18.6
01-06-2009	0	1.9	25.1	16.9	9.1712	-999	-999	-999	20.3
02-06-2009	0	2.8	25.6	15.3	13.8012	-999	-999	-999	19.8
03-06-2009	0	2.9	25.5	15.2	14.2312	-999	-999	-999	19.7
04-06-2009	0	1.8	24.8	13.9	8.4812	-999	-999	-999	18.7
05-06-2009	0	1.9	22.4	13.1	9.3012	-999	-999	-999	17.1
06-06-2009	0	2.2	21.5	10.1	11.6512	-999	-999	-999	15.1
07-06-2009	0	2.8	23.4	10.2	14.7812	-999	-999	-999	16.1
08-06-2009	0	1.9	21.8	11.5	9.9312	-999	-999	-999	16
09-06-2009	0.5	1.5	21.7	13.1	7.3712	-999	-999	-999	16.7
10-06-2009	0	1.9	22	12.7	9.6112	-999	-999	-999	16.7
11-06-2009	0	2.3	23.9	12.1	11.4812	-999	-999	-999	17.3
12-06-2009	0	2.4	21.9	13.5	11.9912	-999	-999	-999	17
13-06-2009	0	2.5	23.9	12.6	12.7112	-999	-999	-999	17.6
14-06-2009	0	2.6	23.3	12.7	13.4612	-999	-999	-999	17.3
15-06-2009	0	2.1	22.9	11.9	10.6112	-999	-999	-999	16.7
16-06-2009	0	1.8	22.2	11.2	9.0612	-999	-999	-999	16
17-06-2009	0	2.4	22.6	11.1	12.1612	-999	-999	-999	16.2
18-06-2009	0	2.5	21.9	11.2	13.1712	-999	-999	-999	15.9
19-06-2009	0	1.8	21.4	11.4	9.3812	-999	-999	-999	15.7
20-06-2009	0	1.8	21.3	10.4	9.3812	-999	-999	-999	15.2
21-06-2009	0	2.1	22.2	10.4	10.7312	-999	-999	-999	15.6
22-06-2009	0	2.2	22.7	11.7	11.1512	-999	-999	-999	16.5
23-06-2009	0	2.1	22.4	12	10.9512	-999	-999	-999	16.5
24-06-2009	0	3	23.1	11.5	15.6512	-999	-999	-999	16.6
25-06-2009	2	1.5	22.4	13.2	7.6212	-999	-999	-999	17.1
26-06-2009	0	2.4	23.6	14.1	11.7012	-999	-999	-999	18.2
27-06-2009	9.5	2.9	24.6	16.2	14.0812	-999	-999	-999	19.7
28-06-2009	1.5	1.2	21.5	15.1	5.7312	-999	-999	-999	17.6
29-06-2009	26	3.1	22.9	13.9	15.6612	-999	-999	-999	17.7
30-06-2009	0	1.4	17.9	14.1	7.0012	-999	-999	-999	15.3
01-07-2009	0	2	20.8	9.2	10.6287	-999	-999	-999	14.3
02-07-2009	0	2	22	9.4	10.2987	-999	-999	-999	15
03-07-2009	0	2.6	22.1	9.4	13.7687	-999	-999	-999	15.1
04-07-2009	0	1.4	19.1	10	7.0787	-999	-999	-999	13.9
05-07-2009	0	1.8	21.4	10.6	9.5487	-999	-999	-999	15.3
06-07-2009	0.5	2.3	20.8	10	12.3187	-999	-999	-999	14.7
07-07-2009	0	2.2	20	10	11.5687	-999	-999	-999	14.3
08-07-2009	0	2.3	21	9.1	12.4687	-999	-999	-999	14.4
09-07-2009	0	1.8	20.3	9.2	9.7887	-999	-999	-999	14.1
10-07-2009	0	2.5	20.9	9.9	13.5087	-999	-999	-999	14.7
11-07-2009	0	2	20.9	10.4	10.2987	-999	-999	-999	15
12-07-2009	0	1.3	20.8	11.2	6.3087	-999	-999	-999	15.3
13-07-2009	0	1.8	21.1	11.2	9.0087	-999	-999	-999	15.5
14-07-2009	0	2.1	20.8	11.5	10.8087	-999	-999	-999	15.5
15-07-2009	0	2	20.9	10.3	10.6487	-999	-999	-999	14.9
16-07-2009	0	2.1	21.9	11.3	10.6987	-999	-999	-999	15.9
17-07-2009	0	2.3	21.9	10.6	12.2987	-999	-999	-999	15.6
18-07-2009	0	2.9	22.7	10.9	15.4387	-999	-999	-999	16.1
19-07-2009	5	1	19.4	11.2	4.6987	-999	-999	-999	14.6
20-07-2009	0	1.8	21	12	9.3287	-999	-999	-999	15.8
21-07-2009	0	1.9	21.7	10.9	9.5387	-999	-999	-999	15.6
22-07-2009	0	3.1	22.8	11.5	15.9387	-999	-999	-999	16.5
23-07-2009	0.5	1.5	22.2	14.3	7.3087	-999	-999	-999	17.6
24-07-2009	0	2.4	22.5	14.8	11.9587	-999	-999	-999	18
25-07-2009	0	1.9	22.7	12.7	9.4787	-999	-999	-999	17
26-07-2009	0	1.4	21.5	12.3	7.2087	-999	-999	-999	16.2
27-07-2009	0	3	23.7	11.9	15.4087	-999	-999	-999	17.1
28-07-2009	0	1.6	22.4	13	7.8287	-999	-999	-999	17
29-07-2009	2.5	2.1	21.6	12.5	10.7487	-999	-999	-999	16.4
30-07-2009	0	2.3	21.4	11.9	12.1187	-999	-999	-999	16
31-07-2009	0	2.3	23	12	11.5287	-999	-999	-999	16.8
01-08-2009	0	2.8	23.3	12.5	14.5864	-999	-999	-999	17.2
02-08-2009	0	2	21.7	11.6	10.1364	-999	-999	-999	15.9
03-08-2009	0	1.3	18.7	9.4	6.5664	-999	-999	-999	13.3
04-08-2009	0	1.8	19.1	9.6	9.8164	-999	-999	-999	13.6
05-08-2009	0	1.4	19.1	10.2	7.5164	-999	-999	-999	13.9
06-08-2009	0.5	1.8	21.1	9.4	9.2664	-999	-999	-999	14.5
07-08-2009	0	2.4	22	10	12.4764	-999	-999	-999	15.3
08-08-2009	0	3.5	22.4	10.4	18.6364	-999	-999	-999	15.7
09-08-2009	0	2.4	22.2	10.8	12.6664	-999	-999	-999	15.8
10-08-2009	0	3	22.6	10.4	16.0864	-999	-999	-999	15.8
11-08-2009	0	2.5	22	9.3	13.4964	-999	-999	-999	14.9
12-08-2009	0	2.9	21.8	10.1	15.6664	-999	-999	-999	15.2
13-08-2009	0	3.6	21	9.2	19.4764	-999	-999	-999	14.4
14-08-2009	0	2.1	22	10.7	11.0364	-999	-999	-999	15.6
15-08-2009	4.5	2.4	20.8	11.8	12.6964	-999	-999	-999	15.6
16-08-2009	0	3.2	21	9.6	17.4564	-999	-999	-999	14.6
17-08-2009	0.5	1.7	19.9	11.9	8.9264	-999	-999	-999	15.2
18-08-2009	33.5	1.3	20.7	11.5	6.6264	-999	-999	-999	15.4
19-08-2009	18.5	1.6	20.8	12.6	8.2364	-999	-999	-999	16
20-08-2009	0	2	20.6	13.1	10.5064	-999	-999	-999	16.1
21-08-2009	0	2.3	20.9	13	11.7264	-999	-999	-999	16.2
22-08-2009	0	3.1	21.4	11.9	16.1764	-999	-999	-999	15.9
23-08-2009	0	1.8	20.2	11.7	9.5164	-999	-999	-999	15.2
24-08-2009	0	2.4	21.6	11.1	12.6364	-999	-999	-999	15.6
25-08-2009	0	3.3	22.3	10.9	17.2364	-999	-999	-999	15.9
26-08-2009	0	2.7	20.9	12.1	14.3464	-999	-999	-999	15.8
27-08-2009	0	1.7	21.9	11.1	8.7964	-999	-999	-999	15.8
28-08-2009	0.5	1.9	21.9	11.1	9.5264	-999	-999	-999	15.8
29-08-2009	0	3.4	22.6	11.4	17.6464	-999	-999	-999	16.3
30-08-2009	0	2.1	21.3	10.1	10.8664	-999	-999	-999	15
31-08-2009	0	2.3	21.3	11	11.9264	-999	-999	-999	15.4
01-09-2009	0	2.6	22.5	11.4	13.4859	-999	-999	-999	16.2
02-09-2009	6	2	23	11.6	10.2059	-999	-999	-999	16.6
03-09-2009	0	1.9	21.8	12.1	9.5859	-999	-999	-999	16.2
04-09-2009	0	2.1	20.7	12.4	10.7759	-999	-999	-999	15.8
05-09-2009	0	3.2	22.1	10.5	16.9459	-999	-999	-999	15.6
06-09-2009	0	3.7	22.2	11.4	19.7959	-999	-999	-999	16.1
07-09-2009	0	2.4	21.7	11.2	12.3159	-999	-999	-999	15.7
08-09-2009	0	2.6	21.4	11.2	13.5659	-999	-999	-999	15.6
09-09-2009	0	3.5	23.1	10.9	18.3159	-999	-999	-999	16.3
10-09-2009	0	3.1	22.6	11	16.4059	-999	-999	-999	16.1
11-09-2009	0	2.1	21.7	11.3	10.8659	-999	-999	-999	15.8
12-09-2009	0	3.8	22.7	9.7	20.3059	-999	-999	-999	15.5
13-09-2009	0	3.6	21.9	11.2	19.3659	-999	-999	-999	15.8
14-09-2009	0	3.2	22.1	11.3	17.0559	-999	-999	-999	16
15-09-2009	0	2.3	21.7	11.1	12.0759	-999	-999	-999	15.7
16-09-2009	0	2.2	21.5	12.2	11.4959	-999	-999	-999	16.1
17-09-2009	0	1.7	20.8	10.5	9.0559	-999	-999	-999	14.9
18-09-2009	0	3.5	23.2	11.7	18.4159	-999	-999	-999	16.7
19-09-2009	0	2.2	21.4	11.6	11.5459	-999	-999	-999	15.8
20-09-2009	1	2.4	22.1	11.8	12.1559	-999	-999	-999	16.2
21-09-2009	0	3.5	22.2	13.2	18.0059	-999	-999	-999	17
22-09-2009	0	2.2	22.9	12.3	10.9259	-999	-999	-999	16.9
23-09-2009	0.5	2.4	22.1	11.2	12.6759	-999	-999	-999	15.9
24-09-2009	0	3	23.3	11.9	15.4259	-999	-999	-999	16.9
25-09-2009	0.5	1.3	21.7	12.9	6.5759	-999	-999	-999	16.6
26-09-2009	2.5	1.7	21.7	13.1	8.5259	-999	-999	-999	16.7
27-09-2009	0.5	2	21.4	12	10.0659	-999	-999	-999	16
28-09-2009	0	1.9	19.9	10.5	10.3159	-999	-999	-999	14.5
29-09-2009	0	2.9	21.8	10.8	15.1059	-999	-999	-999	15.6
30-09-2009	0	2.7	20.9	9.5	14.4759	-999	-999	-999	14.5
01-10-2009	0	2.8	22	12	14.4821	-999	-999	-999	16.3
02-10-2009	0	1.9	20.6	9.9	9.8221	-999	-999	-999	14.5
03-10-2009	0	2.3	22	11.1	11.7321	-999	-999	-999	15.8
04-10-2009	0	1.9	21.1	10.7	9.7721	-999	-999	-999	15.2
05-10-2009	0	2.8	23.9	11.5	14.6221	-999	-999	-999	17
06-10-2009	0	3.4	24.6	13.3	17.1121	-999	-999	-999	18.2
07-10-2009	0.5	1.7	23.8	13.4	8.3521	-999	-999	-999	17.9
08-10-2009	0	2.3	25.9	14	11.3321	-999	-999	-999	19.2
09-10-2009	6	1.4	22.7	14	6.9621	-999	-999	-999	17.6
10-10-2009	1.5	1.6	21.6	13	8.1821	-999	-999	-999	16.6
11-10-2009	0	2.5	23.3	12.3	13.0021	-999	-999	-999	17.1
12-10-2009	1.5	2.6	23.1	12.4	13.0521	-999	-999	-999	17
13-10-2009	0	1.8	23	12.5	9.2421	-999	-999	-999	17
14-10-2009	0	2.7	24	12.1	13.8121	-999	-999	-999	17.3
15-10-2009	10.5	1.7	22.1	11.9	8.4321	-999	-999	-999	16.3
16-10-2009	0	2	22	12.5	10.2421	-999	-999	-999	16.5
17-10-2009	0	1.7	21.9	12.1	8.7321	-999	-999	-999	16.3
18-10-2009	0	3.7	23.2	11.8	19.0621	-999	-999	-999	16.8
19-10-2009	0	2	23.4	12.5	10.2021	-999	-999	-999	17.2
20-10-2009	0	3.4	25.5	12.3	17.2021	-999	-999	-999	18.2
21-10-2009	0	3	25.3	12	14.9821	-999	-999	-999	17.9
22-10-2009	0	3.8	25.8	13.9	19.0721	-999	-999	-999	19.1
23-10-2009	0	2.5	24.8	12.6	12.6321	-999	-999	-999	18
24-10-2009	0	2.6	22.7	15.3	13.0121	-999	-999	-999	18.3
25-10-2009	0	2.2	23.3	12.8	11.3221	-999	-999	-999	17.3
26-10-2009	0	1.8	22.1	14.6	8.6821	-999	-999	-999	17.6
27-10-2009	0	2.1	22.5	12.6	10.4821	-999	-999	-999	16.8
28-10-2009	0.5	2.9	24	12.2	14.8421	-999	-999	-999	17.4
29-10-2009	0	4.7	28.1	15.7	22.6921	-999	-999	-999	21.2
30-10-2009	0	3.6	24.6	13.7	18.1621	-999	-999	-999	18.4
31-10-2009	0	3.1	26.3	14.1	15.1321	-999	-999	-999	19.5
01-11-2009	0.5	2.8	24.6	14.1	13.9731	-999	-999	-999	18.6
02-11-2009	0	2.9	25.6	15.1	14.1331	-999	-999	-999	19.6
03-11-2009	34.5	2.1	23.8	14.1	10.2931	-999	-999	-999	18.2
04-11-2009	0	4.2	25.2	12.8	21.2331	-999	-999	-999	18.3
05-11-2009	5.5	4.4	26.6	14.9	21.8131	-999	-999	-999	20
06-11-2009	45	1	23	17	4.2431	-999	-999	-999	19.3
07-11-2009	69.5	0.6	21.5	16.4	2.7231	-999	-999	-999	18.2
08-11-2009	0	5.3	24.6	15.2	26.9531	-999	-999	-999	19.2
09-11-2009	0	4.1	22.7	11.5	21.3931	-999	-999	-999	16.4
10-11-2009	0	4.2	25.5	13.1	21.2531	-999	-999	-999	18.6
11-11-2009	1	2.1	23.6	14.5	10.4131	-999	-999	-999	18.3
12-11-2009	0	4.2	25.4	14.2	21.1831	-999	-999	-999	19.1
13-11-2009	0	2.3	24.6	14.1	11.5331	-999	-999	-999	18.6
14-11-2009	0.5	1.9	23.6	14.5	9.3131	-999	-999	-999	18.3
15-11-2009	0	3	24.4	13.7	15.2731	-999	-999	-999	18.3
16-11-2009	2.5	2.6	23.8	13.8	13.2731	-999	-999	-999	18.1
17-11-2009	0	3.4	24	13.3	17.0931	-999	-999	-999	17.9
18-11-2009	1	3.2	26	14.1	15.9531	-999	-999	-999	19.3
19-11-2009	0	2.6	24.1	15.6	13.0231	-999	-999	-999	19.1
20-11-2009	0	4.5	26.6	15.1	22.3031	-999	-999	-999	20.1
21-11-2009	0	3.9	24.7	16.8	19.0031	-999	-999	-999	20
22-11-2009	0	3	22	10.5	15.7231	-999	-999	-999	15.5
23-11-2009	0	2.3	21.9	13.7	11.7431	-999	-999	-999	17.1
24-11-2009	0	5.1	25.4	12	26.4131	-999	-999	-999	18
25-11-2009	0.5	1.7	23.8	14.5	8.3031	-999	-999	-999	18.4
26-11-2009	0	1.9	23.2	14.7	9.5431	-999	-999	-999	18.2
27-11-2009	0.5	2.1	24.3	15.6	10.3931	-999	-999	-999	19.2
28-11-2009	0	3.6	25.9	16.2	17.5931	-999	-999	-999	20.3
29-11-2009	0	2.7	26.7	17.1	12.8531	-999	-999	-999	21.2
30-11-2009	0	3.7	26.2	14.7	18.0931	-999	-999	-999	19.7
01-12-2009	1	2.1	24.2	13.9	10.4902	-999	-999	-999	18.3
02-12-2009	0	1.8	23.9	14.8	8.9602	-999	-999	-999	18.6
03-12-2009	0	2.5	26.6	15.3	12.1802	-999	-999	-999	20.2
04-12-2009	0.5	2.9	26.7	16.2	14.0102	-999	-999	-999	20.7
05-12-2009	0	2.9	26.4	17.2	14.0502	-999	-999	-999	21.1
06-12-2009	27	1.6	24.6	17.5	7.5202	-999	-999	-999	20.3
07-12-2009	6.5	2.5	25.1	17.6	11.7702	-999	-999	-999	20.6
08-12-2009	6	3	25.4	18.2	14.1202	-999	-999	-999	21.1
09-12-2009	22.5	1.6	23.9	17.6	7.6002	-999	-999	-999	20
10-12-2009	1	2.3	24	18.3	10.8802	-999	-999	-999	20.4
11-12-2009	1.5	2	24	15.2	9.5402	-999	-999	-999	18.9
12-12-2009	0	4.4	26.8	14.4	22.0602	-999	-999	-999	19.9
13-12-2009	0	3.8	26.2	14.8	18.7702	-999	-999	-999	19.8
14-12-2009	0	5.5	26.6	14.4	27.6202	-999	-999	-999	19.8
15-12-2009	0	3.8	27.1	14.9	18.4102	-999	-999	-999	20.3
16-12-2009	0	3.9	27.4	15	19.1802	-999	-999	-999	20.5
17-12-2009	1	2.2	26.6	15.4	10.7202	-999	-999	-999	20.3
18-12-2009	0	4.5	28.2	16.7	21.8402	-999	-999	-999	21.7
19-12-2009	0	2.7	27.7	16.9	12.9802	-999	-999	-999	21.6
20-12-2009	0	2.9	26.5	16.2	13.9902	-999	-999	-999	20.6
21-12-2009	18	2.2	24	16.4	10.4102	-999	-999	-999	19.5
22-12-2009	0.5	2.4	25.8	14.9	11.5502	-999	-999	-999	19.6
23-12-2009	0	2.7	25.1	15.4	13.2502	-999	-999	-999	19.5
24-12-2009	0	3.7	25.6	14.7	18.3402	-999	-999	-999	19.4
25-12-2009	1	3.3	26.2	15.2	16.0702	-999	-999	-999	20
26-12-2009	9	2.8	25.4	15.2	13.4902	-999	-999	-999	19.6
27-12-2009	0.5	3.9	27.1	14.9	18.9302	-999	-999	-999	20.3
28-12-2009	0	3.3	26.7	15.5	16.1902	-999	-999	-999	20.4
29-12-2009	9.5	3.9	28	15.3	19.1502	-999	-999	-999	20.9
30-12-2009	10	2.9	28	19.7	13.2802	-999	-999	-999	23.1
31-12-2009	1.5	4.4	28.1	19.4	20.9402	-999	-999	-999	23
01-01-2010	0.5	1.7	25.5	17.8	8.0473	-999	-999	-999	20.9
02-01-2010	0	4.6	27.4	16.2	22.4573	-999	-999	-999	21.1
03-01-2010	20.5	3.2	28.1	17.8	14.9073	-999	-999	-999	22.3
04-01-2010	1.5	2.1	26.2	19.4	9.5873	-999	-999	-999	22.1
05-01-2010	0	4.9	27.9	19.5	23.0573	-999	-999	-999	23
06-01-2010	1.5	5.1	27.9	19.7	24.3073	-999	-999	-999	23.1
07-01-2010	0.5	1.4	24	19.6	6.5173	-999	-999	-999	21.1
08-01-2010	0.5	1.5	25.3	19	6.7673	-999	-999	-999	21.5
09-01-2010	7.5	2	25.5	19.4	9.2273	-999	-999	-999	21.8
10-01-2010	0	1.8	25	19.2	8.3173	-999	-999	-999	21.4
11-01-2010	1	1.2	24.3	19.1	5.3473	-999	-999	-999	21
12-01-2010	1	1.3	25.1	18.5	5.7573	-999	-999	-999	21.1
13-01-2010	1	1.6	27.3	18.6	7.3373	-999	-999	-999	22.3
14-01-2010	0	2.8	27.7	19.6	12.9873	-999	-999	-999	23
15-01-2010	1	2.5	27.9	20.7	11.4473	-999	-999	-999	23.6
16-01-2010	64	3	27.6	20.5	13.9673	-999	-999	-999	23.4
17-01-2010	14.5	2	24.6	20	9.4373	-999	-999	-999	21.6
18-01-2010	0	5.6	26.4	15.2	27.9873	-999	-999	-999	20.1
19-01-2010	0	4.5	27.5	15.8	21.8673	-999	-999	-999	21
20-01-2010	0	5.2	27.4	17.1	24.9473	-999	-999	-999	21.6
21-01-2010	0	3.7	28.1	16.9	17.5973	-999	-999	-999	21.8
22-01-2010	2.5	3.1	27.2	17.2	14.8073	-999	-999	-999	21.5
23-01-2010	0	3.3	26.6	17.9	15.7673	-999	-999	-999	21.6
24-01-2010	22.5	2.7	26	17.9	12.9373	-999	-999	-999	21.3
25-01-2010	1	2.3	26.5	17.7	10.8873	-999	-999	-999	21.4
26-01-2010	0.5	3.3	28	18.7	15.3173	-999	-999	-999	22.7
27-01-2010	1.5	2.6	27	18.5	12.2073	-999	-999	-999	22.1
28-01-2010	0	4.3	27.5	18.6	20.5373	-999	-999	-999	22.4
29-01-2010	0	5.1	26.5	18.4	24.4238	-999	-999	-999	21.8
30-01-2010	0	4.5	26	18	21.9238	-999	-999	-999	21.3
31-01-2010	0	3.7	26.5	18.5	17.4238	-999	-999	-999	21.8
01-02-2010	0	3.1	28	19	14.4238	-999	-999	-999	22.8
02-02-2010	49.5	4.5	28.2	18.7	21.1138	-999	-999	-999	22.8
03-02-2010	171	3.7	27.6	20	17.4638	-999	-999	-999	23.1
04-02-2010	16	4.5	27.8	19.8	20.9738	-999	-999	-999	23.1
05-02-2010	0	4.4	27.7	19.2	20.5638	-999	-999	-999	22.8
06-02-2010	0	4.6	28.7	15.7	21.9838	-999	-999	-999	21.5
07-02-2010	0.5	2.8	28.5	18.1	12.7738	-999	-999	-999	22.6
08-02-2010	0.5	2.3	26.3	19.5	10.7138	-999	-999	-999	22.2
09-02-2010	0	3	28.1	20	13.5738	-999	-999	-999	23.4
10-02-2010	0	2.5	26.4	17.6	11.9338	-999	-999	-999	21.3
11-02-2010	0	4	27.7	17.6	19.2338	-999	-999	-999	22
12-02-2010	11	2.3	26.1	20.5	10.4238	-999	-999	-999	22.6
13-02-2010	11.5	2.6	27.1	19.1	11.9638	-999	-999	-999	22.4
14-02-2010	5	4.2	27.9	18.8	19.9738	-999	-999	-999	22.7
15-02-2010	4.5	2.2	25.7	17.2	10.1938	-999	-999	-999	20.8
16-02-2010	13.5	2.4	26.4	17.6	11.3038	-999	-999	-999	21.3
17-02-2010	0	3.3	26.1	17.7	15.9538	-999	-999	-999	21.2
18-02-2010	1.5	2.9	26.4	17	13.9838	-999	-999	-999	21
19-02-2010	1.5	3	26.8	16.3	14.6338	-999	-999	-999	20.9
20-02-2010	3	2.4	25.7	17.2	11.3038	-999	-999	-999	20.8
21-02-2010	0	4.3	28.5	16.7	20.6338	-999	-999	-999	21.9
22-02-2010	0	3.1	26.4	16.5	15.0538	-999	-999	-999	20.8
23-02-2010	0.5	4.2	28.4	17.7	20.0638	-999	-999	-999	22.4
24-02-2010	0	3.4	26	19	16.1038	-999	-999	-999	21.8
25-02-2010	0.5	4.5	30	17.2	21.0838	-999	-999	-999	22.9
26-02-2010	0	2.3	27.7	19.5	10.3438	-999	-999	-999	22.9
27-02-2010	0	2.2	27.6	18.2	10.2138	-999	-999	-999	22.2
28-02-2010	3	2	26.4	17.7	9.0438	-999	-999	-999	21.4
01-03-2010	2	2.1	26.6	18.4	9.7971	-999	-999	-999	21.8
02-03-2010	4	2.9	28	18.3	13.3771	-999	-999	-999	22.5
03-03-2010	16	2	26.6	18.6	9.3071	-999	-999	-999	22
04-03-2010	0	2.5	24.5	19.1	12.0271	-999	-999	-999	21.2
05-03-2010	9.5	1.5	25	19.8	6.6171	-999	-999	-999	21.8
06-03-2010	5	3.2	27.8	18.5	15.2271	-999	-999	-999	22.5
07-03-2010	43.5	0.6	24.2	18.8	2.5071	-999	-999	-999	20.9
08-03-2010	0	4	28.6	19.4	18.6171	-999	-999	-999	23.4
09-03-2010	3.5	4.2	31	18.9	19.2271	-999	-999	-999	24.3
10-03-2010	4.5	1.4	26.5	20.8	6.0771	-999	-999	-999	23
11-03-2010	0	4.6	28.9	17.7	21.7571	-999	-999	-999	22.7
12-03-2010	0	2.7	26.8	15	13.2871	-999	-999	-999	20.3
13-03-2010	0	3.7	26.8	15.9	18.1471	-999	-999	-999	20.7
14-03-2010	0	3.7	28.4	16.6	17.5371	-999	-999	-999	21.9
15-03-2010	0	3.6	28.3	17.6	16.8271	-999	-999	-999	22.3
16-03-2010	0	4.5	28.5	16.8	21.3371	-999	-999	-999	22
17-03-2010	94	1.1	25	17.8	4.7671	-999	-999	-999	20.8
18-03-2010	17	2.5	26.6	20.1	11.3971	-999	-999	-999	22.7
19-03-2010	0.5	3.6	29.2	20.1	16.3771	-999	-999	-999	24
20-03-2010	17.5	1.2	26.5	19.4	5.2971	-999	-999	-999	22.3
21-03-2010	0	4	28.3	17.2	19.1471	-999	-999	-999	22.1
22-03-2010	3	2.7	27.8	17.3	12.4671	-999	-999	-999	21.9
23-03-2010	10	2.3	25.8	17.4	11.0771	-999	-999	-999	21
24-03-2010	0	3.6	27.2	18.5	17.1971	-999	-999	-999	22.2
25-03-2010	0	3.7	28.1	17.5	17.3271	-999	-999	-999	22.2
26-03-2010	0	2.7	28	18.7	12.5271	-999	-999	-999	22.7
27-03-2010	0	2.6	26.5	16.5	12.2271	-999	-999	-999	20.9
28-03-2010	0	3	27	16.5	14.5271	-999	-999	-999	21.1
29-03-2010	0	2.8	26.4	15.7	13.7571	-999	-999	-999	20.4
30-03-2010	18.5	2	26.2	16.4	9.3871	-999	-999	-999	20.7
31-03-2010	0	2.8	25.5	16.2	13.3857	-999	-999	-999	20.2
01-04-2010	0	4.3	28	15.3	20.8857	-999	-999	-999	21
02-04-2010	0	3.9	27.5	17.5	18.6657	-999	-999	-999	21.8
03-04-2010	0.5	3	27.6	17.1	14.0757	-999	-999	-999	21.7
04-04-2010	0	3.4	26.7	15.5	16.5857	-999	-999	-999	20.4
05-04-2010	8	1.9	26.4	16.7	8.8557	-999	-999	-999	20.9
06-04-2010	0	2.3	25.7	15.5	11.0457	-999	-999	-999	19.9
07-04-2010	0	2.4	26	16.2	11.5957	-999	-999	-999	20.4
08-04-2010	0.5	2.7	26	15.5	13.1857	-999	-999	-999	20.1
09-04-2010	0	3.2	26.7	14.4	15.6257	-999	-999	-999	19.9
10-04-2010	0	2.1	25.6	16.5	9.7557	-999	-999	-999	20.4
11-04-2010	0	3.2	26	14.7	15.5957	-999	-999	-999	19.7
12-04-2010	0	4	27.5	15.2	19.7257	-999	-999	-999	20.7
13-04-2010	0.5	2.5	27.2	15.4	11.8757	-999	-999	-999	20.6
14-04-2010	0.5	2.2	25.7	15.8	10.3957	-999	-999	-999	20.1
15-04-2010	0	2.6	25	14.1	12.5957	-999	-999	-999	18.9
16-04-2010	0	1.9	25.5	13.8	9.1057	-999	-999	-999	19
17-04-2010	0	2.8	26.3	15	13.6757	-999	-999	-999	20
18-04-2010	0	2	26	15.3	9.3957	-999	-999	-999	20
19-04-2010	0.5	3.2	26.5	14.9	15.8757	-999	-999	-999	20
20-04-2010	0	3.5	28.1	15.8	16.8757	-999	-999	-999	21.3
21-04-2010	0	2.4	26.5	16.2	11.4957	-999	-999	-999	20.7
22-04-2010	0	2.8	27.2	17.4	13.2057	-999	-999	-999	21.6
23-04-2010	0	2.5	26.7	17.1	12.0557	-999	-999	-999	21.2
24-04-2010	0	4	27.5	15.2	19.5957	-999	-999	-999	20.7
25-04-2010	7	2.1	25	14.5	10.3257	-999	-999	-999	19.1
26-04-2010	0.5	2.2	24.7	14.3	10.9957	-999	-999	-999	18.8
27-04-2010	0	3.2	26.8	14.5	15.8157	-999	-999	-999	20
28-04-2010	0	2.6	26.2	16.2	12.3757	-999	-999	-999	20.5
29-04-2010	0	3.2	26.3	15.7	15.4557	-999	-999	-999	20.3
30-04-2010	0	2.9	26.7	15.6	13.9357	-999	-999	-999	20.5
01-05-2010	9.5	3.1	27.2	15.7	15.1712	-999	-999	-999	20.8
02-05-2010	26	1	23.1	18.5	4.5712	-999	-999	-999	20.1
03-05-2010	0	2.3	27.3	15.8	10.6412	-999	-999	-999	20.9
04-05-2010	0	2.2	26.9	16.4	10.5612	-999	-999	-999	21
05-05-2010	0	2	26.6	16.6	9.5912	-999	-999	-999	20.9
06-05-2010	1	2.1	25.6	15.9	9.8112	-999	-999	-999	20.1
07-05-2010	0	2.4	25.7	14.3	11.8212	-999	-999	-999	19.3
08-05-2010	0	3.3	26.6	15.5	16.2312	-999	-999	-999	20.4
09-05-2010	0	2.5	26.4	15	12.2612	-999	-999	-999	20
10-05-2010	0	2.7	25.1	14.5	13.5212	-999	-999	-999	19.1
11-05-2010	0	1.9	25.4	15.1	8.8712	-999	-999	-999	19.6
12-05-2010	0	3.1	26.3	15.3	15.2812	-999	-999	-999	20.1
13-05-2010	0.5	2.2	26	14.4	10.4112	-999	-999	-999	19.5
14-05-2010	0.5	3.2	23.4	15.5	16.2212	-999	-999	-999	18.8
15-05-2010	2	3.4	22.9	13.2	17.3812	-999	-999	-999	17.4
16-05-2010	0	2.5	23.5	13	12.5212	-999	-999	-999	17.6
17-05-2010	0	2.9	26.5	14.8	14.0312	-999	-999	-999	20
18-05-2010	0	2.5	25.8	15.7	12.2812	-999	-999	-999	20.1
19-05-2010	0	2.2	25.8	16.3	10.5312	-999	-999	-999	20.4
20-05-2010	0	2.3	25.4	15.3	11.1812	-999	-999	-999	19.7
21-05-2010	0	2.3	24.9	14.6	11.2712	-999	-999	-999	19.1
22-05-2010	0	1.8	25	14.9	8.5812	-999	-999	-999	19.3
23-05-2010	0.5	2.4	24.2	13.6	12.1212	-999	-999	-999	18.2
24-05-2010	0	2.5	24.6	13.1	12.4312	-999	-999	-999	18.2
25-05-2010	0	2.2	24.6	14.5	10.6712	-999	-999	-999	18.9
26-05-2010	0	2.1	25.6	13.8	10.3812	-999	-999	-999	19
27-05-2010	0.5	3.1	26.1	15.4	14.8812	-999	-999	-999	20.1
28-05-2010	0	2	25.3	14.6	9.8612	-999	-999	-999	19.3
29-05-2010	0	2.6	25.4	14.7	12.8112	-999	-999	-999	19.4
30-05-2010	1	2.1	26.1	15.6	10.0812	-999	-999	-999	20.2
31-05-2010	0	2.5	25.1	14.7	12.0487	-999	-999	-999	19.2
01-06-2010	0	2.4	24.7	15.1	11.5387	-999	-999	-999	19.2
02-06-2010	0	2.6	24.8	13	13.2187	-999	-999	-999	18.2
03-06-2010	53	2.2	25	14.9	10.9187	-999	-999	-999	19.3
04-06-2010	0	3	25.4	15.7	14.7987	-999	-999	-999	19.9
05-06-2010	0	3.2	26.1	13.9	15.7687	-999	-999	-999	19.3
06-06-2010	0	2.8	25.4	12.2	14.2187	-999	-999	-999	18.1
07-06-2010	0.5	2.8	24.9	13.7	14.1987	-999	-999	-999	18.6
08-06-2010	0	1.7	22.6	12.2	8.5387	-999	-999	-999	16.7
09-06-2010	0	2.1	23.4	11.2	10.8687	-999	-999	-999	16.6
10-06-2010	0	1.5	22.2	12.9	7.4387	-999	-999	-999	16.9
11-06-2010	0	1.2	22.6	12.8	5.8787	-999	-999	-999	17
12-06-2010	0	1.6	22.6	13	8.0987	-999	-999	-999	17.1
13-06-2010	0	1.6	23.2	12.2	7.8487	-999	-999	-999	17
14-06-2010	0	3	23.8	10.2	15.5687	-999	-999	-999	16.3
15-06-2010	0	2.4	24.7	11.6	12.1787	-999	-999	-999	17.5
16-06-2010	0	1.7	22.8	13.2	8.1387	-999	-999	-999	17.3
17-06-2010	0	3.1	25.5	12.9	15.7887	-999	-999	-999	18.5
18-06-2010	0	2.7	24.1	14.2	13.7187	-999	-999	-999	18.5
19-06-2010	0	2.2	23.7	13.1	11.2087	-999	-999	-999	17.7
20-06-2010	0	2.1	23.4	12.4	10.3887	-999	-999	-999	17.2
21-06-2010	0	1.7	23	12.6	8.5187	-999	-999	-999	17.1
22-06-2010	2	1.8	23.4	13.3	8.7187	-999	-999	-999	17.7
23-06-2010	0	1.6	22	12.7	8.1187	-999	-999	-999	16.7
24-06-2010	0	1.9	24.5	12.7	9.2287	-999	-999	-999	17.9
25-06-2010	2	1.4	22.5	13.7	6.5587	-999	-999	-999	17.4
26-06-2010	0	2	23.9	14.2	9.7587	-999	-999	-999	18.4
27-06-2010	0	2.3	22.3	11.7	11.5887	-999	-999	-999	16.3
28-06-2010	0	2.8	23.1	10.7	14.6087	-999	-999	-999	16.2
29-06-2010	0	2	22.2	12	10.2387	-999	-999	-999	16.4
30-06-2010	0	1.6	20.8	10.1	8.3387	-999	-999	-999	14.8
01-07-2010	0	1.6	19.8	10.4	8.1364	-999	-999	-999	14.4
02-07-2010	0	1.8	20.8	9.9	9.2164	-999	-999	-999	14.7
03-07-2010	0	2.7	21.1	10.1	14.2164	-999	-999	-999	14.9
04-07-2010	0	1.8	20.5	10.1	9.5964	-999	-999	-999	14.6
05-07-2010	0	2.3	21.4	9.5	12.0064	-999	-999	-999	14.8
06-07-2010	0	2.2	21.8	10.3	11.4664	-999	-999	-999	15.4
07-07-2010	0	2.9	22.7	9.7	15.4164	-999	-999	-999	15.5
08-07-2010	0	1.8	22.7	12	9.0864	-999	-999	-999	16.7
09-07-2010	0	1.4	19.8	10.3	7.1464	-999	-999	-999	14.4
10-07-2010	36	1	19.6	12.1	4.6964	-999	-999	-999	15.2
11-07-2010	0	1.9	21.3	11.1	10.0664	-999	-999	-999	15.5
