date	rr	etp	tx	tn	rg	ux	un	vt	tm
01-12-2010	0.6	3.35	30.1	24.1	16.78	-999	-999	-999	26.84
02-12-2010	2.4	3.2	27.2	21.6	15.67	-999	-999	-999	24.25
03-12-2010	0.2	3.34	26.8	21.2	16.75	-999	-999	-999	23.89
04-12-2010	0	3.02	27	21.4	14.3	-999	-999	-999	24.13
05-12-2010	0.2	2.67	27.4	21.8	11.7	-999	-999	-999	24.45
06-12-2010	6.6	2.44	28.3	22.6	10.01	-999	-999	-999	25.3
07-12-2010	51.4	1.94	27.7	22.1	6.27	-999	-999	-999	24.75
08-12-2010	7.6	2.86	28.8	23	13.1	-999	-999	-999	25.68
09-12-2010	3.4	2.88	29.4	23.6	13.31	-999	-999	-999	26.29
10-12-2010	2.4	2.91	28.9	23.1	13.52	-999	-999	-999	25.84
11-12-2010	3	2.72	27.5	21.8	12.09	-999	-999	-999	24.54
12-12-2010	0.4	2.91	27.6	22	13.54	-999	-999	-999	24.68
13-12-2010	0	3.54	28.7	22.9	18.24	-999	-999	-999	25.61
14-12-2010	39.4	2.67	28	22.3	11.73	-999	-999	-999	25.01
15-12-2010	0.2	2.99	27.8	22.1	14.11	-999	-999	-999	24.78
16-12-2010	2.4	2.88	28.1	22.4	13.31	-999	-999	-999	25.06
17-12-2010	2.4	2.95	28.5	22.8	13.82	-999	-999	-999	25.47
18-12-2010	17	2.24	26.8	21.2	8.48	-999	-999	-999	23.93
19-12-2010	3	2.6	27.7	22	11.19	-999	-999	-999	24.71
20-12-2010	5.4	2.65	29.1	23.3	11.59	-999	-999	-999	25.98
21-12-2010	12.8	3.3	29.1	23.3	16.4	-999	-999	-999	25.95
22-12-2010	0.2	2.68	28.3	22.6	11.77	-999	-999	-999	25.29
23-12-2010	8.4	2.32	27.5	21.9	9.12	-999	-999	-999	24.59
24-12-2010	5.2	2.78	27.4	21.8	12.56	-999	-999	-999	24.5
25-12-2010	38	2.17	27	21.5	7.96	-999	-999	-999	24.15
26-12-2010	40	2.42	28.3	22.6	9.84	-999	-999	-999	25.27
27-12-2010	0.4	2.91	28.9	23.1	13.52	-999	-999	-999	25.84
28-12-2010	1.4	3.38	28.3	22.6	17.04	-999	-999	-999	25.25
29-12-2010	5.2	3.04	27.9	22.3	14.47	-999	-999	-999	24.95
30-12-2010	8.8	2.84	27.7	22.1	12.97	-999	-999	-999	24.75
31-12-2010	49.8	2.3	26.2	20.7	8.96	-999	-999	-999	23.43
01-01-2011	0	2.66	26.1	20.6	11.61	-999	-999	-999	23.26
02-01-2011	6.8	2.94	26.3	20.7	13.7	-999	-999	-999	23.44
03-01-2011	45.6	1.98	25.1	19.8	6.6	-999	-999	-999	22.45
04-01-2011	98.8	2.29	26.7	21.1	8.9	-999	-999	-999	23.83
05-01-2011	13.8	2.41	27.5	21.8	9.75	-999	-999	-999	24.54
06-01-2011	9.2	2.57	28	22.3	10.94	-999	-999	-999	25.03
07-01-2011	0	3.06	28.7	22.9	14.61	-999	-999	-999	25.61
08-01-2011	4.4	3.09	28.9	23.1	14.87	-999	-999	-999	25.77
09-01-2011	2.6	2.75	28.9	23.1	12.34	-999	-999	-999	25.81
10-01-2011	1.4	2.82	29	23.2	12.87	-999	-999	-999	25.89
11-01-2011	3.4	2.36	27.7	22	9.41	-999	-999	-999	24.73
12-01-2011	8.8	2.54	28.2	22.4	10.72	-999	-999	-999	25.14
13-01-2011	1.4	2.43	29.1	23.3	9.9	-999	-999	-999	26.02
14-01-2011	0.8	3.01	28.4	22.6	14.26	-999	-999	-999	25.34
15-01-2011	1	3.07	27.8	22.1	14.69	-999	-999	-999	24.83
16-01-2011	2.6	3.52	28.8	23	18.03	-999	-999	-999	25.74
17-01-2011	9.2	2.46	28	22.3	10.13	-999	-999	-999	25.04
18-01-2011	1.4	2.78	28.6	22.8	12.51	-999	-999	-999	25.51
19-01-2011	7.6	3.15	27.7	22.1	15.33	-999	-999	-999	24.75
20-01-2011	12.2	2.79	27	21.4	12.58	-999	-999	-999	24.12
21-01-2011	5	3.1	28.1	22.4	14.94	-999	-999	-999	25.09
22-01-2011	2.6	2.93	28.4	22.7	13.63	-999	-999	-999	25.4
23-01-2011	3.8	3.12	28.3	22.5	15.04	-999	-999	-999	25.23
24-01-2011	12	2.48	26.4	20.9	10.32	-999	-999	-999	23.57
25-01-2011	25.6	2.78	26.5	21	12.53	-999	-999	-999	23.68
26-01-2011	19	2.5	26.6	21.1	10.48	-999	-999	-999	23.75
27-01-2011	1.6	3.11	27.3	21.7	15.03	-999	-999	-999	24.36
28-01-2011	0.6	3.16	28.2	22.5	15.39	-999	-999	-999	25.18
29-01-2011	0.6	3.46	28.2	22.5	17.58	-999	-999	-999	25.18
30-01-2011	10.6	3.74	28.1	22.4	19.68	-999	-999	-999	25.08
31-01-2011	5.8	3.26	27.3	21.7	16.13	-999	-999	-999	24.41
01-02-2011	4	3.29	27.4	21.8	16.35	-999	-999	-999	24.46
02-02-2011	18.6	2.86	27	21.4	13.15	-999	-999	-999	24.1
03-02-2011	3.4	3.21	26.9	21.4	15.73	-999	-999	-999	24.05
04-02-2011	6.8	3.08	26.8	21.2	14.76	-999	-999	-999	23.92
05-02-2011	2.8	3.08	27.6	21.9	14.78	-999	-999	-999	24.63
06-02-2011	10.8	2.78	28.1	22.4	12.5	-999	-999	-999	25.05
07-02-2011	1.8	3.38	28.7	23	16.99	-999	-999	-999	25.65
08-02-2011	1	3.53	28.4	22.7	18.13	-999	-999	-999	25.35
09-02-2011	14.6	3.11	28	22.3	14.98	-999	-999	-999	24.96
10-02-2011	2.4	3.37	28.6	22.9	16.91	-999	-999	-999	25.57
11-02-2011	1.8	3.01	28.6	22.9	14.29	-999	-999	-999	25.56
12-02-2011	0.6	3.13	29	23.2	15.15	-999	-999	-999	25.88
13-02-2011	9.2	2.91	27.5	21.9	13.52	-999	-999	-999	24.57
14-02-2011	11.8	3.1	27.4	21.8	14.91	-999	-999	-999	24.46
15-02-2011	3	2.84	28.2	22.5	13	-999	-999	-999	25.17
16-02-2011	6	3.07	27.2	21.6	14.72	-999	-999	-999	24.33
17-02-2011	0.2	3.43	27.4	21.8	17.42	-999	-999	-999	24.47
18-02-2011	4.8	3.81	27.1	21.5	20.2	-999	-999	-999	24.2
19-02-2011	0	3.6	26.5	21	18.65	-999	-999	-999	23.65
20-02-2011	7.2	3.56	27.2	21.6	18.37	-999	-999	-999	24.25
21-02-2011	3.8	3.18	26.4	20.9	15.51	-999	-999	-999	23.59
22-02-2011	0	3.7	27.8	22.2	19.44	-999	-999	-999	24.86
23-02-2011	9.4	3.06	27.5	21.9	14.66	-999	-999	-999	24.56
24-02-2011	0.6	2.73	27.3	21.6	12.17	-999	-999	-999	24.34
25-02-2011	0	4.02	27.3	21.7	21.77	-999	-999	-999	24.41
26-02-2011	0.2	2.95	26.9	21.3	13.81	-999	-999	-999	24.01
27-02-2011	0	3.27	27	21.4	16.19	-999	-999	-999	24.13
28-02-2011	0.4	4.06	26.5	20.9	22.07	-999	-999	-999	23.64
01-03-2011	8.4	3.86	26.8	21.2	20.59	-999	-999	-999	23.89
02-03-2011	19	2.72	25.3	19.9	12.08	-999	-999	-999	22.57
03-03-2011	30.4	2.67	25.6	20.1	11.68	-999	-999	-999	22.82
04-03-2011	22.6	2.87	27	21.4	13.18	-999	-999	-999	24.09
05-03-2011	23	3.01	27	21.4	14.22	-999	-999	-999	24.12
06-03-2011	11.4	3.45	27.4	21.7	17.51	-999	-999	-999	24.43
07-03-2011	22.4	3.49	26.8	21.3	17.85	-999	-999	-999	23.95
08-03-2011	0.2	2.9	26.1	20.6	13.44	-999	-999	-999	23.3
09-03-2011	0	4.28	26.2	20.7	23.71	-999	-999	-999	23.39
10-03-2011	1.8	3.62	25.5	20.1	18.79	-999	-999	-999	22.77
11-03-2011	0.6	3.67	25.7	20.3	19.2	-999	-999	-999	22.99
12-03-2011	0.4	3.23	25.6	20.2	15.88	-999	-999	-999	22.9
13-03-2011	1.8	3.3	25.7	20.3	16.41	-999	-999	-999	22.95
14-03-2011	0	4.21	25.9	20.4	23.24	-999	-999	-999	23.11
15-03-2011	6	3.41	25.9	20.5	17.23	-999	-999	-999	23.15
16-03-2011	0	3.55	27.1	21.5	18.31	-999	-999	-999	24.17
17-03-2011	0	3.22	27.5	21.8	15.79	-999	-999	-999	24.52
18-03-2011	2.2	3.36	27	21.4	16.87	-999	-999	-999	24.11
19-03-2011	6.8	2.92	26.6	21.1	13.56	-999	-999	-999	23.77
20-03-2011	0.2	3.65	27.5	21.9	19.06	-999	-999	-999	24.59
21-03-2011	0	3.58	26.8	21.2	18.49	-999	-999	-999	23.91
22-03-2011	0.2	3.43	26.7	21.1	17.37	-999	-999	-999	23.83
23-03-2011	0	3.73	27.1	21.5	19.62	-999	-999	-999	24.22
24-03-2011	0	2.87	28.4	22.7	13.22	-999	-999	-999	25.37
25-03-2011	0.2	3.38	29.1	23.3	17	-999	-999	-999	26
26-03-2011	4.6	3.38	29.2	23.4	17	-999	-999	-999	26.06
27-03-2011	0.2	3.38	29.1	23.3	17	-999	-999	-999	25.99
28-03-2011	3.6	3.38	28.2	22.5	17	-999	-999	-999	25.16
29-03-2011	4	2.7	29.4	23.6	11.93	-999	-999	-999	26.29
30-03-2011	0	3.47	29.5	23.6	17.7	-999	-999	-999	26.32
31-03-2011	1.4	3.88	29	23.2	20.74	-999	-999	-999	25.86
01-04-2011	0	3.43	29	23.2	17.41	-999	-999	-999	25.93
02-04-2011	0	3.9	28.8	23	20.93	-999	-999	-999	25.69
03-04-2011	0	3.49	28.9	23.1	17.85	-999	-999	-999	25.78
04-04-2011	0	4.01	28.9	23.1	21.69	-999	-999	-999	25.82
05-04-2011	0	2.87	28.6	22.8	13.23	-999	-999	-999	25.52
06-04-2011	0.2	3.42	29.5	23.6	17.29	-999	-999	-999	26.32
07-04-2011	1.8	4.57	28.4	22.7	25.87	-999	-999	-999	25.4
08-04-2011	2	4.54	28.2	22.5	25.7	-999	-999	-999	25.19
09-04-2011	0	3.9	27.8	22.1	20.91	-999	-999	-999	24.83
10-04-2011	4.2	3.11	27.6	21.9	15	-999	-999	-999	24.63
11-04-2011	52	2.29	25.5	20.1	8.87	-999	-999	-999	22.77
12-04-2011	17.8	2.23	25.7	20.2	8.45	-999	-999	-999	22.94
13-04-2011	3.6	2.49	25.9	20.4	10.36	-999	-999	-999	23.09
14-04-2011	16	2.86	27.6	21.9	13.1	-999	-999	-999	24.64
15-04-2011	7.2	3.75	28.4	22.6	19.78	-999	-999	-999	25.34
16-04-2011	16.8	3.26	27.4	21.7	16.13	-999	-999	-999	24.44
17-04-2011	0	3.7	28.1	22.4	19.43	-999	-999	-999	25.09
18-04-2011	5.8	3.16	27.8	22.1	15.34	-999	-999	-999	24.78
19-04-2011	0.2	4.1	27.9	22.2	22.39	-999	-999	-999	24.94
20-04-2011	0	3.49	27.7	22.1	17.82	-999	-999	-999	24.75
21-04-2011	0	3.83	28	22.3	20.34	-999	-999	-999	24.97
22-04-2011	0	3.57	28.6	22.9	18.41	-999	-999	-999	25.55
23-04-2011	6.4	3.04	28.7	22.9	14.51	-999	-999	-999	25.62
24-04-2011	5.6	3.69	28.8	23.1	19.31	-999	-999	-999	25.75
25-04-2011	24.2	3.77	28.7	22.9	19.95	-999	-999	-999	25.59
26-04-2011	12.8	3.26	29.6	23.8	16.15	-999	-999	-999	26.46
27-04-2011	42.6	2.45	28	22.3	10.08	-999	-999	-999	24.96
28-04-2011	17	2.39	27.6	22	9.64	-999	-999	-999	24.68
29-04-2011	6.4	2.68	27.8	22.2	11.82	-999	-999	-999	24.86
30-04-2011	1	3.48	29	23.2	17.74	-999	-999	-999	25.86
01-05-2011	37	3.03	28.3	22.9	14.42	-999	-999	-999	25.29
02-05-2011	1.2	2.92	29	23.5	13.59	-999	-999	-999	25.87
03-05-2011	1.8	3.41	29.5	23.9	17.21	-999	-999	-999	26.3
04-05-2011	8.6	2.34	27.3	22	9.29	-999	-999	-999	24.41
05-05-2011	5.4	2.13	27.5	22.1	7.68	-999	-999	-999	24.52
06-05-2011	5.6	2.39	27.7	22.3	9.62	-999	-999	-999	24.73
07-05-2011	20.2	1.79	27.7	22.3	5.17	-999	-999	-999	24.69
08-05-2011	42.4	3.36	28.8	23.3	16.9	-999	-999	-999	25.73
09-05-2011	0.8	2.9	29	23.5	13.47	-999	-999	-999	25.89
10-05-2011	0	4.42	30.2	24.6	24.74	-999	-999	-999	26.98
11-05-2011	18.6	3.7	30.3	24.7	19.4	-999	-999	-999	27.08
12-05-2011	0.4	2.78	30.2	24.6	12.54	-999	-999	-999	26.95
13-05-2011	0.4	2.32	29.6	24.1	9.14	-999	-999	-999	26.47
14-05-2011	3.4	2.67	29.5	23.9	11.71	-999	-999	-999	26.31
15-05-2011	2	2.84	31.3	25.6	13	-999	-999	-999	27.99
16-05-2011	11.2	2.8	29	23.5	12.65	-999	-999	-999	25.93
17-05-2011	5.2	3.36	29.4	23.9	16.83	-999	-999	-999	26.26
18-05-2011	15.8	3	28.9	23.4	14.19	-999	-999	-999	25.81
19-05-2011	13.6	3.01	29.6	24	14.23	-999	-999	-999	26.43
20-05-2011	7	3.4	30	24.4	17.16	-999	-999	-999	26.78
21-05-2011	38.8	1.88	28.1	22.7	5.81	-999	-999	-999	25.09
22-05-2011	7	3.38	29.9	24.3	17.03	-999	-999	-999	26.7
23-05-2011	1.4	3.75	29.8	24.2	19.79	-999	-999	-999	26.62
24-05-2011	0	4.65	29.9	24.3	26.47	-999	-999	-999	26.7
25-05-2011	0	4.31	30.1	24.5	23.99	-999	-999	-999	26.86
26-05-2011	0	4.38	31	25.3	24.45	-999	-999	-999	27.66
27-05-2011	6	4.01	30.5	24.9	21.73	-999	-999	-999	27.25
28-05-2011	0	4.26	30.5	24.9	23.61	-999	-999	-999	27.27
29-05-2011	2	3.78	31	25.2	20.02	-999	-999	-999	27.64
30-05-2011	0.6	3.8	31.3	25.6	20.18	-999	-999	-999	27.95
31-05-2011	0	3.81	31.5	25.7	20.25	-999	-999	-999	28.1
01-06-2011	0	3.44	31.1	25.4	17.44	-999	-999	-999	27.76
02-06-2011	0	4.02	30.9	25.2	21.82	-999	-999	-999	27.55
03-06-2011	0	4.03	30.8	25.1	21.84	-999	-999	-999	27.54
04-06-2011	0	4.55	31	25.3	25.77	-999	-999	-999	27.68
05-06-2011	0	4.27	31	25.3	23.66	-999	-999	-999	27.65
06-06-2011	2.4	2.99	29.8	24.2	14.12	-999	-999	-999	26.64
07-06-2011	25	2.23	30.3	24.6	8.4	-999	-999	-999	27.02
08-06-2011	1.4	2.92	31	25.3	13.6	-999	-999	-999	27.72
09-06-2011	0.4	3.62	31.7	25.9	18.84	-999	-999	-999	28.29
10-06-2011	0	4.25	31.6	25.8	23.48	-999	-999	-999	28.18
11-06-2011	0	3.7	31.4	25.7	19.37	-999	-999	-999	28.08
12-06-2011	0.2	3.63	31.1	25.4	18.86	-999	-999	-999	27.81
13-06-2011	6.6	3.93	31.5	25.7	21.13	-999	-999	-999	28.11
14-06-2011	6.6	3.86	30.7	25	20.59	-999	-999	-999	27.39
15-06-2011	2.6	3.48	31.3	25.6	17.73	-999	-999	-999	27.95
16-06-2011	2.6	2.92	30.9	25.2	13.6	-999	-999	-999	27.61
17-06-2011	1.6	4	31.5	25.7	21.67	-999	-999	-999	28.09
18-06-2011	1	3.82	31.5	25.7	20.33	-999	-999	-999	28.12
19-06-2011	1.6	4.18	31.5	25.7	22.95	-999	-999	-999	28.09
20-06-2011	15	2.93	30.8	25.1	13.64	-999	-999	-999	27.52
21-06-2011	1.4	3.34	31.2	25.5	16.69	-999	-999	-999	27.9
22-06-2011	0	3.74	31.3	25.5	19.67	-999	-999	-999	27.92
23-06-2011	1	2.99	31.1	25.3	14.14	-999	-999	-999	27.73
24-06-2011	2	3.52	31	25.3	18.07	-999	-999	-999	27.67
25-06-2011	0	3.86	31.2	25.5	20.6	-999	-999	-999	27.86
26-06-2011	13	3.01	31	25.3	14.22	-999	-999	-999	27.69
27-06-2011	6	2.87	30.8	25.1	13.18	-999	-999	-999	27.5
28-06-2011	0.8	3.27	31.3	25.6	16.19	-999	-999	-999	27.96
29-06-2011	7	2.85	31	25.3	13.03	-999	-999	-999	27.66
30-06-2011	2.2	3.2	31	25.3	15.66	-999	-999	-999	27.68
01-07-2011	28.2	1.9	30.1	24.5	5.95	-999	-999	-999	26.88
02-07-2011	33.6	2.59	29.4	23.9	11.09	-999	-999	-999	26.29
03-07-2011	6.4	3	30.8	25.1	14.15	-999	-999	-999	27.54
04-07-2011	1	3.47	31.2	25.4	17.72	-999	-999	-999	27.84
05-07-2011	0	3.78	31.1	25.4	20.01	-999	-999	-999	27.77
06-07-2011	21.2	3.8	30.7	25	20.18	-999	-999	-999	27.38
07-07-2011	13.2	2.52	29	23.5	10.6	-999	-999	-999	25.89
08-07-2011	0.8	3.77	31	25.3	19.95	-999	-999	-999	27.66
09-07-2011	0	3.82	31.2	25.5	20.29	-999	-999	-999	27.87
10-07-2011	15.8	3.77	30.2	24.6	19.92	-999	-999	-999	26.97
11-07-2011	53.6	2.77	28.8	23.3	12.49	-999	-999	-999	25.74
12-07-2011	3.8	3.87	30.3	24.6	20.7	-999	-999	-999	27.02
13-07-2011	46.8	3.87	30.3	24.6	20.7	-999	-999	-999	27.02
14-07-2011	0	2.64	29.8	24.3	11.46	-999	-999	-999	26.65
15-07-2011	2	3.77	31	25.3	19.92	-999	-999	-999	27.69
16-07-2011	8.2	3.35	30.9	25.2	16.8	-999	-999	-999	27.55
17-07-2011	7.6	3.35	31.1	25.4	16.8	-999	-999	-999	27.78
18-07-2011	10.2	4.15	31.7	25.9	22.79	-999	-999	-999	28.3
19-07-2011	9	4.09	30.9	25.2	22.35	-999	-999	-999	27.57
20-07-2011	0	4.21	31.2	25.4	23.24	-999	-999	-999	27.84
21-07-2011	4	3.95	31.1	25.4	21.28	-999	-999	-999	27.76
22-07-2011	13	2.6	30.3	24.6	11.16	-999	-999	-999	27.01
23-07-2011	39	1.96	29.6	24.1	6.42	-999	-999	-999	26.45
24-07-2011	3	3.68	30.5	24.8	19.29	-999	-999	-999	27.21
25-07-2011	69.8	3.27	29.5	23.9	16.21	-999	-999	-999	26.32
26-07-2011	12.8	2.97	29.4	23.9	13.98	-999	-999	-999	26.25
27-07-2011	9.2	3.83	30	24.4	20.35	-999	-999	-999	26.82
28-07-2011	102	2.29	28.3	22.9	8.85	-999	-999	-999	25.28
29-07-2011	10.4	3.54	30.3	24.7	18.19	-999	-999	-999	27.09
30-07-2011	9.4	3.43	30.6	24.9	17.38	-999	-999	-999	27.3
31-07-2011	28.6	3.9	30.3	24.6	20.93	-999	-999	-999	27.03
01-08-2011	15	3.47	30.3	24.6	17.65	-999	-999	-999	27.01
02-08-2011	15.6	2.45	29.3	23.7	10.09	-999	-999	-999	26.12
03-08-2011	6.4	3.74	31.1	25.4	19.71	-999	-999	-999	27.76
04-08-2011	1.2	3.22	31.3	25.5	15.83	-999	-999	-999	27.93
05-08-2011	6.8	3.84	31.3	25.5	20.44	-999	-999	-999	27.92
06-08-2011	3.8	3.59	30.6	24.9	18.61	-999	-999	-999	27.31
07-08-2011	19	3.16	30.2	24.5	15.38	-999	-999	-999	26.94
08-08-2011	19.6	3.12	30.3	24.6	15.05	-999	-999	-999	27.03
09-08-2011	42.2	2.77	29.9	24.3	12.49	-999	-999	-999	26.72
10-08-2011	31.4	3.51	30.7	25	18	-999	-999	-999	27.43
11-08-2011	0	3.61	31.6	25.8	18.7	-999	-999	-999	28.19
12-08-2011	3.8	3.21	30.8	25.1	15.78	-999	-999	-999	27.48
13-08-2011	8.2	3.85	30.7	25	20.55	-999	-999	-999	27.42
14-08-2011	0	4.11	31	25.2	22.44	-999	-999	-999	27.64
15-08-2011	20	2.27	29.4	23.9	8.75	-999	-999	-999	26.26
16-08-2011	86.2	1.64	28.3	22.9	4.01	-999	-999	-999	25.31
17-08-2011	1	3.8	30.7	25	20.13	-999	-999	-999	27.42
18-08-2011	7.4	4	30.8	25.1	21.61	-999	-999	-999	27.47
19-08-2011	0.6	3.66	30.9	25.2	19.12	-999	-999	-999	27.63
20-08-2011	24.4	2.31	29.6	24	9.03	-999	-999	-999	26.44
21-08-2011	49.8	3.51	29.7	24.1	17.95	-999	-999	-999	26.53
22-08-2011	3	4.16	30.9	25.2	22.83	-999	-999	-999	27.6
23-08-2011	0	3.26	30.3	24.7	16.15	-999	-999	-999	27.05
24-08-2011	4.2	3.42	30.5	24.9	17.3	-999	-999	-999	27.26
25-08-2011	9	2.76	29.7	24.2	12.4	-999	-999	-999	26.55
26-08-2011	4.6	3.56	30.2	24.6	18.33	-999	-999	-999	26.96
27-08-2011	2.4	3.45	30.2	24.6	17.51	-999	-999	-999	26.98
28-08-2011	0	4.15	31	25.3	22.73	-999	-999	-999	27.66
29-08-2011	0.2	4.15	31	25.3	22.74	-999	-999	-999	27.72
30-08-2011	8	4.04	30.7	25	21.95	-999	-999	-999	27.38
31-08-2011	14.4	3.48	29.5	23.9	17.79	-999	-999	-999	26.33
01-09-2011	5	4.14	30.7	24.7	22.71	-999	-999	-999	27.43
02-09-2011	5.8	4.27	30.7	24.8	23.65	-999	-999	-999	27.45
03-09-2011	2.2	3.9	30.4	24.5	20.87	-999	-999	-999	27.15
04-09-2011	0	4.15	30.8	24.8	22.79	-999	-999	-999	27.52
05-09-2011	4.2	4.55	31	25	25.78	-999	-999	-999	27.68
06-09-2011	0	4.2	30.8	24.8	23.1	-999	-999	-999	27.48
07-09-2011	0.2	3.37	31	25	16.97	-999	-999	-999	27.7
08-09-2011	2.6	3.59	32.2	26	18.6	-999	-999	-999	28.73
09-09-2011	11	3.1	30.3	24.4	14.93	-999	-999	-999	27.07
10-09-2011	12.2	4.39	31.4	25.3	24.52	-999	-999	-999	28.02
11-09-2011	6.2	2.35	31.2	25.2	9.32	-999	-999	-999	27.88
12-09-2011	8.4	2.44	30.8	24.8	10	-999	-999	-999	27.51
13-09-2011	3	3.18	31.1	25.1	15.53	-999	-999	-999	27.78
14-09-2011	0	3.47	32.2	26	17.68	-999	-999	-999	28.73
15-09-2011	1.4	3.21	32	25.9	15.77	-999	-999	-999	28.56
16-09-2011	2.2	4.2	30.9	24.9	23.14	-999	-999	-999	27.56
17-09-2011	35.2	2.65	28.8	23	11.56	-999	-999	-999	25.71
18-09-2011	18	3.62	29.3	23.5	18.78	-999	-999	-999	26.18
19-09-2011	46	3.13	29.4	23.6	15.15	-999	-999	-999	26.27
20-09-2011	1	3.68	30.4	24.5	19.28	-999	-999	-999	27.16
21-09-2011	1.6	3.45	31	25	17.51	-999	-999	-999	27.67
22-09-2011	1.2	2.74	31.4	25.3	12.27	-999	-999	-999	28.03
23-09-2011	1.6	3.73	30.5	24.5	19.63	-999	-999	-999	27.2
24-09-2011	70.6	3.1	29.5	23.6	14.95	-999	-999	-999	26.3
25-09-2011	0	3.71	31.1	25.1	19.47	-999	-999	-999	27.75
26-09-2011	1	4.16	32	25.9	22.83	-999	-999	-999	28.57
27-09-2011	7	3.53	31	25	18.17	-999	-999	-999	27.65
28-09-2011	4.2	3.81	31.2	25.2	20.19	-999	-999	-999	27.85
29-09-2011	43.8	3.03	29.4	23.6	14.42	-999	-999	-999	26.25
30-09-2011	0	3.71	32.1	25.9	19.48	-999	-999	-999	28.63
01-10-2011	0.4	3.16	32.8	26.6	15.37	-999	-999	-999	29.26
02-10-2011	1.2	3.23	32.7	26.5	15.86	-999	-999	-999	29.23
03-10-2011	2.4	3.79	29.3	23.4	20.06	-999	-999	-999	26.13
04-10-2011	0	3.39	27.6	21.9	17.12	-999	-999	-999	24.6
05-10-2011	1.8	3.6	27.7	22	18.65	-999	-999	-999	24.69
06-10-2011	0	2.61	30.7	24.7	11.3	-999	-999	-999	27.39
07-10-2011	18.6	3.54	29.7	23.8	18.18	-999	-999	-999	26.51
08-10-2011	5.8	3.31	31.2	25.2	16.51	-999	-999	-999	27.87
09-10-2011	0	3.43	31.7	25.6	17.39	-999	-999	-999	28.27
10-10-2011	16.4	2.87	31.6	25.6	13.23	-999	-999	-999	28.25
11-10-2011	44.8	2.42	30	24.1	9.83	-999	-999	-999	26.82
12-10-2011	19.2	3.71	29.1	23.3	19.47	-999	-999	-999	26
13-10-2011	28	3.07	30.9	24.9	14.7	-999	-999	-999	27.6
14-10-2011	3.2	3.11	30.9	24.9	15.03	-999	-999	-999	27.57
15-10-2011	16.6	2.81	29.8	23.9	12.74	-999	-999	-999	26.61
16-10-2011	12.2	3.45	30.6	24.6	17.53	-999	-999	-999	27.33
17-10-2011	5.6	3.45	31	25	17.57	-999	-999	-999	27.69
18-10-2011	10.8	3.61	30.9	24.9	18.71	-999	-999	-999	27.55
19-10-2011	41	2.99	30.3	24.4	14.08	-999	-999	-999	27.06
20-10-2011	3.2	3.78	30.7	24.7	19.99	-999	-999	-999	27.4
21-10-2011	18	4.12	30.1	24.1	22.55	-999	-999	-999	26.84
22-10-2011	1.6	3.45	30.3	24.3	17.5	-999	-999	-999	27.03
23-10-2011	13.6	2.72	30.9	24.9	12.07	-999	-999	-999	27.6
24-10-2011	33	2.8	30.3	24.4	12.66	-999	-999	-999	27.07
25-10-2011	28.4	2.91	30.2	24.2	13.53	-999	-999	-999	26.92
26-10-2011	6	3.42	30.4	24.5	17.3	-999	-999	-999	27.19
27-10-2011	2.4	2.66	30.8	24.8	11.62	-999	-999	-999	27.49
28-10-2011	9.4	2.94	31	25	13.73	-999	-999	-999	27.72
29-10-2011	8.6	3.08	30	24.1	14.8	-999	-999	-999	26.82
30-10-2011	10.4	2.68	30.3	24.4	11.8	-999	-999	-999	27.08
31-10-2011	12	3.35	30.2	24.3	16.76	-999	-999	-999	26.99
01-11-2011	26.4	3.36	29.9	24	16.83	-999	-999	-999	26.7
02-11-2011	1.6	3.15	31.2	25.2	15.32	-999	-999	-999	27.89
03-11-2011	0.2	3.49	30.6	24.6	17.83	-999	-999	-999	27.29
04-11-2011	0	3.41	31.1	25	17.27	-999	-999	-999	27.72
05-11-2011	2.8	2.96	31.3	25.3	13.9	-999	-999	-999	27.98
06-11-2011	1.8	2.96	31.1	25.1	13.9	-999	-999	-999	27.79
07-11-2011	20.2	2.96	30.8	24.8	13.9	-999	-999	-999	27.52
08-11-2011	0	2.96	31.3	25.2	13.9	-999	-999	-999	27.94
09-11-2011	0.6	2.96	31.5	25.5	13.9	-999	-999	-999	28.16
10-11-2011	2	2.96	29.8	23.9	13.9	-999	-999	-999	26.64
11-11-2011	0	2.96	30.9	24.9	13.9	-999	-999	-999	27.58
12-11-2011	4.6	2.65	31.3	25.2	11.53	-999	-999	-999	27.91
13-11-2011	2.8	2.69	30.5	24.6	11.89	-999	-999	-999	27.27
14-11-2011	0	3.69	29.7	23.8	19.33	-999	-999	-999	26.53
15-11-2011	0.2	3.47	30.4	24.4	17.69	-999	-999	-999	27.1
16-11-2011	3.4	3.51	29.9	24	17.97	-999	-999	-999	26.7
17-11-2011	8.6	3.47	29.4	23.6	17.66	-999	-999	-999	26.27
18-11-2011	0.6	3.16	29.6	23.7	15.37	-999	-999	-999	26.42
19-11-2011	2.4	3.79	29.8	23.9	20.05	-999	-999	-999	26.62
20-11-2011	0.2	3.73	29.1	23.3	19.59	-999	-999	-999	25.97
21-11-2011	0	3.66	28.2	22.5	19.09	-999	-999	-999	25.2
22-11-2011	0	3.32	29.2	23.3	16.53	-999	-999	-999	26.03
23-11-2011	0	2.96	30.1	24.2	13.9	-999	-999	-999	26.86
24-11-2011	93.2	2.96	28.9	23.1	13.9	-999	-999	-999	25.82
25-11-2011	18	2.96	28.9	23.1	13.9	-999	-999	-999	25.82
26-11-2011	11.2	2.96	29.9	24	13.9	-999	-999	-999	26.67
27-11-2011	54.6	2.96	28.3	22.6	13.9	-999	-999	-999	25.28
28-11-2011	105	2.96	27.5	21.9	13.9	-999	-999	-999	24.57
29-11-2011	60.4	2.96	28.1	22.4	13.9	-999	-999	-999	25.1
30-11-2011	0.2	2.96	29.6	23.7	13.9	-999	-999	-999	26.42
01-12-2011	3.6	2.96	30.2	24.3	13.9	-999	-999	-999	26.99
02-12-2011	28.2	2.96	28.4	22.6	13.9	-999	-999	-999	25.31
03-12-2011	20	2.96	29.3	23.4	13.9	-999	-999	-999	26.15
04-12-2011	25.8	2.96	27.9	22.2	13.9	-999	-999	-999	24.87
05-12-2011	1.2	2.96	28.5	22.7	13.9	-999	-999	-999	25.42
06-12-2011	6	2.96	27.8	22.2	13.9	-999	-999	-999	24.85
07-12-2011	1.6	2.96	29.2	23.3	13.9	-999	-999	-999	26.04
08-12-2011	0	2.96	29.6	23.7	13.9	-999	-999	-999	26.44
09-12-2011	0	3.13	29.7	23.8	15.18	-999	-999	-999	26.54
10-12-2011	7.4	2.88	28.9	23.1	13.26	-999	-999	-999	25.82
11-12-2011	0	3.2	29.1	23.3	15.64	-999	-999	-999	26
12-12-2011	9.2	2.76	29.4	23.5	12.41	-999	-999	-999	26.25
13-12-2011	9.6	2.9	29	23.2	13.44	-999	-999	-999	25.92
14-12-2011	7.8	2.86	28.2	22.5	13.12	-999	-999	-999	25.19
15-12-2011	0	3.4	28.4	22.7	17.2	-999	-999	-999	25.36
16-12-2011	1.8	2.84	28.6	22.8	12.97	-999	-999	-999	25.53
17-12-2011	0	3.08	27.8	22.1	14.75	-999	-999	-999	24.81
18-12-2011	3.4	2.32	27.1	21.5	9.14	-999	-999	-999	24.24
19-12-2011	0	3.14	28.1	22.4	15.23	-999	-999	-999	25.07
20-12-2011	0	2.3	28.5	22.8	8.94	-999	-999	-999	25.47
21-12-2011	8.2	3.32	29.1	23.3	16.55	-999	-999	-999	26.02
22-12-2011	13	2.09	28.1	22.4	7.43	-999	-999	-999	25.06
23-12-2011	5	2.98	28.9	23.1	14.03	-999	-999	-999	25.83
24-12-2011	8.2	2.81	28.9	23.1	12.74	-999	-999	-999	25.79
25-12-2011	3	2.4	27.9	22.2	9.73	-999	-999	-999	24.89
26-12-2011	0.6	2.68	27.7	22	11.79	-999	-999	-999	24.73
27-12-2011	6	2.88	28.1	22.4	13.28	-999	-999	-999	25.11
28-12-2011	0.4	3.32	29	23.2	16.59	-999	-999	-999	25.86
29-12-2011	1.8	3.03	29.7	23.8	14.44	-999	-999	-999	26.51
30-12-2011	2.8	2.42	29.5	23.6	9.83	-999	-999	-999	26.35
31-12-2011	2.6	2.57	30.7	24.7	10.98	-999	-999	-999	27.37
01-01-2012	2.6	2.32	27	21.6	9.13	-999	-999	-999	25.24
02-01-2012	2	3.09	27	23.8	14.84	-999	-999	-999	25.59
03-01-2012	1.2	2.95	27.8	22.4	13.81	-999	-999	-999	26.01
04-01-2012	2.6	3.27	28.3	21.4	16.2	-999	-999	-999	25.4
05-01-2012	10.2	3.37	26.9	20.5	16.91	-999	-999	-999	24.42
06-01-2012	1	3.27	27.8	21.4	16.18	-999	-999	-999	25.27
07-01-2012	0.2	2.25	27.5	21.6	8.56	-999	-999	-999	25.54
08-01-2012	1	2.09	27.6	22.2	7.36	-999	-999	-999	25.69
09-01-2012	2	3.08	27.6	21.8	14.77	-999	-999	-999	25.43
10-01-2012	0.2	2.69	27.5	20.5	11.85	-999	-999	-999	24.33
11-01-2012	5.8	3.17	26.8	20.7	15.46	-999	-999	-999	23.92
12-01-2012	0.2	3.54	27.7	20.5	18.19	-999	-999	-999	25.06
13-01-2012	1.6	2.86	27.6	23.5	13.16	-999	-999	-999	25.77
14-01-2012	1.6	3.75	27.3	22.4	19.74	-999	-999	-999	25.46
15-01-2012	1.6	3.07	27.6	22.7	14.72	-999	-999	-999	25.36
16-01-2012	0.2	3.59	27.6	22.6	18.57	-999	-999	-999	25.5
17-01-2012	1	3.6	27.2	20.3	18.66	-999	-999	-999	24
18-01-2012	0	3.57	27.3	19.6	18.44	-999	-999	-999	24.91
19-01-2012	1.8	3.85	27.4	20.5	20.54	-999	-999	-999	24.16
20-01-2012	0	2.58	27.6	20.6	11.03	-999	-999	-999	25.38
21-01-2012	0.2	3.24	27.9	20.9	15.94	-999	-999	-999	25.11
22-01-2012	0.2	2.96	27.4	20.2	13.86	-999	-999	-999	24.84
23-01-2012	0.2	3.44	27.4	20.3	17.49	-999	-999	-999	24.8
24-01-2012	3.2	2.88	26.8	20.6	13.25	-999	-999	-999	23.55
25-01-2012	0	3.44	27.7	19.4	17.47	-999	-999	-999	23.56
26-01-2012	4.2	3.6	27.2	19.6	18.64	-999	-999	-999	24.05
27-01-2012	14.2	3.37	26.2	19.9	16.98	-999	-999	-999	23.98
28-01-2012	0.4	2.4	27	20.7	9.73	-999	-999	-999	24.97
29-01-2012	3.8	2.55	27.4	20.5	10.82	-999	-999	-999	24.64
30-01-2012	1	2.93	26.7	22.2	13.62	-999	-999	-999	24.92
31-01-2012	7.8	3.22	26.8	21.3	12.04	-999	-999	-999	24.41
01-02-2012	5.4	2.48	25.9	21.5	10.27	-999	-999	-999	24.63
02-02-2012	0	3.24	27.1	23.5	15.99	-999	-999	-999	25.44
03-02-2012	1	3.1	26.9	21.6	14.96	-999	-999	-999	24.94
04-02-2012	1.4	3.43	27.2	21.4	17.35	-999	-999	-999	25.05
05-02-2012	0	3.52	27.2	23.2	18.05	-999	-999	-999	25.51
06-02-2012	8	3.42	27.4	20.9	17.33	-999	-999	-999	25.19
07-02-2012	3.2	2.4	26.1	20.2	9.71	-999	-999	-999	24.04
08-02-2012	0.6	2.24	26.3	21.9	8.5	-999	-999	-999	24.82
09-02-2012	4.8	3.23	27.3	22.8	15.92	-999	-999	-999	25.5
10-02-2012	3.4	2.84	26.9	21.5	13	-999	-999	-999	25.36
11-02-2012	0.2	3.33	26.9	21.1	16.61	-999	-999	-999	24.95
12-02-2012	1	3.69	27.2	20.9	19.34	-999	-999	-999	24.71
13-02-2012	2	3.02	27	20.7	14.31	-999	-999	-999	24.18
14-02-2012	3.6	3.9	27.3	20.6	20.89	-999	-999	-999	24.34
15-02-2012	1.8	3.23	27.4	21.3	15.87	-999	-999	-999	24.94
16-02-2012	0	3.74	27.5	20.6	19.71	-999	-999	-999	24.6
17-02-2012	0.8	3.75	27.6	19.8	19.8	-999	-999	-999	23.93
18-02-2012	1.2	3.72	27.3	19.3	19.59	-999	-999	-999	23.52
19-02-2012	2.2	4.01	27.5	20	21.69	-999	-999	-999	24.51
20-02-2012	0.8	2.73	26.8	20.1	12.17	-999	-999	-999	24.06
21-02-2012	0.6	3.39	28.4	19.3	17.09	-999	-999	-999	24.84
22-02-2012	8.4	3.11	27.4	21.8	15.01	-999	-999	-999	24.82
23-02-2012	0	3.6	27.7	23.4	18.63	-999	-999	-999	25.5
24-02-2012	10.2	3.03	27.6	20.7	14.4	-999	-999	-999	24.72
25-02-2012	1.4	3.59	27.1	22.7	18.62	-999	-999	-999	25.32
26-02-2012	3.2	3.75	27.4	22	19.79	-999	-999	-999	25.19
27-02-2012	3.6	3.53	27.2	21.8	18.12	-999	-999	-999	25.08
28-02-2012	1.6	2.56	25.5	22.5	10.88	-999	-999	-999	24.53
29-02-2012	3.6	2.7	26.9	22	11.97	-999	-999	-999	24.89
01-03-2012	24.2	2.25	25.9	21.2	8.6	-999	-999	-999	24.07
02-03-2012	1.6	3.29	27.4	20.8	16.31	-999	-999	-999	24.55
03-03-2012	2.2	3.26	27.1	22.2	16.1	-999	-999	-999	25.07
04-03-2012	1.8	2.56	26.6	22.1	10.92	-999	-999	-999	25.02
05-03-2012	0.6	3.71	27.6	23.1	19.46	-999	-999	-999	25.42
06-03-2012	0	3.66	27.7	23.4	19.12	-999	-999	-999	25.36
07-03-2012	4.8	3.66	27.6	19.3	19.12	-999	-999	-999	24.47
08-03-2012	1.2	3.37	27.1	22.3	16.96	-999	-999	-999	24.93
09-03-2012	0	3.57	27.4	21.7	18.46	-999	-999	-999	25.04
10-03-2012	0	2.54	26.7	22	10.75	-999	-999	-999	24.81
11-03-2012	17.6	2.41	26.3	21	9.8	-999	-999	-999	23.81
12-03-2012	11.6	2.69	27.6	20.1	11.84	-999	-999	-999	23.93
13-03-2012	0.6	3.61	27.9	20.3	18.76	-999	-999	-999	24.2
14-03-2012	2.6	3.48	27.4	20.8	17.79	-999	-999	-999	24.59
15-03-2012	9.8	2.77	26.3	20.9	12.44	-999	-999	-999	24.55
16-03-2012	1.6	2.85	26.7	22.2	13.09	-999	-999	-999	24.82
17-03-2012	0	3.13	26.7	20.9	15.13	-999	-999	-999	24.86
18-03-2012	0	3.15	27.1	20.3	15.28	-999	-999	-999	24.15
19-03-2012	20.8	3.39	27.3	20.3	17.06	-999	-999	-999	23.84
20-03-2012	0	3.84	27.3	19.5	20.41	-999	-999	-999	23.61
21-03-2012	0	3.63	27.7	20.2	18.88	-999	-999	-999	23.99
22-03-2012	0	3.66	28	20.8	19.13	-999	-999	-999	24.58
23-03-2012	2	3.26	27.5	20.8	16.15	-999	-999	-999	24.8
24-03-2012	10.4	3.34	27.7	21.5	16.72	-999	-999	-999	24.85
25-03-2012	0.4	3.78	28.1	22.9	20	-999	-999	-999	25.83
26-03-2012	22.8	3.45	28.4	21.4	17.53	-999	-999	-999	25.44
27-03-2012	0	3	29	22.5	14.2	-999	-999	-999	26.06
28-03-2012	0	3.83	28.9	21.1	20.35	-999	-999	-999	25.41
29-03-2012	0	3.39	28.1	21.1	17.11	-999	-999	-999	25.37
30-03-2012	0	3.14	27.5	21.9	15.21	-999	-999	-999	25.64
31-03-2012	0	3.16	27.6	24	15.4	-999	-999	-999	25.98
01-04-2012	0	3.8	27.5	21.2	20.16	-999	-999	-999	25.72
02-04-2012	0.6	3.05	28.1	22	14.53	-999	-999	-999	25.75
03-04-2012	0	4.5	29.4	20.9	25.41	-999	-999	-999	25.69
04-04-2012	0	4.15	28.8	21.5	22.74	-999	-999	-999	25.66
05-04-2012	10	3.5	28.2	22.1	17.94	-999	-999	-999	25.66
06-04-2012	0.2	4.38	28.3	21.8	24.48	-999	-999	-999	26.19
07-04-2012	2.8	3.78	28.4	21.7	19.97	-999	-999	-999	25.61
08-04-2012	12.6	3.79	28	21.3	20.07	-999	-999	-999	24.83
09-04-2012	3.8	3.88	28.1	21.9	20.72	-999	-999	-999	25.63
10-04-2012	0.6	4.12	28.7	22.2	22.54	-999	-999	-999	25.85
11-04-2012	10.2	2.74	26.8	22.2	12.27	-999	-999	-999	25.93
12-04-2012	4	3.55	28.3	21.9	18.32	-999	-999	-999	25.42
13-04-2012	0.2	3.59	29.1	22.5	18.58	-999	-999	-999	25.48
14-04-2012	0	4.38	29.6	21.1	24.47	-999	-999	-999	25.29
15-04-2012	9	3.86	28.5	22.2	20.58	-999	-999	-999	25.08
16-04-2012	16.4	2.33	25.9	22	9.15	-999	-999	-999	24.64
17-04-2012	11.4	2.39	26.4	21.4	9.6	-999	-999	-999	24.1
18-04-2012	12.4	3.13	27.3	22	15.15	-999	-999	-999	24.58
19-04-2012	8.4	3.25	28.3	22.1	16.04	-999	-999	-999	25.48
20-04-2012	78.8	2.53	28.6	21.8	10.65	-999	-999	-999	24.88
21-04-2012	11.4	3.13	27.1	22.5	15.17	-999	-999	-999	25.03
22-04-2012	5	3.35	29.2	22.6	16.81	-999	-999	-999	25.43
23-04-2012	0	3.71	30.2	23.3	19.46	-999	-999	-999	26.65
24-04-2012	2.6	3.13	29.3	22.8	15.16	-999	-999	-999	26.02
25-04-2012	0	4.14	29.8	22.4	22.69	-999	-999	-999	26.5
26-04-2012	1	3.59	28.6	24	18.54	-999	-999	-999	26.55
27-04-2012	7.4	3.61	28.4	22.6	18.73	-999	-999	-999	25.89
28-04-2012	7.2	3.61	27.6	22.7	18.76	-999	-999	-999	26.04
29-04-2012	4.6	3.59	28.1	22.1	18.59	-999	-999	-999	25.73
30-04-2012	1.6	3.44	28.1	22.9	17.47	-999	-999	-999	26.03
01-05-2012	1.6	2.47	27.1	24	10.21	-999	-999	-999	26.22
02-05-2012	39	2.35	27.4	23.7	9.32	-999	-999	-999	25.93
03-05-2012	0	3.05	28.1	24.8	14.53	-999	-999	-999	26.84
04-05-2012	27.4	2.52	27.1	23.1	10.59	-999	-999	-999	25.7
05-05-2012	7	3.16	28.7	23	15.36	-999	-999	-999	25.09
06-05-2012	8.8	2.03	26	22.6	6.97	-999	-999	-999	23.63
07-05-2012	34	1.93	26.4	22.6	6.17	-999	-999	-999	25.26
08-05-2012	18.8	2.24	26	22.6	8.52	-999	-999	-999	25.26
09-05-2012	3.4	2.69	28.1	23.1	11.9	-999	-999	-999	26.11
10-05-2012	14.6	1.95	26.9	23.4	6.31	-999	-999	-999	25
11-05-2012	36.4	2.31	27.9	22.4	9.07	-999	-999	-999	25.78
12-05-2012	0.2	3.16	28.6	25.7	15.34	-999	-999	-999	27.44
13-05-2012	0	3.36	28.5	24.5	16.86	-999	-999	-999	26.82
14-05-2012	1.4	3.7	28.9	23.8	19.4	-999	-999	-999	26.42
15-05-2012	0.8	3.48	28.4	23.7	17.77	-999	-999	-999	26.4
16-05-2012	6.6	2.57	27.4	23.9	10.96	-999	-999	-999	26.28
17-05-2012	2	2.24	27.2	24.3	8.48	-999	-999	-999	26.17
18-05-2012	9.4	2.83	28.2	24.3	12.88	-999	-999	-999	26.44
19-05-2012	9.8	3.28	28.2	23.5	16.25	-999	-999	-999	26.56
20-05-2012	1.6	3.72	28.3	25.1	19.57	-999	-999	-999	27.06
21-05-2012	1.2	3.19	28	24.4	15.59	-999	-999	-999	26.7
22-05-2012	0.2	2.89	28	24.9	13.35	-999	-999	-999	27.24
23-05-2012	32.8	3.63	28.4	23.9	18.9	-999	-999	-999	26.79
24-05-2012	0.4	3.76	28.3	25.4	19.88	-999	-999	-999	26.97
25-05-2012	2.8	2.99	28.2	24.6	14.1	-999	-999	-999	26.79
26-05-2012	17.6	3.4	28.6	24	17.13	-999	-999	-999	25.87
27-05-2012	0.6	3.3	28.5	23.9	16.38	-999	-999	-999	26.66
28-05-2012	0.2	3.45	28.4	23.7	17.53	-999	-999	-999	26.61
29-05-2012	3.2	3.31	28.9	24.1	16.53	-999	-999	-999	26.79
30-05-2012	0.2	3.1	28.7	25.3	14.89	-999	-999	-999	27.51
31-05-2012	0.6	2.94	28.6	24.5	13.76	-999	-999	-999	27.03
01-06-2012	0	3.61	28.8	25.5	18.77	-999	-999	-999	27.73
02-06-2012	0	3.44	28.9	24.9	17.44	-999	-999	-999	27.21
03-06-2012	0	3.67	29.1	24.5	19.18	-999	-999	-999	26.9
04-06-2012	0.2	4.13	29.5	23.6	22.6	-999	-999	-999	26.71
05-06-2012	1	3.46	29	24.5	17.62	-999	-999	-999	27.21
06-06-2012	9.6	3.4	29.5	25.9	17.2	-999	-999	-999	27.84
07-06-2012	3.4	3.53	29.7	25.9	18.15	-999	-999	-999	27.88
08-06-2012	0.2	3.03	28.7	25.6	14.42	-999	-999	-999	27.59
09-06-2012	9.6	3.64	29.2	24.1	18.97	-999	-999	-999	26.82
10-06-2012	0.6	3.75	29.8	24.3	19.76	-999	-999	-999	27.37
11-06-2012	3	3.1	29.2	24.2	14.91	-999	-999	-999	27.44
12-06-2012	0	3.49	29.5	25.5	17.87	-999	-999	-999	28.04
13-06-2012	0	3.3	29.4	25.5	16.39	-999	-999	-999	27.89
14-06-2012	0	3.27	29.7	25.8	16.22	-999	-999	-999	27.68
15-06-2012	0.2	2.61	28.3	25.7	11.26	-999	-999	-999	27.53
16-06-2012	0	3.37	29.4	25.7	16.97	-999	-999	-999	27.99
17-06-2012	0	3.92	29.4	25.2	21.04	-999	-999	-999	27.87
18-06-2012	2.6	4.11	29.4	25	22.44	-999	-999	-999	27.69
19-06-2012	2.6	3.5	29.7	25.1	17.91	-999	-999	-999	27.63
20-06-2012	5.8	3.14	29.2	26	15.25	-999	-999	-999	27.92
21-06-2012	0	3.58	29.5	26.1	18.54	-999	-999	-999	28.16
22-06-2012	0	4.07	30.4	25.2	22.2	-999	-999	-999	27.81
23-06-2012	0	4.52	30	25.3	25.55	-999	-999	-999	28.13
24-06-2012	0	4.24	29.8	24.7	23.41	-999	-999	-999	27.78
25-06-2012	5.2	3.41	29	23.2	17.2	-999	-999	-999	27.01
26-06-2012	1.4	3.94	29.6	24.6	21.21	-999	-999	-999	28.06
27-06-2012	0.4	3.44	29.3	25.6	17.47	-999	-999	-999	27.99
28-06-2012	1.8	4.15	29.4	23.5	22.76	-999	-999	-999	27.56
29-06-2012	0.4	3.97	29.5	25.2	21.44	-999	-999	-999	28.04
30-06-2012	17	3.79	29.5	24.5	20.09	-999	-999	-999	27.5
01-07-2012	0.2	3.74	29.3	25.3	19.71	-999	-999	-999	28.18
02-07-2012	0	3.39	29.5	26.2	17.12	-999	-999	-999	28.4
03-07-2012	2	4.16	30.1	25.3	22.87	-999	-999	-999	28.09
04-07-2012	12.6	2.99	28.9	24.2	14.07	-999	-999	-999	27.18
05-07-2012	2.6	4.15	29.4	25.8	22.74	-999	-999	-999	28.31
06-07-2012	4.4	3.42	29.4	25.5	17.32	-999	-999	-999	27.49
07-07-2012	5.6	3.98	29.2	25.1	21.52	-999	-999	-999	27.33
08-07-2012	3.6	3.73	29.3	24.5	19.6	-999	-999	-999	26.94
09-07-2012	0.2	3.45	28.9	24.7	17.55	-999	-999	-999	27.75
10-07-2012	0.4	3.78	29.9	26.1	19.98	-999	-999	-999	28.28
11-07-2012	16.6	3.57	29.4	25.6	18.44	-999	-999	-999	28.01
12-07-2012	25.4	4.05	29.4	23.5	22.02	-999	-999	-999	26.36
13-07-2012	29.8	3.01	29.1	24.3	14.24	-999	-999	-999	26.02
14-07-2012	10.8	2.75	29.2	24.6	12.31	-999	-999	-999	27.05
15-07-2012	10.8	2.44	28.3	24.8	10	-999	-999	-999	27.32
16-07-2012	0	4.02	30	25.6	21.83	-999	-999	-999	27.96
17-07-2012	0.8	3.99	29.5	24.7	21.58	-999	-999	-999	27.19
18-07-2012	18.4	3.93	29.2	24.1	21.11	-999	-999	-999	27.24
19-07-2012	22.4	2.4	28.5	24.2	9.71	-999	-999	-999	26.93
20-07-2012	13.2	2.99	29.1	24.8	14.12	-999	-999	-999	26.78
21-07-2012	0.2	3.71	29.5	25.5	19.47	-999	-999	-999	27.8
22-07-2012	0.2	4.08	29.9	26.2	22.21	-999	-999	-999	27.98
23-07-2012	0.8	3.97	29.8	25.6	21.41	-999	-999	-999	27.73
24-07-2012	0	3.58	29.4	25.7	18.53	-999	-999	-999	28.06
25-07-2012	0	4.36	30.5	24.9	24.36	-999	-999	-999	27.35
26-07-2012	4	4.35	30.5	24.4	24.27	-999	-999	-999	27.39
27-07-2012	0.2	3.98	29.7	24.7	21.52	-999	-999	-999	27.32
28-07-2012	0.6	3.29	29.9	24.7	16.35	-999	-999	-999	27.16
29-07-2012	4.2	3.7	30.2	24.8	19.41	-999	-999	-999	27.71
30-07-2012	112	1.5	26.9	24	2.98	-999	-999	-999	25.44
31-07-2012	3	2.34	28	25	9.24	-999	-999	-999	26.22
01-08-2012	4.6	3.68	29.6	25.7	19.24	-999	-999	-999	27.98
02-08-2012	0	3.61	30.2	24.5	18.71	-999	-999	-999	27.09
03-08-2012	50.6	1.56	27.4	24.1	3.41	-999	-999	-999	25.64
04-08-2012	2.4	3.32	29.5	24.4	16.53	-999	-999	-999	27.54
05-08-2012	0	3.3	29.4	25.6	16.42	-999	-999	-999	27.85
06-08-2012	0	3.43	29.7	25.5	17.37	-999	-999	-999	27.9
07-08-2012	17.6	2.55	28.8	24.4	10.83	-999	-999	-999	27.22
08-08-2012	0.4	3.25	29.6	24.9	16.06	-999	-999	-999	27.37
09-08-2012	0	3.26	30.1	24.5	16.09	-999	-999	-999	27.21
10-08-2012	0.6	3.51	30.3	26.1	18.01	-999	-999	-999	28.16
11-08-2012	13.8	2.58	29.7	25.1	11.08	-999	-999	-999	26.99
12-08-2012	13.4	2.26	28	24.3	8.67	-999	-999	-999	26.16
13-08-2012	0.8	3.22	29.5	25.4	15.84	-999	-999	-999	27.78
14-08-2012	4.8	3.54	29.4	25.1	18.17	-999	-999	-999	26.97
15-08-2012	0	3.17	29.5	23.6	15.45	-999	-999	-999	26.72
16-08-2012	1.2	3.81	30.1	24.9	20.19	-999	-999	-999	27.66
17-08-2012	9.6	2.74	29.9	25.6	12.21	-999	-999	-999	27.54
18-08-2012	0	3.11	30.2	26.1	14.99	-999	-999	-999	28.34
19-08-2012	0	3.87	30	25.9	20.67	-999	-999	-999	28.06
20-08-2012	11	3.57	30.1	25.6	18.42	-999	-999	-999	27.39
21-08-2012	16.6	3.31	30.2	24.5	16.46	-999	-999	-999	27.34
22-08-2012	67	2.02	27.8	25.4	6.89	-999	-999	-999	26.07
23-08-2012	44.4	1.72	27.3	23.6	4.65	-999	-999	-999	26.13
24-08-2012	0	3.4	29.7	23.6	17.17	-999	-999	-999	27.58
25-08-2012	3.6	2.63	29.3	25.1	11.4	-999	-999	-999	27.08
26-08-2012	2	2.27	28.5	24.4	8.73	-999	-999	-999	26.77
27-08-2012	2.8	3.54	29.7	25.2	18.24	-999	-999	-999	27.25
28-08-2012	0	3.18	30	25.5	15.52	-999	-999	-999	27.29
29-08-2012	0	3.96	30.6	25	21.33	-999	-999	-999	26.96
30-08-2012	0.8	3.83	30.2	24.3	20.41	-999	-999	-999	26.88
31-08-2012	0.4	3.54	30.9	25.3	18.24	-999	-999	-999	27.48
01-09-2012	0	3.85	30	24.3	20.49	-999	-999	-999	27.37
02-09-2012	0	3.78	30.6	24.2	19.97	-999	-999	-999	26.79
03-09-2012	0	1.72	31.8	24.3	4.66	-999	-999	-999	27.47
04-09-2012	0	3.48	30.6	23.2	17.79	-999	-999	-999	27.54
05-09-2012	0	3.47	30.9	23.9	17.67	-999	-999	-999	27.57
06-09-2012	0	3.6	30.8	24.4	18.63	-999	-999	-999	27.25
07-09-2012	0	2.72	29.8	25.2	12.08	-999	-999	-999	27.29
08-09-2012	0	3.42	30.1	26.3	17.32	-999	-999	-999	27.06
09-09-2012	2.4	3.42	30.4	24.1	17.34	-999	-999	-999	27.87
10-09-2012	1.2	3.68	31.6	25	19.26	-999	-999	-999	27.2
11-09-2012	0	2.75	29.7	25.7	12.33	-999	-999	-999	26.89
12-09-2012	12	2.43	29.2	25.7	9.92	-999	-999	-999	27.17
13-09-2012	29.4	3.39	30.6	24.6	17.09	-999	-999	-999	27.06
14-09-2012	0	3.7	31	25.8	19.43	-999	-999	-999	26.81
15-09-2012	0	3.34	29.9	26.4	16.71	-999	-999	-999	27.24
16-09-2012	1	3.97	31.2	25.1	21.44	-999	-999	-999	27.15
17-09-2012	31.8	2.9	28.7	23.6	13.46	-999	-999	-999	26.26
18-09-2012	6.2	3.28	29.5	23	16.24	-999	-999	-999	27.14
19-09-2012	6.6	4.04	29.1	24.3	21.93	-999	-999	-999	27.15
20-09-2012	0.4	3.74	29.7	24	19.67	-999	-999	-999	27.45
21-09-2012	0.6	3.47	30.6	24.5	17.71	-999	-999	-999	27.09
22-09-2012	0	2.19	29.7	25.9	8.15	-999	-999	-999	28.56
23-09-2012	0	1.89	30.8	24.6	5.9	-999	-999	-999	28.36
24-09-2012	0	3.57	28.2	24.6	18.43	-999	-999	-999	28.35
25-09-2012	29	2.8	31.8	24.3	12.65	-999	-999	-999	26.53
26-09-2012	0.6	2.44	32.9	25.1	9.98	-999	-999	-999	26.5
27-09-2012	4.2	3.71	32.1	25	19.49	-999	-999	-999	26.52
28-09-2012	12.6	3.35	31.6	24.5	16.78	-999	-999	-999	26.6
29-09-2012	3.4	4.13	30.1	24.4	22.59	-999	-999	-999	27.7
30-09-2012	5.4	4	31.5	25	21.66	-999	-999	-999	27.63
01-10-2012	12.2	4.08	30	25.3	22.26	-999	-999	-999	26.85
02-10-2012	28.2	4.01	29.6	24.5	21.72	-999	-999	-999	26.68
03-10-2012	38.4	3.72	30.5	24.8	19.54	-999	-999	-999	26.3
04-10-2012	0.2	4.03	30.7	24.8	21.86	-999	-999	-999	26.11
05-10-2012	23.2	4.63	30.1	23.8	26.33	-999	-999	-999	25.22
06-10-2012	0	4.17	31	22.8	22.92	-999	-999	-999	26.1
07-10-2012	0.6	3.34	32.1	24.1	16.72	-999	-999	-999	26.89
08-10-2012	13.8	3.49	31.6	24.3	17.82	-999	-999	-999	26.46
09-10-2012	17.8	3.08	31.2	24.7	14.77	-999	-999	-999	27.16
10-10-2012	16.2	4.44	30.4	23.4	24.9	-999	-999	-999	27.16
11-10-2012	5.6	2.34	29.2	25.1	9.23	-999	-999	-999	26.91
12-10-2012	23.6	2.4	26.9	24.8	9.67	-999	-999	-999	26.04
13-10-2012	74.6	3.56	26.1	24.3	18.32	-999	-999	-999	25.18
14-10-2012	78.4	3.47	27.9	24.2	17.68	-999	-999	-999	26.19
15-10-2012	7.6	3.21	30.6	25.9	15.77	-999	-999	-999	27.03
16-10-2012	6.4	4.2	29.7	24.5	23.14	-999	-999	-999	26.79
17-10-2012	3.6	2.65	30.6	25.2	11.56	-999	-999	-999	26.77
18-10-2012	72.4	3.62	30.3	24.5	18.78	-999	-999	-999	25.67
19-10-2012	1	3.13	30.1	24.2	15.15	-999	-999	-999	26.65
20-10-2012	0	3.68	30.7	23.5	19.28	-999	-999	-999	25.94
21-10-2012	0	3.45	31	22.6	17.51	-999	-999	-999	25.66
22-10-2012	0	2.74	31.4	22.7	12.27	-999	-999	-999	25.67
23-10-2012	0	3.73	31.1	22.8	19.63	-999	-999	-999	26.12
24-10-2012	0	3.1	30.8	23.5	14.95	-999	-999	-999	26.58
25-10-2012	0	3.71	29.9	24.7	19.47	-999	-999	-999	27.18
26-10-2012	0	4.16	31.1	25.4	22.83	-999	-999	-999	27.87
27-10-2012	0	3.53	31.7	25	18.17	-999	-999	-999	27.63
28-10-2012	0	3.81	32.3	24.8	20.19	-999	-999	-999	27.11
29-10-2012	0	3.03	32	23.7	14.42	-999	-999	-999	26.56
30-10-2012	0	4.38	32	23.8	24.48	-999	-999	-999	26.71
31-10-2012	2.2	3	32.7	25.5	14.2	-999	-999	-999	27.38
01-11-2012	0.2	3.6	30.9	24.7	18.65	-999	-999	-999	26.68
02-11-2012	0	3.72	31.8	24.3	19.59	-999	-999	-999	26.97
03-11-2012	7.6	2.98	30	24	14.02	-999	-999	-999	26.09
04-11-2012	1.4	3.42	31.5	24.2	17.31	-999	-999	-999	26.99
05-11-2012	0.4	3.54	30.5	24.2	18.18	-999	-999	-999	27.15
06-11-2012	5.4	3.11	30.3	25.2	15	-999	-999	-999	27.39
07-11-2012	1.2	3.05	30.1	25	14.57	-999	-999	-999	27.52
08-11-2012	3.6	3.5	31.1	24.9	17.89	-999	-999	-999	27.14
09-11-2012	4.6	3.25	31	24.6	16.03	-999	-999	-999	26.21
10-11-2012	19.8	3.43	31.4	24	17.4	-999	-999	-999	26.3
11-11-2012	3.2	2.81	29.8	24.6	12.76	-999	-999	-999	26.1
12-11-2012	1.4	2.12	28.2	24.9	7.62	-999	-999	-999	26.68
13-11-2012	0.2	3.36	30.5	25.2	16.87	-999	-999	-999	27.48
14-11-2012	2.6	2.52	29.7	25	10.56	-999	-999	-999	27.15
15-11-2012	0	3.44	31.1	24.2	17.45	-999	-999	-999	26.51
16-11-2012	5.8	3.14	30.1	24.5	15.2	-999	-999	-999	26.31
17-11-2012	7.8	2.62	29.5	24.3	11.35	-999	-999	-999	26.56
18-11-2012	4.6	2.99	30.9	25	14.07	-999	-999	-999	26.91
19-11-2012	12.4	2.8	29.1	23.6	12.67	-999	-999	-999	26.16
20-11-2012	0	3.21	29.4	22.7	15.72	-999	-999	-999	25.67
21-11-2012	0	3.81	30.2	21.9	20.25	-999	-999	-999	25.28
22-11-2012	0	3.5	31.2	22.1	17.93	-999	-999	-999	26.14
23-11-2012	0	3.06	29.8	24.5	14.64	-999	-999	-999	27.23
24-11-2012	0	3.32	31.5	23.6	16.56	-999	-999	-999	26.43
25-11-2012	0.6	2.79	29.9	24.4	12.58	-999	-999	-999	26.9
26-11-2012	0	2.57	29.1	24.7	10.98	-999	-999	-999	27.02
27-11-2012	1	3.3	30.5	25	16.4	-999	-999	-999	27.35
28-11-2012	1	3.35	30.6	24.9	16.77	-999	-999	-999	27.14
29-11-2012	1.4	3.18	31.2	24.2	15.55	-999	-999	-999	26.3
30-11-2012	7.6	2.76	29.4	24	12.39	-999	-999	-999	25.82
01-12-2012	3.8	3.14	29.5	23.6	15.24	-999	-999	-999	25.43
02-12-2012	5.4	3.22	30.4	23.3	15.85	-999	-999	-999	25.22
03-12-2012	1.8	2.39	29.4	22.4	9.65	-999	-999	-999	24.66
04-12-2012	0	2.46	29.4	22.5	10.12	-999	-999	-999	24.51
05-12-2012	0.2	2.35	27.9	23.3	9.3	-999	-999	-999	25.02
06-12-2012	25.2	1.98	27	23.2	6.59	-999	-999	-999	24.18
07-12-2012	26.8	2.12	28.6	23.3	7.61	-999	-999	-999	25.68
08-12-2012	11.8	1.4	25.7	23.9	2.27	-999	-999	-999	25.71
09-12-2012	0.2	3.1	29.1	23.6	14.95	-999	-999	-999	26.26
10-12-2012	3.6	2.12	27.5	23.7	7.64	-999	-999	-999	25.78
11-12-2012	1.8	2.4	28.4	23.6	9.71	-999	-999	-999	26.6
12-12-2012	1.2	2.84	29.2	24.3	13	-999	-999	-999	26.63
13-12-2012	5.8	2.4	28.8	23.1	9.7	-999	-999	-999	25.34
14-12-2012	0	2.84	28.9	22.2	13	-999	-999	-999	24.5
15-12-2012	0	2.77	29.1	22	12.45	-999	-999	-999	24.4
16-12-2012	0.2	2.54	27.8	22.4	10.76	-999	-999	-999	24.57
17-12-2012	69.4	1.85	26.6	23.1	5.62	-999	-999	-999	24.23
18-12-2012	1.2	2.33	28.5	23.1	9.14	-999	-999	-999	25.45
19-12-2012	2	2.9	29.7	22.4	13.44	-999	-999	-999	24.61
20-12-2012	0	2.83	29.4	22.7	12.92	-999	-999	-999	25.06
21-12-2012	0.2	2.78	28.2	22.5	12.54	-999	-999	-999	24.52
22-12-2012	6	2.6	28.4	22.2	11.17	-999	-999	-999	25.23
23-12-2012	7.4	1.91	26.6	22.7	6.07	-999	-999	-999	24.08
24-12-2012	4	2.08	27.4	22.4	7.34	-999	-999	-999	24.92
25-12-2012	46.6	2.14	28.6	23.5	7.78	-999	-999	-999	24.62
26-12-2012	15.4	2.49	29.5	23.4	10.35	-999	-999	-999	25.03
27-12-2012	1.2	2.22	28.1	23.9	8.38	-999	-999	-999	25.86
28-12-2012	6	2.03	27.9	23.5	6.96	-999	-999	-999	25.05
29-12-2012	0	2.59	28	23.4	11.13	-999	-999	-999	25.94
30-12-2012	1.6	2.54	28.1	23	10.73	-999	-999	-999	25.55
31-12-2012	9.8	2.26	27.3	22.3	8.67	-999	-999	-999	23.94
01-01-2013	14.8	2.97	28.1	22.4	13.96	-999	-999	-999	24.84
02-01-2013	0.8	2.81	28.2	23	12.74	-999	-999	-999	25.48
03-01-2013	0.8	2.73	28.4	23.4	12.15	-999	-999	-999	25.83
04-01-2013	3.4	3	28.8	22.7	14.18	-999	-999	-999	25.58
05-01-2013	0	2.72	28.5	23.9	12.06	-999	-999	-999	26.11
06-01-2013	7	2.64	28	22.8	11.48	-999	-999	-999	25.57
07-01-2013	2.2	2.27	27.2	23.3	8.76	-999	-999	-999	25.47
08-01-2013	0.2	2.88	27.9	23.4	13.3	-999	-999	-999	26.15
09-01-2013	0	2.84	28.1	24.3	12.96	-999	-999	-999	26.04
10-01-2013	0.2	3.32	28	23.2	16.57	-999	-999	-999	25.7
11-01-2013	0.8	2.49	26.7	22.4	10.4	-999	-999	-999	24.28
12-01-2013	5.4	2.68	27.2	21.7	11.78	-999	-999	-999	23.44
13-01-2013	20.2	1.82	25.5	21.4	5.38	-999	-999	-999	21.98
14-01-2013	0	2.77	26.7	19.7	12.46	-999	-999	-999	22.75
15-01-2013	0	3.21	28.3	20.4	15.71	-999	-999	-999	23.44
16-01-2013	0	3.59	28.2	22	18.62	-999	-999	-999	24.56
17-01-2013	1.4	2.85	27.9	21	13.1	-999	-999	-999	24.61
18-01-2013	1	2.55	26.4	22.3	10.83	-999	-999	-999	24.53
19-01-2013	1.2	2.37	26.5	21.9	9.46	-999	-999	-999	24.06
20-01-2013	4.4	3.09	28	22.4	14.85	-999	-999	-999	24.8
21-01-2013	1.4	3.12	28.9	22.3	15.1	-999	-999	-999	25.17
22-01-2013	1.8	2.44	27	23.1	9.97	-999	-999	-999	25.52
23-01-2013	1.8	2.28	27.3	23.5	8.77	-999	-999	-999	25.58
24-01-2013	0	2.85	28.1	21.5	13.06	-999	-999	-999	24.58
25-01-2013	12.6	3.08	28.2	22.5	14.75	-999	-999	-999	24.29
26-01-2013	7.6	2.96	27.9	22.5	13.9	-999	-999	-999	24.9
27-01-2013	6.6	2.56	27.4	23.3	10.91	-999	-999	-999	24.28
28-01-2013	1.8	2.93	28.2	22.6	13.68	-999	-999	-999	24.81
29-01-2013	1.8	3.69	28.3	21.7	19.36	-999	-999	-999	24.52
30-01-2013	2.2	3.62	28.6	22.1	18.82	-999	-999	-999	24.62
31-01-2013	2.2	3.07	27.6	22.7	14.69	-999	-999	-999	25.2
01-02-2013	2.6	3.73	28.3	21.9	19.62	-999	-999	-999	24.46
02-02-2013	3.6	3.05	27.1	22	14.56	-999	-999	-999	24.23
03-02-2013	0	3.77	28.5	20.4	19.9	-999	-999	-999	23.76
04-02-2013	0	3.44	28.5	20.1	17.48	-999	-999	-999	23.47
05-02-2013	5.2	2.89	27.3	21.1	13.37	-999	-999	-999	24.17
06-02-2013	0	3.07	28.2	21.3	14.7	-999	-999	-999	24.67
07-02-2013	0.6	3.34	28.7	21.3	16.7	-999	-999	-999	24.2
08-02-2013	0.4	3	27.9	22.2	14.21	-999	-999	-999	24.73
09-02-2013	4.8	3.2	27.7	21.2	15.67	-999	-999	-999	24.72
10-02-2013	4.8	3.19	28.3	22.1	15.6	-999	-999	-999	24.11
11-02-2013	2.4	3.32	28.4	21.9	16.53	-999	-999	-999	23.93
12-02-2013	4	3.34	28	22.1	16.7	-999	-999	-999	23.91
13-02-2013	2.4	3.49	28.4	21.8	17.82	-999	-999	-999	24.46
14-02-2013	8.2	3.2	28.3	22.1	15.66	-999	-999	-999	25.05
15-02-2013	0.6	2.84	26.6	22.7	13.02	-999	-999	-999	24.97
16-02-2013	2	3.21	28	22.9	15.73	-999	-999	-999	25.48
17-02-2013	2.4	2.7	27.7	22.7	11.93	-999	-999	-999	25.12
18-02-2013	5.2	2.42	26.6	22.3	9.84	-999	-999	-999	24.65
19-02-2013	0.2	3.29	28.2	22.1	16.36	-999	-999	-999	25.3
20-02-2013	0	3.21	28.2	23.3	15.77	-999	-999	-999	25.58
21-02-2013	0	3.27	28	23.3	16.19	-999	-999	-999	25.59
22-02-2013	5	3.05	28.4	22.3	14.55	-999	-999	-999	24.48
23-02-2013	5.4	4.07	29.1	22.5	22.18	-999	-999	-999	24.81
24-02-2013	2.8	3.44	28.5	22.4	17.43	-999	-999	-999	24.8
25-02-2013	0.4	3.44	28.5	22.1	17.45	-999	-999	-999	25.24
26-02-2013	0.8	3.82	29.3	22.6	20.33	-999	-999	-999	25.51
27-02-2013	0	3.42	28.5	23.1	17.33	-999	-999	-999	25.71
28-02-2013	0.8	3.05	28.5	22	14.56	-999	-999	-999	25.12
01-03-2013	0	3.07	27.6	21	14.7	-999	-999	-999	24.13
02-03-2013	0	3.64	29	20.8	18.98	-999	-999	-999	24.64
03-03-2013	0	3.41	28.2	23	17.2	-999	-999	-999	25.46
04-03-2013	0	3.52	29.4	21.7	18.02	-999	-999	-999	24.83
05-03-2013	0	4.19	31	21	23.06	-999	-999	-999	24.35
06-03-2013	0	3.92	29.7	21.3	21.05	-999	-999	-999	24.38
07-03-2013	0	3.17	28.9	20.8	15.47	-999	-999	-999	25
08-03-2013	0	3.55	29.6	22.2	18.25	-999	-999	-999	25.08
09-03-2013	0	4.12	29.9	22	22.5	-999	-999	-999	25.1
10-03-2013	0	2.82	28.7	21.9	12.85	-999	-999	-999	24.69
11-03-2013	0	2.75	26.6	22.2	12.34	-999	-999	-999	24.18
12-03-2013	0	2.45	26.9	21.7	10.09	-999	-999	-999	24.21
13-03-2013	0	3.99	29	21.3	21.56	-999	-999	-999	24.22
14-03-2013	0	3.71	28.3	20.4	19.49	-999	-999	-999	24.14
15-03-2013	0	4	29.9	20.6	21.65	-999	-999	-999	24.19
16-03-2013	0	3.4	28.4	21.6	17.2	-999	-999	-999	24.72
17-03-2013	0	3.9	29.1	20.5	20.87	-999	-999	-999	24.96
18-03-2013	4	3.61	28.7	22	18.72	-999	-999	-999	24.85
19-03-2013	7.8	3.63	28.7	22	18.91	-999	-999	-999	25.19
20-03-2013	25.2	3.62	28.8	22.5	18.81	-999	-999	-999	24.91
21-03-2013	10.8	3.15	28.8	22.8	15.29	-999	-999	-999	25.59
22-03-2013	12.8	2.63	28.1	24.4	11.45	-999	-999	-999	25.56
23-03-2013	0	3.76	29.7	23.4	19.81	-999	-999	-999	25.63
24-03-2013	3	3.8	29.5	23	20.12	-999	-999	-999	25.57
25-03-2013	0.4	3.18	29.5	23.4	15.54	-999	-999	-999	25.93
26-03-2013	2	3.8	29.4	23.4	20.17	-999	-999	-999	26.28
27-03-2013	1	2.78	28.9	23.5	12.54	-999	-999	-999	26.05
28-03-2013	0.2	2.74	29	23.9	12.27	-999	-999	-999	26.12
29-03-2013	61.2	2.02	27	22.9	6.89	-999	-999	-999	25.05
30-03-2013	26.2	2.16	25.4	22.7	7.94	-999	-999	-999	24.08
31-03-2013	3.8	3.9	28.7	23.3	20.86	-999	-999	-999	26.23
01-04-2013	9.6	3.28	29.2	23.7	16.24	-999	-999	-999	26.1
02-04-2013	0	3.26	29	24.5	16.12	-999	-999	-999	27.03
03-04-2013	3.2	3.61	29.2	23.6	18.72	-999	-999	-999	26.33
04-04-2013	36.4	1.99	24.7	22.8	6.66	-999	-999	-999	24.09
05-04-2013	1	3.12	28.6	23.3	15.1	-999	-999	-999	25.75
06-04-2013	5.4	3.55	29.7	24.3	18.32	-999	-999	-999	26.43
07-04-2013	11	2.69	28.3	23.7	11.9	-999	-999	-999	25.85
08-04-2013	3.6	3.26	28.9	23.8	16.15	-999	-999	-999	26
09-04-2013	0.8	3.81	30.2	23.3	20.2	-999	-999	-999	26.07
10-04-2013	0.2	3.61	29.1	23.1	18.76	-999	-999	-999	26.08
11-04-2013	1.4	3.73	28.5	22.7	19.61	-999	-999	-999	26.09
12-04-2013	1.8	3.96	30	23.5	21.34	-999	-999	-999	26.28
13-04-2013	0.8	3.45	29.6	23.6	17.56	-999	-999	-999	26.18
14-04-2013	0	3.9	29.8	24.5	20.91	-999	-999	-999	27.06
15-04-2013	0.2	3.87	29.7	24.3	20.65	-999	-999	-999	26.98
16-04-2013	10	2.91	28.3	23.3	13.49	-999	-999	-999	24.82
17-04-2013	14.8	2.37	27.9	22.5	9.46	-999	-999	-999	24.53
18-04-2013	61.6	2.63	27.6	22.7	11.43	-999	-999	-999	24.31
19-04-2013	102.6	2.23	25.6	21.9	8.43	-999	-999	-999	23.16
20-04-2013	26.4	1.89	26.5	22.4	5.88	-999	-999	-999	23.95
21-04-2013	9.4	2.56	27.4	22.4	10.88	-999	-999	-999	24.25
22-04-2013	0	3.39	28.3	22.4	17.12	-999	-999	-999	24.96
23-04-2013	53.8	2.62	27.2	22.7	11.37	-999	-999	-999	24.51
24-04-2013	11.2	2.98	28.3	22.9	14.05	-999	-999	-999	26.14
25-04-2013	128	2.7	28.3	22.5	11.93	-999	-999	-999	24.52
26-04-2013	5	3.36	29.9	22.1	16.86	-999	-999	-999	24.51
27-04-2013	18	4.04	30.5	22.9	21.96	-999	-999	-999	25.45
28-04-2013	36.2	3.09	29	22.4	14.83	-999	-999	-999	25.14
29-04-2013	24.2	3.42	30.1	23.3	17.34	-999	-999	-999	25.41
30-04-2013	152.2	2.19	26.9	22.4	8.15	-999	-999	-999	24.09
01-05-2013	31.4	2.67	28.6	23.2	11.69	-999	-999	-999	24.96
02-05-2013	0.4	3.07	30.4	23.2	14.73	-999	-999	-999	25.96
03-05-2013	5.2	4.12	31.6	23.3	22.56	-999	-999	-999	26.29
04-05-2013	0.8	4.57	31.9	23.6	25.91	-999	-999	-999	26.9
05-05-2013	0	4.3	31.4	24.1	23.87	-999	-999	-999	27.19
06-05-2013	0	3.92	31.4	24.2	21.01	-999	-999	-999	26.97
07-05-2013	0	4.24	30.9	23.7	23.47	-999	-999	-999	26.56
08-05-2013	0	4.4	31.4	23.1	24.62	-999	-999	-999	26.32
09-05-2013	0.6	4.52	32.2	23.3	25.53	-999	-999	-999	26.89
10-05-2013	1.6	3.21	30.2	24.2	15.75	-999	-999	-999	27.08
11-05-2013	1.2	3.55	29.9	24.7	18.29	-999	-999	-999	27.34
12-05-2013	4.2	3.95	31.1	23.8	21.28	-999	-999	-999	26.54
13-05-2013	2	3.37	30	23.7	16.92	-999	-999	-999	27.04
14-05-2013	3.4	3.24	29.7	24.8	15.99	-999	-999	-999	26.84
15-05-2013	0.8	2.74	28.9	24.7	12.2	-999	-999	-999	26.97
16-05-2013	0	4.41	31.1	24.5	24.68	-999	-999	-999	27.23
17-05-2013	0.6	3.53	30.4	24.7	18.16	-999	-999	-999	27.28
18-05-2013	0	3.03	29	24.5	14.4	-999	-999	-999	27.2
19-05-2013	3.8	3.09	29.3	24.7	14.83	-999	-999	-999	27.27
20-05-2013	5.2	3.39	30.2	24.1	17.12	-999	-999	-999	26.81
21-05-2013	28	2.47	28.6	23.5	10.25	-999	-999	-999	24.75
22-05-2013	4	2.43	27.2	24.4	9.96	-999	-999	-999	26.3
23-05-2013	0.6	3.43	29.8	24.2	17.36	-999	-999	-999	26.84
24-05-2013	3.2	3.17	29.3	24.1	15.45	-999	-999	-999	26.72
25-05-2013	20.2	2.75	29	24.5	12.31	-999	-999	-999	26.58
26-05-2013	55	2.29	28.6	22.9	8.91	-999	-999	-999	25.62
27-05-2013	3.6	2.2	28	25.6	8.24	-999	-999	-999	26.85
28-05-2013	3.8	2.84	29.6	24.4	12.96	-999	-999	-999	27.06
29-05-2013	0	2.92	29.7	25.5	13.6	-999	-999	-999	27.32
30-05-2013	8.6	3.1	29.6	25.4	14.96	-999	-999	-999	27.19
31-05-2013	0.2	3.47	30.4	25.3	17.7	-999	-999	-999	27.36
01-06-2013	0.2	3.56	30.1	25.1	18.37	-999	-999	-999	27.04
02-06-2013	0.6	3.52	30.5	24.7	18.08	-999	-999	-999	26.97
03-06-2013	70.2	1.99	27.9	24.8	6.65	-999	-999	-999	25.91
04-06-2013	0.2	3.15	29.8	25.8	15.33	-999	-999	-999	27.19
05-06-2013	0	3.35	30	25.4	16.77	-999	-999	-999	27.06
06-06-2013	1	3.68	30.1	24.1	19.28	-999	-999	-999	26.47
07-06-2013	1.2	3.78	30.6	23.8	20.02	-999	-999	-999	26.51
08-06-2013	0.2	3.27	30.2	23.2	16.18	-999	-999	-999	26.33
09-06-2013	1.8	2.97	29.7	25.5	13.93	-999	-999	-999	27.14
10-06-2013	34.2	1.97	27.8	24.6	6.47	-999	-999	-999	25.86
11-06-2013	2	3	30.9	25.5	14.15	-999	-999	-999	27.14
12-06-2013	13.7	3.08	30.3	25.5	14.76	-999	-999	-999	26.94
13-06-2013	28.3	2.31	29.1	24.9	9.06	-999	-999	-999	26.3
14-06-2013	15.7	2.83	29.9	25.3	12.89	-999	-999	-999	26.83
15-06-2013	2.4	3.46	30.7	25.9	17.63	-999	-999	-999	27.48
16-06-2013	6.6	3.15	30.8	25.5	15.27	-999	-999	-999	27
17-06-2013	0	2.6	28.9	25.3	11.2	-999	-999	-999	26.94
18-06-2013	14.5	2.84	29.8	24.6	12.96	-999	-999	-999	26.97
19-06-2013	30.8	2.24	28.4	22.9	8.52	-999	-999	-999	25.86
20-06-2013	0	3.59	30.9	24.9	18.6	-999	-999	-999	27.05
21-06-2013	14.9	3.65	30.4	24.1	18.99	-999	-999	-999	26.46
22-06-2013	4.4	3.75	30.6	23.8	19.8	-999	-999	-999	26.76
23-06-2013	13.7	3.75	30.7	24.6	19.8	-999	-999	-999	27.29
24-06-2013	3.6	3.49	30.6	25.3	17.81	-999	-999	-999	27.32
25-06-2013	50.3	2.44	30	25	10.01	-999	-999	-999	25.97
26-06-2013	1	2.47	28.8	25	10.26	-999	-999	-999	26.74
27-06-2013	13.1	3.5	30.6	24.8	17.92	-999	-999	-999	26.73
28-06-2013	1.2	3.73	31	24.9	19.63	-999	-999	-999	27.21
29-06-2013	16.3	3.25	30.4	24	16.08	-999	-999	-999	26.71
30-06-2013	25.5	2.08	28.2	23.9	7.3	-999	-999	-999	25.96
01-07-2013	1.6	3.65	30.8	24.8	19.02	-999	-999	-999	27.04
02-07-2013	2.4	3.5	29.9	24.5	17.92	-999	-999	-999	26.36
03-07-2013	7.4	3.58	30.1	24	18.53	-999	-999	-999	26.77
04-07-2013	0	3.38	29.7	25.7	17.02	-999	-999	-999	27.25
05-07-2013	0.8	3.35	29.9	24.7	16.82	-999	-999	-999	26.6
06-07-2013	6.2	3.16	29.6	24.5	15.34	-999	-999	-999	26.52
07-07-2013	16.7	3.17	29.4	25.3	15.42	-999	-999	-999	26.85
08-07-2013	50.1	2.34	28.8	24.5	9.23	-999	-999	-999	26.33
09-07-2013	37.2	2.19	28.5	25.3	8.11	-999	-999	-999	26.41
10-07-2013	0.6	3.29	30.1	25.7	16.36	-999	-999	-999	27.36
11-07-2013	0	3.61	30.8	25	18.71	-999	-999	-999	27.37
12-07-2013	0	4.06	31.3	24.3	22.12	-999	-999	-999	27.03
13-07-2013	1	3.86	30	23.3	20.58	-999	-999	-999	26.53
14-07-2013	29.5	3.21	29.7	24.3	15.77	-999	-999	-999	26.01
15-07-2013	6.8	3.32	29.4	23.9	16.57	-999	-999	-999	26.67
16-07-2013	29.9	2.98	30.5	24.3	14.02	-999	-999	-999	26.86
17-07-2013	6.6	3.09	30.1	25.4	14.87	-999	-999	-999	26.96
18-07-2013	8.8	3.31	30.9	25.4	16.46	-999	-999	-999	27.37
19-07-2013	0	3.64	30.3	25.5	18.96	-999	-999	-999	27.57
20-07-2013	1.2	4.25	31.2	25.2	23.49	-999	-999	-999	27.55
21-07-2013	36.8	2.62	29.9	25	11.33	-999	-999	-999	26.32
22-07-2013	6.2	3.27	30.8	25.7	16.17	-999	-999	-999	27.48
23-07-2013	0	3.56	30.6	25.7	18.35	-999	-999	-999	27.69
24-07-2013	0.6	4.01	31.9	25.6	21.71	-999	-999	-999	27.76
25-07-2013	8.2	3.65	30.8	24.6	19	-999	-999	-999	26.96
26-07-2013	12.3	3.59	30.1	24.4	18.61	-999	-999	-999	26.87
27-07-2013	0.8	4.01	31	24.5	21.68	-999	-999	-999	27.05
28-07-2013	0	4.49	32.1	23.7	25.29	-999	-999	-999	27.28
29-07-2013	0.6	3.56	31.2	24.4	18.33	-999	-999	-999	27.29
30-07-2013	18.7	4.31	32.5	25.1	23.98	-999	-999	-999	27.86
31-07-2013	56.9	2.84	30.1	24.5	13	-999	-999	-999	26.02
01-08-2013	6.6	3.94	30.6	24.4	21.18	-999	-999	-999	27.47
02-08-2013	0.2	3.11	30.9	25.9	15.02	-999	-999	-999	27.78
03-08-2013	0	3.77	31.8	26.2	19.91	-999	-999	-999	28.25
04-08-2013	0	3.85	32	26.2	20.55	-999	-999	-999	28.29
05-08-2013	6.6	4.12	31.8	24.3	22.56	-999	-999	-999	27.38
06-08-2013	23.5	3.91	31.1	24.3	20.93	-999	-999	-999	27.23
07-08-2013	55.7	1.99	27.6	24.9	6.65	-999	-999	-999	25.71
08-08-2013	11.5	3.48	31	24.5	17.76	-999	-999	-999	27.1
09-08-2013	62.9	2.74	29.9	24.5	12.23	-999	-999	-999	26.61
10-08-2013	50.9	2.56	28.2	22.5	10.87	-999	-999	-999	25.19
11-08-2013	11.3	2.57	29.6	24	11	-999	-999	-999	26.1
12-08-2013	2	3.96	31.1	24.4	21.34	-999	-999	-999	27.41
13-08-2013	5	2.9	29.8	25	13.4	-999	-999	-999	26.99
14-08-2013	1.8	3.43	31.4	25.7	17.37	-999	-999	-999	27.84
15-08-2013	2.8	4.05	31.3	24.9	22.02	-999	-999	-999	27.41
16-08-2013	3.8	3.75	31.2	24.9	19.78	-999	-999	-999	27.32
17-08-2013	6.8	3.58	32.2	25	18.48	-999	-999	-999	27.73
18-08-2013	18.9	3.25	31.3	24.5	16.04	-999	-999	-999	27.28
19-08-2013	16.5	3.01	29.6	25.7	14.28	-999	-999	-999	27.1
20-08-2013	0.8	4.01	32.3	25.4	21.73	-999	-999	-999	27.91
21-08-2013	4	3.07	31.4	25.9	14.7	-999	-999	-999	27.74
22-08-2013	9.6	2.88	31.4	24.9	13.29	-999	-999	-999	27.64
23-08-2013	0	3.74	32.3	25.7	19.71	-999	-999	-999	28.1
24-08-2013	18.7	3.12	30.8	26.1	15.06	-999	-999	-999	27.23
25-08-2013	23.9	2.8	30.5	25.5	12.66	-999	-999	-999	26.94
26-08-2013	21.9	2.74	30.4	25.3	12.25	-999	-999	-999	26.98
27-08-2013	24.5	3.65	32.2	24.5	19.04	-999	-999	-999	27.06
28-08-2013	11.1	3.87	31.9	24.8	20.68	-999	-999	-999	27.6
29-08-2013	9.4	3.51	32.1	24.5	17.95	-999	-999	-999	27.29
30-08-2013	0.2	3.8	32.4	25.7	20.12	-999	-999	-999	28.18
31-08-2013	32.8	3.24	31.9	25.4	16	-999	-999	-999	27.56
01-09-2013	24.3	1.84	27.5	25.1	5.49	-999	-999	-999	26.23
02-09-2013	8	3.17	31.4	24.7	15.42	-999	-999	-999	26.59
03-09-2013	85.2	1.61	26.5	23.6	3.81	-999	-999	-999	25.35
04-09-2013	2.8	3.37	32.2	24.6	16.91	-999	-999	-999	27.38
05-09-2013	1	1.87	29.1	25.2	5.77	-999	-999	-999	26.44
06-09-2013	0	3.1	30.7	25.4	14.89	-999	-999	-999	27.29
07-09-2013	0.2	3.69	31.1	24.8	19.33	-999	-999	-999	27.74
08-09-2013	0	3.56	32.6	25.6	18.37	-999	-999	-999	28.15
09-09-2013	0.2	3.43	31.3	25.5	17.36	-999	-999	-999	27.71
10-09-2013	15.5	3.15	30.8	24.6	15.31	-999	-999	-999	26.52
11-09-2013	14.1	3.92	32.9	24.2	21.04	-999	-999	-999	27.44
12-09-2013	11.9	2.57	29.4	25.6	10.97	-999	-999	-999	26.71
13-09-2013	2.4	3.56	30.6	24.6	18.32	-999	-999	-999	27.06
14-09-2013	0	3.47	31	25.8	17.68	-999	-999	-999	27.86
15-09-2013	14.5	3.21	29.9	26.4	15.77	-999	-999	-999	27.87
16-09-2013	0.6	4.2	31.2	25.1	23.14	-999	-999	-999	27.39
17-09-2013	17.1	2.65	28.7	23.6	11.56	-999	-999	-999	25.29
18-09-2013	28.7	3.62	29.5	23	18.78	-999	-999	-999	25.7
19-09-2013	30.4	3.13	29.1	24.3	15.15	-999	-999	-999	25.88
20-09-2013	5	3.68	29.7	24	19.28	-999	-999	-999	26.82
21-09-2013	2.6	3.45	30.6	24.5	17.51	-999	-999	-999	27.07
22-09-2013	1	2.74	29.7	25.9	12.27	-999	-999	-999	27.34
23-09-2013	9	3.73	30.8	24.6	19.63	-999	-999	-999	27.03
24-09-2013	59.7	3.1	28.2	24.6	14.95	-999	-999	-999	25.9
25-09-2013	0.2	3.71	31.8	24.3	19.47	-999	-999	-999	27.64
26-09-2013	0	4.16	32.9	25.1	22.83	-999	-999	-999	28.39
27-09-2013	10.9	3.53	32.1	25	18.17	-999	-999	-999	27.49
28-09-2013	0.4	3.81	31.6	24.5	20.19	-999	-999	-999	27.61
29-09-2013	39	3.03	30.1	24.4	14.42	-999	-999	-999	26.34
30-09-2013	0.2	4.38	31.5	25	24.48	-999	-999	-999	28.02
01-10-2013	16.1	3.58	32	24.9	18.51	-999	-999	-999	27.68
02-10-2013	14.5	3.41	31.4	24.5	17.28	-999	-999	-999	27.37
03-10-2013	13.9	3.63	31.5	24.9	18.85	-999	-999	-999	27.48
04-10-2013	0.6	3.53	31.8	24.7	18.1	-999	-999	-999	27.45
05-10-2013	35	3.46	32.2	24.1	17.63	-999	-999	-999	27.11
06-10-2013	0.6	2.83	31.4	24.4	12.93	-999	-999	-999	26.91
07-10-2013	24.5	2.86	29.7	25	13.11	-999	-999	-999	26.57
08-10-2013	8.4	2.37	28.5	24.4	9.46	-999	-999	-999	26.21
09-10-2013	3	3.66	31.4	24.5	19.07	-999	-999	-999	27.28
10-10-2013	15.3	3.68	32	24.6	19.22	-999	-999	-999	27.14
11-10-2013	4.8	3.39	31.3	25	17.12	-999	-999	-999	27.38
12-10-2013	2.6	3.67	32.3	25	19.21	-999	-999	-999	27.7
13-10-2013	12.3	3.57	31.7	24.4	18.45	-999	-999	-999	27.82
14-10-2013	0.4	3.36	32.1	25.7	16.9	-999	-999	-999	27.88
15-10-2013	3.2	3.22	31.4	25	15.83	-999	-999	-999	27.33
16-10-2013	0.4	3.42	32.7	24.4	17.31	-999	-999	-999	27.52
17-10-2013	27.1	3.15	33	24.3	15.29	-999	-999	-999	27.08
18-10-2013	0	3.37	32.6	24.1	16.95	-999	-999	-999	27.24
19-10-2013	66.3	2.31	31.1	24.8	9.03	-999	-999	-999	26.41
20-10-2013	23.9	1.91	27.7	24.7	6.02	-999	-999	-999	26.02
21-10-2013	6.4	2.7	30.3	25.5	11.93	-999	-999	-999	27.21
22-10-2013	0.2	3.11	31.3	25.5	14.97	-999	-999	-999	27.51
23-10-2013	21.1	2.9	30.9	24.3	13.41	-999	-999	-999	26.6
24-10-2013	19.7	2.16	29.1	24.8	7.9	-999	-999	-999	26.41
25-10-2013	11.9	2.95	30.4	24	13.79	-999	-999	-999	26.99
26-10-2013	0.6	2.64	30.4	23.3	11.5	-999	-999	-999	26.88
27-10-2013	13.7	3.28	31.1	24.9	16.25	-999	-999	-999	27.17
28-10-2013	12.1	2.18	28.5	25.1	8.03	-999	-999	-999	26.49
29-10-2013	0.8	3.25	31.6	25.1	16.02	-999	-999	-999	27.32
30-10-2013	0	2.87	31	24.8	13.23	-999	-999	-999	26.76
31-10-2013	8	1.94	27.5	25.1	6.23	-999	-999	-999	26.03
01-11-2013	22.7	2.72	31	23.7	12.05	-999	-999	-999	26.47
02-11-2013	11.7	2.21	28.8	24	8.32	-999	-999	-999	25.74
03-11-2013	4.2	2.96	30.9	24.3	13.87	-999	-999	-999	26.74
04-11-2013	7.6	2.97	30.6	24.3	13.96	-999	-999	-999	26.52
05-11-2013	0.8	3.08	31.1	23.5	14.8	-999	-999	-999	26.42
06-11-2013	14.9	2.89	30.4	23.5	13.33	-999	-999	-999	25.69
07-11-2013	26.9	2.79	30.3	23.7	12.59	-999	-999	-999	25.4
08-11-2013	1.8	2.69	30.4	22.9	11.86	-999	-999	-999	26.28
09-11-2013	48.4	2.87	30.9	24.3	13.21	-999	-999	-999	26.54
10-11-2013	4.4	2.89	30.2	24.5	13.33	-999	-999	-999	26.75
11-11-2013	5.8	2.7	30.3	23.8	11.94	-999	-999	-999	26.93
12-11-2013	14.3	2.82	30.3	24.9	12.82	-999	-999	-999	26.95
13-11-2013	7.4	2.96	30.2	24.9	13.92	-999	-999	-999	26.98
14-11-2013	17.7	2.85	30.9	24.7	13.05	-999	-999	-999	26.72
15-11-2013	22.7	2.85	31.3	23.9	13.07	-999	-999	-999	26.22
16-11-2013	10.5	2.51	29.5	23.7	10.54	-999	-999	-999	25.54
17-11-2013	5.2	2.86	31	22.1	13.12	-999	-999	-999	24.72
18-11-2013	0	3.19	31.9	21.4	15.61	-999	-999	-999	25.49
19-11-2013	0.2	2.59	30.6	22.7	11.13	-999	-999	-999	25.56
20-11-2013	39.4	1.99	28.3	23.2	6.61	-999	-999	-999	24.9
21-11-2013	1.2	2.35	28.7	23.6	9.31	-999	-999	-999	25.81
22-11-2013	0	2.46	29	23.1	10.15	-999	-999	-999	25.65
23-11-2013	0	2.68	29.9	23.5	11.82	-999	-999	-999	25.59
24-11-2013	19.5	2.35	29.6	24	9.36	-999	-999	-999	25.56
25-11-2013	4	2.78	30.6	24.2	12.52	-999	-999	-999	26.43
26-11-2013	5	2.89	29.9	24.2	13.34	-999	-999	-999	26.13
27-11-2013	3.6	3.19	30.5	23.5	15.6	-999	-999	-999	25.98
28-11-2013	5	2.99	30.7	23.7	14.1	-999	-999	-999	25.6
29-11-2013	0	2.94	30.1	23.2	13.72	-999	-999	-999	25.41
30-11-2013	2.8	3.36	30.4	22.8	16.88	-999	-999	-999	25.85
01-12-2013	13.9	2.4	29.2	22.8	9.67	-999	-999	-999	24.82
02-12-2013	0.8	2.69	29.9	22.6	11.84	-999	-999	-999	25.37
03-12-2013	36.4	2.06	28.8	23.7	7.18	-999	-999	-999	25.25
04-12-2013	2	3.02	30.7	24	14.3	-999	-999	-999	26.09
05-12-2013	9.8	2.98	30	23.1	14.05	-999	-999	-999	25.75
06-12-2013	5	2.37	27.1	22.6	9.51	-999	-999	-999	24.28
07-12-2013	90.3	1.56	24	20.8	3.45	-999	-999	-999	22.5
08-12-2013	91.7	1.9	26.6	22.5	5.93	-999	-999	-999	23.98
09-12-2013	9	3.15	28.7	23.3	15.28	-999	-999	-999	25.37
10-12-2013	1.2	2.78	29.4	23.5	12.51	-999	-999	-999	25.62
11-12-2013	31.2	2.1	27.7	23.1	7.46	-999	-999	-999	24.8
12-12-2013	15.9	2.09	27.8	23.1	7.37	-999	-999	-999	25.07
13-12-2013	9.4	2.22	27.6	23.6	8.39	-999	-999	-999	25.18
14-12-2013	9.8	2.99	29.7	24.1	14.12	-999	-999	-999	25.69
15-12-2013	0.8	2.76	29.2	24.2	12.4	-999	-999	-999	26
16-12-2013	4	2.37	28.2	23.8	9.45	-999	-999	-999	25.4
17-12-2013	6.6	3	29.6	23.4	14.17	-999	-999	-999	25.54
18-12-2013	2.2	3.05	29.8	23.3	14.57	-999	-999	-999	25.35
19-12-2013	6.2	2.73	28.5	23.5	12.18	-999	-999	-999	25.33
20-12-2013	28.7	1.85	25.3	23.1	5.61	-999	-999	-999	24
21-12-2013	5	2.93	28.2	23.1	13.66	-999	-999	-999	24.94
22-12-2013	10.5	3.02	28.8	22.6	14.32	-999	-999	-999	24.72
23-12-2013	9.4	2.87	28.3	22.9	13.2	-999	-999	-999	24.8
24-12-2013	17.3	2.22	28	22.3	8.33	-999	-999	-999	23.88
25-12-2013	0	2.57	29.3	22.9	10.96	-999	-999	-999	25.03
26-12-2013	1.2	2.41	28.9	23.8	9.8	-999	-999	-999	25.68
27-12-2013	2	2.62	28.2	23.5	11.32	-999	-999	-999	25.18
28-12-2013	7.6	2.77	28.2	23.1	12.49	-999	-999	-999	24.86
29-12-2013	6	2.71	28	22.7	12	-999	-999	-999	24.86
30-12-2013	0.6	2.44	28.2	24.1	9.98	-999	-999	-999	25.51
31-12-2013	10	2.59	28.1	23.7	11.09	-999	-999	-999	25.27
01-01-2014	4.6	2.57	27.8	23.3	10.94	-999	-999	-999	24.92
02-01-2014	5.2	2.96	28.5	23.3	13.88	-999	-999	-999	25.11
03-01-2014	6.8	3.05	29	21.1	14.58	-999	-999	-999	24.72
04-01-2014	20.3	2.24	26.5	23.2	8.52	-999	-999	-999	24.61
05-01-2014	6.8	2.86	28.3	23	13.11	-999	-999	-999	25.07
06-01-2014	18.1	2.69	28.1	22.7	11.86	-999	-999	-999	24.87
07-01-2014	8.2	2.66	27.7	23.8	11.66	-999	-999	-999	24.96
08-01-2014	7.6	2.45	27.5	22.7	10.04	-999	-999	-999	24.57
09-01-2014	11.5	2.64	28.2	22.6	11.5	-999	-999	-999	24.85
10-01-2014	12.1	2.92	27.8	22	13.57	-999	-999	-999	24.28
11-01-2014	5.6	3.08	28.5	22.4	14.75	-999	-999	-999	24.54
12-01-2014	10.5	3	27.8	21.9	14.16	-999	-999	-999	24.4
13-01-2014	13.3	2.93	28	22	13.68	-999	-999	-999	24.14
14-01-2014	0.8	3.07	27.9	22	14.67	-999	-999	-999	23.87
15-01-2014	1.4	3.24	28.4	20.9	15.96	-999	-999	-999	23.76
16-01-2014	2.4	2.97	27.7	21.9	13.97	-999	-999	-999	24.12
17-01-2014	0.2	3.24	29.2	22	15.96	-999	-999	-999	24.87
18-01-2014	3.2	2.4	28.1	23.4	9.72	-999	-999	-999	25.28
19-01-2014	0	2.58	28.4	23.6	11.07	-999	-999	-999	25.41
20-01-2014	3.4	3.06	28.9	22.6	14.59	-999	-999	-999	24.85
21-01-2014	10.9	2.69	28.2	21.8	11.9	-999	-999	-999	23.92
22-01-2014	7.4	2.96	28.8	22.4	13.89	-999	-999	-999	24.88
23-01-2014	33	2.61	28.4	23.1	11.26	-999	-999	-999	24.68
24-01-2014	18.5	2.75	28.4	22.5	12.28	-999	-999	-999	24.37
25-01-2014	9	2.33	26.8	22.4	9.18	-999	-999	-999	24.12
26-01-2014	11.3	2.9	28.5	22.5	13.43	-999	-999	-999	24.4
27-01-2014	3.6	2.75	27.2	22.9	12.32	-999	-999	-999	24.57
28-01-2014	4.4	2.91	27.4	22.9	13.49	-999	-999	-999	24.5
29-01-2014	4.6	3	28.1	21.9	14.19	-999	-999	-999	24.39
30-01-2014	1	3.31	28.4	22.2	16.46	-999	-999	-999	24.32
31-01-2014	22.3	3.25	27.9	21.9	16.02	-999	-999	-999	24.07
01-02-2014	14.3	3.2	28.1	21.5	15.69	-999	-999	-999	24.26
02-02-2014	3.4	3.1	28.2	22.2	14.93	-999	-999	-999	24.58
03-02-2014	3.6	3.08	29	22.7	14.77	-999	-999	-999	24.94
04-02-2014	5.4	3.16	28.6	22	15.41	-999	-999	-999	24.43
05-02-2014	14.3	3.08	28.3	21.7	14.74	-999	-999	-999	24.4
06-02-2014	15.7	2.83	28.3	22.6	12.89	-999	-999	-999	24.71
07-02-2014	0.8	3.19	28.9	23.3	15.6	-999	-999	-999	25.08
08-02-2014	2.8	2.6	27.7	23.1	11.16	-999	-999	-999	24.49
09-02-2014	0.2	2.54	28.1	23.4	10.71	-999	-999	-999	25.01
10-02-2014	0	2.88	28.3	23.5	13.32	-999	-999	-999	25.15
11-02-2014	0.4	2.92	28.2	23.1	13.58	-999	-999	-999	25.09
12-02-2014	12.7	2.15	26.6	22.8	7.82	-999	-999	-999	24.65
13-02-2014	5.4	1.9	26.9	23.1	5.98	-999	-999	-999	24.15
14-02-2014	0.6	2.72	28	23.2	12.11	-999	-999	-999	24.93
15-02-2014	0	3.35	29	22.3	16.81	-999	-999	-999	25.12
16-02-2014	2.2	3.4	29.5	22.3	17.19	-999	-999	-999	25
17-02-2014	0.8	3.49	28.9	21.7	17.87	-999	-999	-999	24.24
18-02-2014	2.8	2.71	27.7	21.8	11.99	-999	-999	-999	24.06
19-02-2014	5.8	2.5	26.8	22.4	10.44	-999	-999	-999	24.06
20-02-2014	17.9	3.36	28.3	21.7	16.87	-999	-999	-999	24.34
21-02-2014	3.8	3.19	28.4	22.3	15.58	-999	-999	-999	24.33
22-02-2014	5.8	3.37	28.1	21.5	16.96	-999	-999	-999	24.02
23-02-2014	1.6	3.36	28.2	22.2	16.88	-999	-999	-999	24.28
24-02-2014	1.2	3.4	28.2	21.8	17.17	-999	-999	-999	24.41
25-02-2014	1.6	3.75	29.1	22.3	19.81	-999	-999	-999	24.73
26-02-2014	18.7	2.64	27.4	21.4	11.47	-999	-999	-999	23.56
27-02-2014	7.8	2.95	28	21.9	13.81	-999	-999	-999	24.04
28-02-2014	1.4	3.27	29	22	16.2	-999	-999	-999	24.61
01-03-2014	2.6	3.13	28.6	22.3	15.12	-999	-999	-999	24.69
02-03-2014	21.1	2.77	28.3	21.6	12.43	-999	-999	-999	23.85
03-03-2014	5.4	2.99	29.3	20.9	14.14	-999	-999	-999	23.7
04-03-2014	8.2	3.06	28.6	21.4	14.66	-999	-999	-999	23.98
05-03-2014	2.2	3.17	28.8	22.2	15.45	-999	-999	-999	24.75
06-03-2014	1.4	3.8	29.5	22.2	20.14	-999	-999	-999	24.7
07-03-2014	12.5	2.64	27.5	21.8	11.47	-999	-999	-999	24.29
08-03-2014	4	3.66	28.6	21.4	19.13	-999	-999	-999	24.73
09-03-2014	5	3.24	28.2	21.3	16	-999	-999	-999	24.09
10-03-2014	0.2	4.05	30	20.8	21.98	-999	-999	-999	24.46
11-03-2014	4.6	4.17	29.8	21	22.91	-999	-999	-999	24.38
12-03-2014	0	3.51	29.3	21.2	18.02	-999	-999	-999	24.21
13-03-2014	1	3.83	29.4	21.2	20.39	-999	-999	-999	24.52
14-03-2014	42.2	3.42	28.9	22.1	17.31	-999	-999	-999	24.25
15-03-2014	1.4	3.76	29.9	20.8	19.88	-999	-999	-999	24.3
16-03-2014	3	3.62	29.4	21.9	18.83	-999	-999	-999	24.88
17-03-2014	0	3.57	29.4	22.8	18.4	-999	-999	-999	25.21
18-03-2014	0	3.92	29.7	21.9	21.01	-999	-999	-999	25.17
19-03-2014	0	3.88	30.1	21.9	20.78	-999	-999	-999	24.65
20-03-2014	0	3.85	29.9	21.9	20.49	-999	-999	-999	25.1
21-03-2014	5.8	2.66	28.3	23.4	11.62	-999	-999	-999	25.12
22-03-2014	0	3.63	29.4	22.8	18.88	-999	-999	-999	25.48
23-03-2014	0.2	4.23	30.4	22.2	23.33	-999	-999	-999	25.4
24-03-2014	0	4.2	30.7	20.7	23.12	-999	-999	-999	24.77
25-03-2014	0	3.7	30.2	21.1	19.42	-999	-999	-999	24.49
26-03-2014	2.2	3.25	29.7	22.5	16.04	-999	-999	-999	24.92
27-03-2014	6.6	3.13	29.9	21.7	15.17	-999	-999	-999	24.62
28-03-2014	11.7	2.82	27.4	21.8	12.8	-999	-999	-999	23.94
29-03-2014	5.2	3.1	28.2	22.1	14.92	-999	-999	-999	24.26
30-03-2014	0	3.93	29.1	21.8	21.09	-999	-999	-999	24.89
31-03-2014	0.6	3.96	29.6	22.4	21.36	-999	-999	-999	25.52
01-04-2014	1.6	2.98	28.4	23	14.06	-999	-999	-999	25.2
02-04-2014	0.4	2.96	28.2	21.4	13.91	-999	-999	-999	24.67
03-04-2014	0	3.94	30.4	21	21.16	-999	-999	-999	24.71
04-04-2014	0.6	3.55	29.7	21.9	18.28	-999	-999	-999	24.9
05-04-2014	0	3.69	29.5	22	19.34	-999	-999	-999	25.34
06-04-2014	0	2.91	28	23.4	13.53	-999	-999	-999	25.13
07-04-2014	0.2	3.41	29.5	23.4	17.21	-999	-999	-999	25.76
08-04-2014	0	2.65	28.4	23.6	11.54	-999	-999	-999	25.12
09-04-2014	0	3.13	30.1	23.4	15.16	-999	-999	-999	25.33
10-04-2014	0.2	4.13	30.5	23.3	22.6	-999	-999	-999	26.02
11-04-2014	1.8	3.16	28.9	22.6	15.34	-999	-999	-999	24.66
12-04-2014	8.8	3.57	29.3	22.2	18.46	-999	-999	-999	24.89
13-04-2014	3.4	3.8	30.1	22	20.16	-999	-999	-999	24.84
14-04-2014	2.6	3.93	30.1	21.5	21.14	-999	-999	-999	24.97
15-04-2014	11.3	3.09	29	22.3	14.83	-999	-999	-999	24.88
16-04-2014	7	3.62	29.9	22.7	18.84	-999	-999	-999	25.41
17-04-2014	3.6	2.62	27.3	22.1	11.32	-999	-999	-999	24.38
18-04-2014	10.2	2.88	29.2	22.3	13.26	-999	-999	-999	24.59
19-04-2014	15.2	2.47	27.2	22.3	10.22	-999	-999	-999	24.25
20-04-2014	58.4	2.96	28.4	22.1	13.89	-999	-999	-999	25.07
21-04-2014	30.8	2.11	26.1	22.8	7.51	-999	-999	-999	24.27
22-04-2014	7.6	2.36	27.9	23.4	9.37	-999	-999	-999	24.87
23-04-2014	0	3.44	29.8	23.8	17.45	-999	-999	-999	26.1
24-04-2014	0	3.14	30.7	24.1	15.19	-999	-999	-999	26.2
25-04-2014	0	2.68	28.9	24	11.76	-999	-999	-999	25.87
26-04-2014	0	3.28	30.1	23	16.28	-999	-999	-999	25.84
27-04-2014	0	3.48	31	23	17.79	-999	-999	-999	25.77
28-04-2014	0	3.48	30.8	23.1	17.76	-999	-999	-999	25.97
29-04-2014	0	2.88	29.7	23.5	13.3	-999	-999	-999	26.02
30-04-2014	2	3.49	31.4	23.6	17.83	-999	-999	-999	26.55
01-05-2014	0.2	3.06	30.6	23.9	14.62	-999	-999	-999	26.13
02-05-2014	0.8	3.44	31.3	23.2	17.43	-999	-999	-999	26.31
03-05-2014	0.6	3.21	30.4	24.2	15.77	-999	-999	-999	26.56
04-05-2014	0	3.79	31.9	23.2	20.05	-999	-999	-999	26.84
05-05-2014	0	2.44	28.5	22.5	10.03	-999	-999	-999	25.3
06-05-2014	0	3.78	31.8	23	19.98	-999	-999	-999	26.32
07-05-2014	1	2.45	28.7	22.9	10.09	-999	-999	-999	25.21
08-05-2014	0.8	3.11	30.2	23.2	15	-999	-999	-999	25.99
09-05-2014	37.2	2.92	29.3	21.8	13.57	-999	-999	-999	25.24
10-05-2014	48	1.97	25.8	21.7	6.46	-999	-999	-999	23.45
11-05-2014	10.3	2.35	28.8	23.7	9.31	-999	-999	-999	25.15
12-05-2014	14.3	2.47	28.5	22.7	10.24	-999	-999	-999	24.79
13-05-2014	0	3.16	29.4	23.6	15.38	-999	-999	-999	25.92
14-05-2014	3.6	3	29.3	23.1	14.15	-999	-999	-999	25.68
15-05-2014	2.4	3.22	30	23.3	15.85	-999	-999	-999	26.05
16-05-2014	3.6	3.29	30.7	23.4	16.33	-999	-999	-999	25.94
17-05-2014	5	2.83	29.9	22.6	12.92	-999	-999	-999	25.64
18-05-2014	83	2.86	30	23.5	13.17	-999	-999	-999	25.27
19-05-2014	21.5	3.56	30.9	23.6	18.39	-999	-999	-999	26.5
20-05-2014	0.2	3.14	30.7	24.9	15.21	-999	-999	-999	26.63
21-05-2014	2.2	3.51	30.1	24.7	18.02	-999	-999	-999	26.89
22-05-2014	0.4	3.46	30.3	24.2	17.63	-999	-999	-999	26.64
23-05-2014	1.8	2.71	28.4	23.6	12.02	-999	-999	-999	25.71
24-05-2014	0.4	3.37	30.1	24	16.91	-999	-999	-999	26.45
25-05-2014	5.4	3.45	30.4	23.7	17.57	-999	-999	-999	26.37
26-05-2014	0	3.24	30.3	23.5	15.99	-999	-999	-999	26.28
27-05-2014	3.2	2.7	29.4	23.6	11.91	-999	-999	-999	25.58
28-05-2014	10.3	2.97	30.2	22.4	13.95	-999	-999	-999	25.78
29-05-2014	9	3.12	29.5	23.4	15.11	-999	-999	-999	25.9
30-05-2014	2.2	3.06	30.6	23.6	14.61	-999	-999	-999	25.83
31-05-2014	0.4	3.05	30.2	24.5	14.53	-999	-999	-999	26.49
01-06-2014	0.6	2.47	28.6	24.9	10.25	-999	-999	-999	26.52
02-06-2014	0	3.06	30.4	24.5	14.62	-999	-999	-999	26.83
03-06-2014	0	3.55	32.3	24	18.26	-999	-999	-999	27.02
04-06-2014	1.2	3.51	31.3	23.3	18.01	-999	-999	-999	26.66
05-06-2014	2.8	2.69	28.1	23.8	11.86	-999	-999	-999	25.78
06-06-2014	5.8	3.56	31.2	23.9	18.38	-999	-999	-999	26.65
07-06-2014	0.6	3.28	30.1	24.5	16.28	-999	-999	-999	26.81
08-06-2014	17.9	3.82	31.2	24.5	20.3	-999	-999	-999	27.13
09-06-2014	4.8	3.12	30.1	24.5	15.11	-999	-999	-999	26.71
10-06-2014	6.4	2.62	29.1	24.1	11.38	-999	-999	-999	26.56
11-06-2014	0	3.55	31.8	24.6	18.26	-999	-999	-999	27.26
12-06-2014	0	4.11	32.1	24	22.45	-999	-999	-999	27.33
13-06-2014	3.8	3.57	31.6	23.9	18.41	-999	-999	-999	26.98
14-06-2014	7.4	3.1	30.7	25.2	14.96	-999	-999	-999	27.18
15-06-2014	2	3	29.8	25.1	14.17	-999	-999	-999	27.06
16-06-2014	3.6	3.45	30.8	25	17.5	-999	-999	-999	27.27
17-06-2014	1	3.65	32	24.1	19.01	-999	-999	-999	27.1
18-06-2014	7	3.44	30.7	24.1	17.45	-999	-999	-999	26.78
19-06-2014	23	1.89	26.6	24.2	5.91	-999	-999	-999	25.49
20-06-2014	7	2.34	28.7	25.2	9.22	-999	-999	-999	26.85
21-06-2014	4	3.25	31.9	25.1	16.03	-999	-999	-999	27.36
22-06-2014	3	3.07	30.3	24.6	14.68	-999	-999	-999	26.45
23-06-2014	0	4.18	31.8	23.9	22.95	-999	-999	-999	27.15
24-06-2014	0	3.71	31	24.2	19.46	-999	-999	-999	27.33
25-06-2014	0	2.86	30.3	25.1	13.1	-999	-999	-999	27.11
26-06-2014	0	3.55	32	25.5	18.3	-999	-999	-999	27.8
27-06-2014	3	3.33	30.6	24.7	16.65	-999	-999	-999	27.06
28-06-2014	1	2.91	30.4	24.7	13.54	-999	-999	-999	27.02
29-06-2014	16	3.38	30.8	25.2	17.05	-999	-999	-999	27.54
30-06-2014	30	1.92	28.6	22.8	6.11	-999	-999	-999	25.91
01-07-2014	0	3.22	31	25	15.83	-999	-999	-999	27.21
02-07-2014	0.4	3.42	30.9	23.8	17.3	-999	-999	-999	26.65
03-07-2014	0	3.69	31.2	25	19.34	-999	-999	-999	27.45
04-07-2014	0.8	3.94	32.3	24.2	21.16	-999	-999	-999	27.59
05-07-2014	26.6	2.77	29.6	24.2	12.44	-999	-999	-999	26.18
06-07-2014	0.6	2.64	29.9	25.4	11.47	-999	-999	-999	26.84
07-07-2014	0	3.03	30.2	24.7	14.43	-999	-999	-999	27.13
08-07-2014	6.4	3.77	31.7	24.3	19.92	-999	-999	-999	27.22
09-07-2014	6.6	3.49	30.6	23.9	17.81	-999	-999	-999	26.28
10-07-2014	1.8	2.94	30.4	24.8	13.71	-999	-999	-999	26.83
11-07-2014	0	3.2	30.5	25.6	15.65	-999	-999	-999	27.35
12-07-2014	0	3.36	31.6	24.6	16.88	-999	-999	-999	27.23
13-07-2014	0.2	3.59	31.8	24.2	18.6	-999	-999	-999	26.92
14-07-2014	6.8	2.64	29.4	24	11.5	-999	-999	-999	25.72
15-07-2014	10.8	3.59	31.7	23.8	18.59	-999	-999	-999	26.81
16-07-2014	0.6	3.74	31.6	25.3	19.67	-999	-999	-999	27.56
17-07-2014	5.2	2.83	29.7	24.6	12.89	-999	-999	-999	26.62
18-07-2014	10.8	2.78	30.7	23.6	12.52	-999	-999	-999	26.19
19-07-2014	6.8	3.26	31	25.1	16.14	-999	-999	-999	27.47
20-07-2014	1.2	3.56	32.3	24.9	18.39	-999	-999	-999	27.66
21-07-2014	0	3.61	31.4	24.7	18.72	-999	-999	-999	27.24
22-07-2014	1.4	3.22	32.1	25.1	15.85	-999	-999	-999	27.3
23-07-2014	0	3.92	31.8	25	21.06	-999	-999	-999	27.78
24-07-2014	21.2	1.97	28	24.4	6.5	-999	-999	-999	26.31
25-07-2014	3.4	2.63	30.5	25.5	11.39	-999	-999	-999	26.97
26-07-2014	0.4	2.54	30.1	25.7	10.71	-999	-999	-999	27.2
27-07-2014	0.2	2.83	29.9	25.4	12.92	-999	-999	-999	27.09
28-07-2014	0.2	3.47	32.1	24.7	17.67	-999	-999	-999	27.42
29-07-2014	1	3.58	31.8	24.1	18.52	-999	-999	-999	27.3
30-07-2014	28.4	2.39	29.1	23.7	9.64	-999	-999	-999	25.78
31-07-2014	4.6	3.75	32.1	25	19.76	-999	-999	-999	27.7
01-08-2014	6.6	3.29	30.8	24.7	16.32	-999	-999	-999	26.73
02-08-2014	6.4	2.03	28.4	24.7	6.93	-999	-999	-999	26.53
03-08-2014	11	2.97	29.8	24.4	13.97	-999	-999	-999	26.52
04-08-2014	1	3.08	30.8	25.5	14.78	-999	-999	-999	27.32
05-08-2014	23.2	2.51	29.3	25.1	10.5	-999	-999	-999	26.34
06-08-2014	1	3.27	31.1	25.7	16.22	-999	-999	-999	27.44
07-08-2014	1.6	3.45	31.1	24.8	17.51	-999	-999	-999	26.97
08-08-2014	99.8	1.65	26.3	23.5	4.08	-999	-999	-999	25.03
09-08-2014	0	3.78	32.2	24.5	20	-999	-999	-999	27.33
10-08-2014	8.4	3.29	31.2	24.8	16.37	-999	-999	-999	27.32
11-08-2014	1.8	2.68	31.9	25.6	11.8	-999	-999	-999	27.15
12-08-2014	2	2.65	30.6	25.6	11.53	-999	-999	-999	27.21
13-08-2014	0	3.74	32	25.3	19.71	-999	-999	-999	27.89
14-08-2014	1	3.44	31.9	24.8	17.43	-999	-999	-999	27.56
15-08-2014	2	3.78	32.5	25.3	20.01	-999	-999	-999	27.85
16-08-2014	16.4	2.87	31.1	26.1	13.23	-999	-999	-999	27.53
17-08-2014	0.2	3.48	31.7	26	17.78	-999	-999	-999	27.95
18-08-2014	0	3.71	32.8	24.9	19.45	-999	-999	-999	27.85
19-08-2014	0.4	3.8	32.8	24.9	20.12	-999	-999	-999	28.11
20-08-2014	3.2	3.65	32.5	25.5	19.07	-999	-999	-999	27.82
21-08-2014	17.2	2.49	29.1	25.1	10.35	-999	-999	-999	26.58
22-08-2014	11.2	2.03	29.4	24.8	6.97	-999	-999	-999	26.24
23-08-2014	6	2.66	31.2	25.7	11.64	-999	-999	-999	27.35
24-08-2014	7.8	3.6	32.6	23.8	18.64	-999	-999	-999	27.15
25-08-2014	1.2	3.66	31.8	25.1	19.08	-999	-999	-999	27.66
26-08-2014	2.8	2.95	31.5	25	13.82	-999	-999	-999	27.36
27-08-2014	10.4	2.84	30.8	23.6	12.96	-999	-999	-999	26.91
28-08-2014	0.2	3.15	31	23.8	15.27	-999	-999	-999	26.83
29-08-2014	2.2	3.52	31.7	24.5	18.03	-999	-999	-999	27.57
30-08-2014	7.8	3.19	30.6	25.1	15.58	-999	-999	-999	26.75
31-08-2014	2.4	3.21	31.5	24.3	15.71	-999	-999	-999	26.86
01-09-2014	0	3.08	30.2	25	14.74	-999	-999	-999	27.34
02-09-2014	0	3.55	31.1	26	18.25	-999	-999	-999	27.95
03-09-2014	43	2.85	30.4	25.7	13.09	-999	-999	-999	27.25
04-09-2014	3	1.83	28.2	24.1	5.46	-999	-999	-999	26.57
05-09-2014	2.9	3.09	30.7	25	14.86	-999	-999	-999	27.42
06-09-2014	28.6	2.82	30.4	21.8	12.86	-999	-999	-999	25.97
07-09-2014	12.5	2.96	30.6	22.1	13.89	-999	-999	-999	26.06
08-09-2014	0	3.97	31.6	25.2	21.44	-999	-999	-999	27.87
09-09-2014	0	3.93	32.5	24.2	21.15	-999	-999	-999	27.37
10-09-2014	0	3.91	31.6	24.5	20.98	-999	-999	-999	27.34
11-09-2014	0	3.34	31.7	25.3	16.74	-999	-999	-999	27.77
12-09-2014	3.8	3.64	32.2	24.9	18.96	-999	-999	-999	27.81
13-09-2014	8.5	3.48	30.9	24.6	17.79	-999	-999	-999	27.15
14-09-2014	7.7	3.69	31.2	25.1	19.36	-999	-999	-999	27.55
15-09-2014	8	3.41	31.9	24.9	17.24	-999	-999	-999	27.64
16-09-2014	8.3	3.36	31.7	24.4	16.87	-999	-999	-999	27.44
17-09-2014	8.8	2.97	31.6	24.7	13.96	-999	-999	-999	27.35
18-09-2014	6	2.6	29.6	25.7	11.21	-999	-999	-999	27.22
19-09-2014	23.9	3.03	32.2	23.6	14.4	-999	-999	-999	26.1
20-09-2014	6.6	2.98	30.8	24.6	14.07	-999	-999	-999	27.13
21-09-2014	1.1	2.69	30.7	25.4	11.86	-999	-999	-999	27.51
22-09-2014	22.6	2.14	29.3	23.7	7.74	-999	-999	-999	26.05
23-09-2014	30.7	2.6	29.8	23.6	11.23	-999	-999	-999	25.94
24-09-2014	18.5	3.39	31.7	23.9	17.06	-999	-999	-999	26.7
25-09-2014	17.7	2.54	30.2	24.3	10.72	-999	-999	-999	26.2
26-09-2014	13.3	2.63	30.8	24.2	11.41	-999	-999	-999	25.92
27-09-2014	0.5	3.45	32.6	24.1	17.53	-999	-999	-999	27.29
28-09-2014	0	3.85	32.9	23.7	20.52	-999	-999	-999	27.52
29-09-2014	0.3	2.97	31.4	23.6	13.93	-999	-999	-999	26.93
30-09-2014	0.6	3.03	31.2	25.1	14.38	-999	-999	-999	27.5
01-10-2014	3.1	3.51	31.6	24.9	17.99	-999	-999	-999	27.61
02-10-2014	0	3.26	31.5	26.4	16.08	-999	-999	-999	28.19
03-10-2014	0	2.99	31.4	26.6	14.11	-999	-999	-999	28.08
04-10-2014	24	3.39	31.7	25.3	17.11	-999	-999	-999	27.68
05-10-2014	0	3.77	31.8	23.6	19.93	-999	-999	-999	27.28
06-10-2014	23.1	2.6	30.9	25	11.19	-999	-999	-999	26.59
07-10-2014	4.9	3.22	31.9	25	15.79	-999	-999	-999	27.16
08-10-2014	5.9	2.85	32.2	24.2	13.09	-999	-999	-999	26.75
09-10-2014	4.1	3.41	31.7	23.8	17.22	-999	-999	-999	26.92
10-10-2014	8.4	3.57	32.6	23.9	18.46	-999	-999	-999	27.24
11-10-2014	0	3.68	31.5	24.2	19.24	-999	-999	-999	27.62
12-10-2014	13	2.81	29.9	24.9	12.73	-999	-999	-999	26.48
13-10-2014	23	1.99	28.4	23.8	6.65	-999	-999	-999	25.66
14-10-2014	0.5	4.11	32.2	25.4	22.44	-999	-999	-999	28.25
15-10-2014	0.2	3.64	32.1	25.1	18.97	-999	-999	-999	27.72
16-10-2014	0	3.35	33	24	16.79	-999	-999	-999	27.2
17-10-2014	0.1	3.37	32.3	23.7	16.98	-999	-999	-999	26.95
18-10-2014	11.7	3.57	32.8	23.7	18.4	-999	-999	-999	27.02
19-10-2014	0.1	3.78	32	24.2	19.99	-999	-999	-999	27.4
20-10-2014	0	3.72	31.8	23.7	19.57	-999	-999	-999	26.82
21-10-2014	1.1	3.46	31.6	24	17.61	-999	-999	-999	27.13
22-10-2014	2.6	3.61	31.9	24.5	18.71	-999	-999	-999	27.7
23-10-2014	7.4	3.27	30.8	25.6	16.23	-999	-999	-999	27.35
24-10-2014	1.7	3.52	31	24.7	18.07	-999	-999	-999	27.63
25-10-2014	1.8	3.13	30.4	25	15.17	-999	-999	-999	27.1
26-10-2014	3.1	3.43	30.5	25.1	17.4	-999	-999	-999	27.37
27-10-2014	5.4	2.95	30.9	25.1	13.79	-999	-999	-999	26.71
28-10-2014	12	2.51	29.3	24.7	10.5	-999	-999	-999	26.21
29-10-2014	59	2.77	29.9	24.4	12.49	-999	-999	-999	26.99
30-10-2014	0	3.25	30	25.3	16.07	-999	-999	-999	27.05
31-10-2014	7.1	2.53	29.6	24.4	10.68	-999	-999	-999	26.72
01-11-2014	9.7	2.53	31	25.5	10.65	-999	-999	-999	26.91
02-11-2014	8.3	2.7	29.3	24.5	11.93	-999	-999	-999	26.45
03-11-2014	10	3.24	30.1	24.8	15.98	-999	-999	-999	26.8
04-11-2014	0	3.35	30.4	24.7	16.8	-999	-999	-999	26.56
05-11-2014	5.4	3.39	30.1	24.6	17.1	-999	-999	-999	26.86
06-11-2014	11.6	3.09	30	25.7	14.84	-999	-999	-999	27.39
07-11-2014	16.5	2.41	29	24.8	9.81	-999	-999	-999	26.48
08-11-2014	29.4	1.87	27.5	22	5.76	-999	-999	-999	24.99
09-11-2014	0.1	2.34	29.3	25.3	9.28	-999	-999	-999	27.02
10-11-2014	2.5	2.88	29.6	25.3	13.29	-999	-999	-999	26.94
11-11-2014	6.5	3.05	29.4	24.6	14.58	-999	-999	-999	26.35
12-11-2014	25	2.83	29.5	23.7	12.91	-999	-999	-999	25.61
13-11-2014	25	3.01	29.7	24	14.23	-999	-999	-999	26.14
14-11-2014	5.6	2.85	28.8	23.8	13.09	-999	-999	-999	25.85
15-11-2014	1.3	2.79	29.3	24.4	12.64	-999	-999	-999	26.5
16-11-2014	10.1	2.8	28.8	24.6	12.67	-999	-999	-999	26.11
17-11-2014	4	2.83	29.3	24.8	12.94	-999	-999	-999	26.48
18-11-2014	12.7	2.87	29.2	25.1	13.18	-999	-999	-999	26.59
19-11-2014	3.8	3.06	29.2	24.8	14.63	-999	-999	-999	26.53
20-11-2014	18	2.16	26.9	23.8	7.92	-999	-999	-999	25.47
21-11-2014	8	2.57	28.9	23.7	11	-999	-999	-999	25.66
22-11-2014	7	2.15	27.9	24.2	7.82	-999	-999	-999	25.61
23-11-2014	8	2.51	28.4	24.2	10.49	-999	-999	-999	25.78
24-11-2014	1	2.73	28.6	24.8	12.14	-999	-999	-999	26.16
25-11-2014	5	2.55	28.1	24.4	10.79	-999	-999	-999	25.84
26-11-2014	5	2.71	28.6	24.2	12	-999	-999	-999	25.84
27-11-2014	6	2.8	28.5	23.6	12.7	-999	-999	-999	25.19
28-11-2014	4	2.83	29.4	23.4	12.91	-999	-999	-999	25.63
29-11-2014	0.2	3.03	29.4	23.8	14.39	-999	-999	-999	26.16
30-11-2014	0.8	2.97	28.9	24.4	13.96	-999	-999	-999	26.13
01-12-2014	5.6	2.98	29.6	24.2	14.02	-999	-999	-999	25.81
02-12-2014	8.6	2.92	28.6	23.8	13.59	-999	-999	-999	25.78
03-12-2014	19.5	2.87	28.9	23.4	13.2	-999	-999	-999	25.58
04-12-2014	48.8	2.04	26.7	23.5	7.02	-999	-999	-999	24.37
05-12-2014	0	2.75	29.2	22.1	12.28	-999	-999	-999	25.32
06-12-2014	17.5	2.79	29.4	23.1	12.64	-999	-999	-999	25.08
07-12-2014	0	2.82	29.5	21.9	12.83	-999	-999	-999	25.13
08-12-2014	11.9	3.14	29.9	22.6	15.26	-999	-999	-999	25.7
09-12-2014	18.7	2.91	29.2	22.6	13.53	-999	-999	-999	25.45
10-12-2014	90.1	2.4	28.3	22.2	9.72	-999	-999	-999	24.75
11-12-2014	20.3	2.67	28.1	24	11.74	-999	-999	-999	25.32
12-12-2014	12.1	2.27	27	23.3	8.75	-999	-999	-999	24.59
13-12-2014	1	2.48	27.3	22.3	10.28	-999	-999	-999	24.49
14-12-2014	0	2.63	27.9	22.1	11.39	-999	-999	-999	24.68
15-12-2014	0	3.17	28.7	21.1	15.48	-999	-999	-999	24.43
16-12-2014	0	3.52	29.3	21.8	18.04	-999	-999	-999	24.83
17-12-2014	0	3.26	29.4	21.8	16.14	-999	-999	-999	24.98
18-12-2014	3	3.23	28.2	22.5	15.9	-999	-999	-999	24.81
19-12-2014	57.3	1.93	24.7	23.4	6.22	-999	-999	-999	23.72
20-12-2014	109.4	1.97	24.9	23.1	6.47	-999	-999	-999	23.76
21-12-2014	2	2.54	28	23.7	10.74	-999	-999	-999	24.83
22-12-2014	9.2	2.63	27.8	23.5	11.38	-999	-999	-999	25.16
23-12-2014	3	2.36	27.5	22.7	9.42	-999	-999	-999	24.6
24-12-2014	3.6	2.78	28.1	22.9	12.56	-999	-999	-999	24.64
25-12-2014	18.5	2.56	27.8	22.9	10.88	-999	-999	-999	24.53
26-12-2014	7	2.69	27.2	22.8	11.89	-999	-999	-999	24.52
27-12-2014	0	2.96	27.8	21.9	13.91	-999	-999	-999	24.26
28-12-2014	0	3.46	27.8	21.1	17.63	-999	-999	-999	23.8
29-12-2014	14.1	2.67	27.5	22.3	11.73	-999	-999	-999	24.6
30-12-2014	26.1	2.68	27.4	23.3	11.79	-999	-999	-999	24.92
31-12-2014	16.9	2.98	28.2	22.9	14.06	-999	-999	-999	25.5
