decade	rainfallmeand	wscode
1	3	12
2	2.2	12
3	1.21	12
4	0.7	12
5	1.95	12
6	28.06	12
7	0.3	12
8	0	12
9	0.05	12
10	0	12
11	0.35	12
12	0	12
13	0	12
14	0.91	12
15	2.32	12
16	2.6	12
17	0.92	12
18	2.31	12
19	2.8	12
20	0.94	12
21	0.95	12
22	0.32	12
23	0.49	12
24	1.15	12
25	3.52	12
26	0.79	12
27	0.63	12
28	0.85	12
29	0.1	12
30	0.13	12
31	0.5	12
32	3.82	12
33	0.64	12
34	0.53	12
35	0.6	12
36	0.99	12
1	1.84	1031
2	0.51	1031
3	2.78	1031
4	1.43	1031
5	1.42	1031
6	4.29	1031
7	0.31	1031
8	2.27	1031
9	3.45	1031
10	0.74	1031
11	1.95	1031
12	0.43	1031
13	1.63	1031
14	1.03	1031
15	0.38	1031
16	0	1031
17	0.01	1031
18	0	1031
19	0	1031
20	0	1031
21	0	1031
22	0	1031
23	0.05	1031
24	0	1031
25	0.04	1031
26	0.19	1031
27	0.11	1031
28	1.2	1031
29	1.63	1031
30	3.73	1031
31	1.08	1031
32	2.81	1031
33	3.23	1031
34	5.2	1031
35	0.35	1031
36	1.83	1031
1	3.64	97122
2	1.09	97122
3	3.13	97122
4	1.27	97122
5	3.25	97122
6	0.2	97122
7	0.05	97122
8	1.34	97122
9	0.6	97122
10	1.27	97122
11	0.15	97122
12	6.65	97122
13	0.15	97122
14	0.63	97122
15	0.36	97122
16	1.1	97122
17	5.19	97122
18	0.7	97122
19	7.49	97122
20	0.01	97122
21	5.63	97122
22	2.02	97122
23	7.38	97122
24	5	97122
25	1.98	97122
26	2.7	97122
27	8.1	97122
28	5.77	97122
29	5.47	97122
30	7.8	97122
31	2.83	97122
32	4.18	97122
33	4.78	97122
34	0.6	97122
35	9.33	97122
36	1.83	97122
1	3.99	97401520
2	4.29	97401520
3	6.72	97401520
4	8.74	97401520
5	5.5	97401520
6	7.7	97401520
7	3.11	97401520
8	2.43	97401520
9	1.66	97401520
10	6.97	97401520
11	4.63	97401520
12	3.26	97401520
13	3.81	97401520
14	1.83	97401520
15	0.56	97401520
16	1.78	97401520
17	0.41	97401520
18	2.69	97401520
19	2.03	97401520
20	2.1	97401520
21	2.09	97401520
22	0.64	97401520
23	0.21	97401520
24	1.56	97401520
25	2.49	97401520
26	1.27	97401520
27	1.53	97401520
28	2.08	97401520
29	2.21	97401520
30	2.06	97401520
31	1.15	97401520
32	1.37	97401520
33	1.27	97401520
34	6.87	97401520
35	2.45	97401520
36	3.84	97401520
1	2.21	97401540
2	2.63	97401540
3	2.79	97401540
4	4.81	97401540
5	3.9	97401540
6	4.5	97401540
7	4.62	97401540
8	1.84	97401540
9	1.69	97401540
10	3.23	97401540
11	2	97401540
12	1.28	97401540
13	1.69	97401540
14	0.77	97401540
15	0.89	97401540
16	2.09	97401540
17	0.2	97401540
18	1.16	97401540
19	1.61	97401540
20	1.71	97401540
21	0.94	97401540
22	0.25	97401540
23	0.64	97401540
24	1.08	97401540
25	0.48	97401540
26	0.66	97401540
27	0.1	97401540
28	1.04	97401540
29	0.73	97401540
30	1.48	97401540
31	0.34	97401540
32	0.36	97401540
33	2.08	97401540
34	2.36	97401540
35	1.56	97401540
36	1.6	97401540
1	28.85	97402250
2	25	97402250
3	24.4	97402250
4	18.5	97402250
5	13.55	97402250
6	16.67	97402250
7	0.05	97402250
8	20.1	97402250
9	11.55	97402250
10	6.9	97402250
11	20.75	97402250
12	6.55	97402250
13	9.2	97402250
14	10.75	97402250
15	7.45	97402250
16	16	97402250
17	4.7	97402250
18	1.25	97402250
19	7.46	97402250
20	17.43	97402250
21	5.75	97402250
22	6.9	97402250
23	21	97402250
24	5.95	97402250
25	7.98	97402250
26	12.5	97402250
27	7.38	97402250
28	7.75	97402250
29	7.18	97402250
30	7.95	97402250
31	7.47	97402250
32	1.95	97402250
33	8.25	97402250
34	18.55	97402250
35	13.55	97402250
36	23.23	97402250
1	3.99	97403440
2	1.83	97403440
3	5.64	97403440
4	5.66	97403440
5	4.96	97403440
6	9.22	97403440
7	6.94	97403440
8	1.23	97403440
9	1.71	97403440
10	3.36	97403440
11	2.24	97403440
12	2.68	97403440
13	2.77	97403440
14	1.88	97403440
15	1.09	97403440
16	2.02	97403440
17	0.58	97403440
18	1.09	97403440
19	0.82	97403440
20	1.77	97403440
21	1.23	97403440
22	0.76	97403440
23	0.54	97403440
24	0.72	97403440
25	0.76	97403440
26	0.78	97403440
27	0.08	97403440
28	1.19	97403440
29	0.59	97403440
30	1.01	97403440
31	0.06	97403440
32	0.77	97403440
33	1.72	97403440
34	4.22	97403440
35	2.17	97403440
36	3.18	97403440
1	3.62	97403460
2	2.63	97403460
3	4.35	97403460
4	4.75	97403460
5	4.7	97403460
6	7.61	97403460
7	6.7	97403460
8	1.87	97403460
9	2.39	97403460
10	2.97	97403460
11	2.4	97403460
12	1.47	97403460
13	2.72	97403460
14	0.89	97403460
15	0.93	97403460
16	1.8	97403460
17	0.43	97403460
18	1.18	97403460
19	1.44	97403460
20	1.91	97403460
21	1.12	97403460
22	0.39	97403460
23	0.93	97403460
24	1.35	97403460
25	0.85	97403460
26	0.54	97403460
27	0.22	97403460
28	1.01	97403460
29	0.45	97403460
30	0.9	97403460
31	0.68	97403460
32	0.49	97403460
33	1.07	97403460
34	4.42	97403460
35	2.34	97403460
36	2.55	97403460
1	2.52	97404520
2	1.62	97404520
3	3.06	97404520
4	4.41	97404520
5	2.75	97404520
6	3.54	97404520
7	5.59	97404520
8	1.29	97404520
9	1.72	97404520
10	1.84	97404520
11	1.6	97404520
12	1.19	97404520
13	1.75	97404520
14	0.63	97404520
15	0.81	97404520
16	2.17	97404520
17	0.55	97404520
18	1.31	97404520
19	1.18	97404520
20	1.41	97404520
21	0.61	97404520
22	0.34	97404520
23	0.62	97404520
24	1.01	97404520
25	0.41	97404520
26	0.41	97404520
27	0.2	97404520
28	1.04	97404520
29	0.68	97404520
30	0.78	97404520
31	0.48	97404520
32	0.24	97404520
33	1.62	97404520
34	2.73	97404520
35	0.94	97404520
36	1.29	97404520
1	5.87	97405420
2	4.38	97405420
3	5.73	97405420
4	7.17	97405420
5	9.56	97405420
6	14.1	97405420
7	9.32	97405420
8	4.41	97405420
9	6.49	97405420
10	8.48	97405420
11	6.03	97405420
12	3.61	97405420
13	4.99	97405420
14	4.04	97405420
15	1.31	97405420
16	6.91	97405420
17	3.96	97405420
18	6.13	97405420
19	7.24	97405420
20	7.76	97405420
21	3.84	97405420
22	2.32	97405420
23	3.01	97405420
24	4.93	97405420
25	2.08	97405420
26	4.46	97405420
27	1.53	97405420
28	2.9	97405420
29	2.48	97405420
30	1.73	97405420
31	1.38	97405420
32	1.58	97405420
33	2.73	97405420
34	8.14	97405420
35	3.11	97405420
36	2.51	97405420
1	3.04	97408510
2	3.13	97408510
3	7.42	97408510
4	8.74	97408510
5	7.01	97408510
6	10.86	97408510
7	3.07	97408510
8	4.9	97408510
9	0.95	97408510
10	0.55	97408510
11	0.55	97408510
12	2.63	97408510
13	0.73	97408510
14	0.33	97408510
15	2.18	97408510
16	0.05	97408510
17	0.01	97408510
18	0.11	97408510
19	0.24	97408510
20	0.69	97408510
21	0.36	97408510
22	0.23	97408510
23	0.11	97408510
24	0.76	97408510
25	0.98	97408510
26	0.22	97408510
27	0.09	97408510
28	0.97	97408510
29	0.48	97408510
30	0.72	97408510
31	0.43	97408510
32	1.99	97408510
33	0.59	97408510
34	4.01	97408510
35	3.03	97408510
36	1.59	97408510
1	2.49	97408540
2	6.03	97408540
3	6.38	97408540
4	7.61	97408540
5	3.4	97408540
6	10.48	97408540
7	6.39	97408540
8	4.28	97408540
9	2.46	97408540
10	1.75	97408540
11	0.87	97408540
12	2.35	97408540
13	3.61	97408540
14	1.63	97408540
15	0.72	97408540
16	0.24	97408540
17	0.43	97408540
18	0.73	97408540
19	0.21	97408540
20	0.36	97408540
21	0.16	97408540
22	1.51	97408540
23	0.99	97408540
24	0.81	97408540
25	1.09	97408540
26	0.39	97408540
27	0.19	97408540
28	0.21	97408540
29	0.56	97408540
30	0.7	97408540
31	0.66	97408540
32	0.65	97408540
33	1.36	97408540
34	8.15	97408540
35	2.49	97408540
36	5.22	97408540
1	7.21	97409210
2	4.7	97409210
3	6.29	97409210
4	3.27	97409210
5	13.45	97409210
6	12.21	97409210
7	15.24	97409210
8	8.08	97409210
9	11.13	97409210
10	4.19	97409210
11	9.35	97409210
12	11.73	97409210
13	3.04	97409210
14	3.47	97409210
15	2.25	97409210
16	2.63	97409210
17	2.63	97409210
18	4.01	97409210
19	3.66	97409210
20	3.34	97409210
21	2.61	97409210
22	3.03	97409210
23	3.21	97409210
24	2.53	97409210
25	2.11	97409210
26	0.99	97409210
27	3.24	97409210
28	1.41	97409210
29	4.1	97409210
30	2.31	97409210
31	2.23	97409210
32	2.85	97409210
33	3.06	97409210
34	4.54	97409210
35	6.98	97409210
36	3.1	97409210
1	7.76	97409220
2	7	97409220
3	8.94	97409220
4	9.75	97409220
5	13.35	97409220
6	11.04	97409220
7	9.97	97409220
8	9.08	97409220
9	9.01	97409220
10	5.48	97409220
11	6.32	97409220
12	7.87	97409220
13	6.03	97409220
14	4.19	97409220
15	4.15	97409220
16	3.06	97409220
17	3.86	97409220
18	3.11	97409220
19	4.09	97409220
20	5.17	97409220
21	3.3	97409220
22	3.34	97409220
23	4.17	97409220
24	3.33	97409220
25	2.42	97409220
26	2.67	97409220
27	2.69	97409220
28	1.72	97409220
29	3.38	97409220
30	2.26	97409220
31	1.87	97409220
32	3.12	97409220
33	3.01	97409220
34	7.67	97409220
35	5.89	97409220
36	6.34	97409220
1	9.38	97409235
2	6.92	97409235
3	11.76	97409235
4	15.7	97409235
5	11.95	97409235
6	10.97	97409235
7	11.73	97409235
8	8.96	97409235
9	6.9	97409235
10	6.68	97409235
11	4.71	97409235
12	7.34	97409235
13	5.98	97409235
14	5.51	97409235
15	5.43	97409235
16	3.86	97409235
17	4.59	97409235
18	3.01	97409235
19	4.82	97409235
20	7.44	97409235
21	3.8	97409235
22	4.37	97409235
23	4.38	97409235
24	3.88	97409235
25	3.65	97409235
26	3.95	97409235
27	2.58	97409235
28	2.07	97409235
29	2.44	97409235
30	2.89	97409235
31	1.71	97409235
32	3.51	97409235
33	2.76	97409235
34	9.47	97409235
35	7.54	97409235
36	7.22	97409235
1	12.14	97409240
2	10.73	97409240
3	13.76	97409240
4	12.46	97409240
5	15.93	97409240
6	11.93	97409240
7	12.64	97409240
8	9.63	97409240
9	8.06	97409240
10	9.5	97409240
11	8.21	97409240
12	6.71	97409240
13	9.52	97409240
14	7.53	97409240
15	6.49	97409240
16	4.03	97409240
17	5.21	97409240
18	5.38	97409240
19	6.56	97409240
20	7.37	97409240
21	4.61	97409240
22	5.46	97409240
23	5.21	97409240
24	5.85	97409240
25	4.49	97409240
26	5.52	97409240
27	3.41	97409240
28	2.68	97409240
29	4.21	97409240
30	3.06	97409240
31	3.42	97409240
32	4	97409240
33	5.23	97409240
34	8.64	97409240
35	8.47	97409240
36	7.55	97409240
1	11.03	97410202
2	8.43	97410202
3	11.29	97410202
4	11.17	97410202
5	16.29	97410202
6	11.3	97410202
7	13.41	97410202
8	9.39	97410202
9	9.7	97410202
10	8.71	97410202
11	8.97	97410202
12	8.25	97410202
13	8	97410202
14	6.11	97410202
15	5.57	97410202
16	3.94	97410202
17	4.45	97410202
18	5.28	97410202
19	5.42	97410202
20	5.32	97410202
21	3.44	97410202
22	4.58	97410202
23	4.75	97410202
24	3.52	97410202
25	3.23	97410202
26	5	97410202
27	3.66	97410202
28	2.17	97410202
29	3.26	97410202
30	3.34	97410202
31	2.59	97410202
32	3.28	97410202
33	4.86	97410202
34	7.09	97410202
35	7.61	97410202
36	7.4	97410202
1	9.7	97410234
2	7.83	97410234
3	10.86	97410234
4	10.39	97410234
5	14.82	97410234
6	12.02	97410234
7	13.46	97410234
8	8.7	97410234
9	10.28	97410234
10	8.05	97410234
11	9.97	97410234
12	10.2	97410234
13	9.46	97410234
14	5.64	97410234
15	5.39	97410234
16	4.61	97410234
17	4.84	97410234
18	4.1	97410234
19	4.72	97410234
20	6.23	97410234
21	3.98	97410234
22	4.72	97410234
23	5.68	97410234
24	3.64	97410234
25	4.17	97410234
26	3.93	97410234
27	3.75	97410234
28	2.17	97410234
29	4.34	97410234
30	2.91	97410234
31	2.32	97410234
32	3.94	97410234
33	3.75	97410234
34	9.57	97410234
35	8.31	97410234
36	5.31	97410234
1	-999	97410239
2	-999	97410239
3	-999	97410239
4	-999	97410239
5	-999	97410239
6	-999	97410239
7	-999	97410239
8	-999	97410239
9	-999	97410239
10	-999	97410239
11	-999	97410239
12	-999	97410239
13	-999	97410239
14	-999	97410239
15	-999	97410239
16	-999	97410239
17	-999	97410239
18	-999	97410239
19	-999	97410239
20	-999	97410239
21	-999	97410239
22	-999	97410239
23	-999	97410239
24	-999	97410239
25	-999	97410239
26	-999	97410239
27	-999	97410239
28	-999	97410239
29	-999	97410239
30	-999	97410239
31	-999	97410239
32	-999	97410239
33	-999	97410239
34	-999	97410239
35	-999	97410239
36	-999	97410239
1	15.82	97410250
2	15.23	97410250
3	16.1	97410250
4	20.76	97410250
5	23	97410250
6	18.14	97410250
7	17.74	97410250
8	16.04	97410250
9	10.91	97410250
10	11.81	97410250
11	15.35	97410250
12	13.34	97410250
13	14.86	97410250
14	9.67	97410250
15	8.49	97410250
16	7.43	97410250
17	7.05	97410250
18	8.48	97410250
19	9.13	97410250
20	10.81	97410250
21	7.23	97410250
22	9.48	97410250
23	9.76	97410250
24	9.9	97410250
25	9.31	97410250
26	8.69	97410250
27	6.65	97410250
28	7.2	97410250
29	9.16	97410250
30	8.3	97410250
31	5.78	97410250
32	6.11	97410250
33	8.18	97410250
34	13.6	97410250
35	10.84	97410250
36	9.92	97410250
1	14.85	97410262
2	13.08	97410262
3	14.54	97410262
4	19.7	97410262
5	21.16	97410262
6	16.8	97410262
7	18.68	97410262
8	13.97	97410262
9	11.79	97410262
10	10.18	97410262
11	13.05	97410262
12	12.77	97410262
13	12.44	97410262
14	8.98	97410262
15	7.53	97410262
16	6.94	97410262
17	6.27	97410262
18	7.38	97410262
19	7.72	97410262
20	9.9	97410262
21	5.86	97410262
22	8.46	97410262
23	8.61	97410262
24	8.91	97410262
25	7.67	97410262
26	7.44	97410262
27	5.01	97410262
28	6.04	97410262
29	6.31	97410262
30	6.81	97410262
31	4.6	97410262
32	3.65	97410262
33	7.68	97410262
34	12.69	97410262
35	9.88	97410262
36	9.36	97410262
1	12.08	97410274
2	8.42	97410274
3	7.33	97410274
4	3.8	97410274
5	25.8	97410274
6	22.22	97410274
7	17.15	97410274
8	9.59	97410274
9	15.06	97410274
10	8.27	97410274
11	16.7	97410274
12	18.19	97410274
13	10.18	97410274
14	7.8	97410274
15	2.56	97410274
16	12.59	97410274
17	1.45	97410274
18	16.34	97410274
19	2.49	97410274
20	2.81	97410274
21	4.14	97410274
22	6.56	97410274
23	4.92	97410274
24	4.88	97410274
25	3.75	97410274
26	4.2	97410274
27	3.09	97410274
28	2.78	97410274
29	7.79	97410274
30	2.41	97410274
31	3.5	97410274
32	2.89	97410274
33	5.7	97410274
34	9.67	97410274
35	9.52	97410274
36	4.33	97410274
1	15.25	97410280
2	15.34	97410280
3	19.82	97410280
4	21.56	97410280
5	16.74	97410280
6	5.12	97410280
7	10.11	97410280
8	9.04	97410280
9	10.45	97410280
10	11.97	97410280
11	10.46	97410280
12	9.3	97410280
13	5.34	97410280
14	8.46	97410280
15	14.02	97410280
16	5.14	97410280
17	9.25	97410280
18	7.83	97410280
19	13.18	97410280
20	11.09	97410280
21	4.71	97410280
22	9.6	97410280
23	10.52	97410280
24	8.65	97410280
25	10.29	97410280
26	12.1	97410280
27	6.27	97410280
28	6.39	97410280
29	7.51	97410280
30	6.36	97410280
31	4.92	97410280
32	3.87	97410280
33	7.38	97410280
34	10.91	97410280
35	8.37	97410280
36	9.57	97410280
1	3.73	97411102
2	3.68	97411102
3	5.4	97411102
4	6.53	97411102
5	7.66	97411102
6	6.9	97411102
7	5.32	97411102
8	5.02	97411102
9	3.25	97411102
10	1.01	97411102
11	2.02	97411102
12	2.75	97411102
13	2.47	97411102
14	1.4	97411102
15	1.89	97411102
16	0.95	97411102
17	1.04	97411102
18	0.75	97411102
19	0.54	97411102
20	0.68	97411102
21	0.47	97411102
22	1	97411102
23	0.88	97411102
24	0.69	97411102
25	1.07	97411102
26	0.6	97411102
27	0.58	97411102
28	1.1	97411102
29	1.17	97411102
30	0.7	97411102
31	0.39	97411102
32	1.3	97411102
33	2.27	97411102
34	5.75	97411102
35	2.75	97411102
36	3.26	97411102
1	0.4	97411103
2	1.63	97411103
3	5.5	97411103
4	7.79	97411103
5	5.67	97411103
6	1.2	97411103
7	1.65	97411103
8	8.28	97411103
9	1.35	97411103
10	0.14	97411103
11	0.92	97411103
12	2.85	97411103
13	0.55	97411103
14	1.59	97411103
15	1.33	97411103
16	2.46	97411103
17	0.06	97411103
18	0.18	97411103
19	0.25	97411103
20	2.65	97411103
21	1.06	97411103
22	1.58	97411103
23	0.89	97411103
24	0.92	97411103
25	1.25	97411103
26	0.28	97411103
27	0.2	97411103
28	0.85	97411103
29	1.11	97411103
30	0.51	97411103
31	0.23	97411103
32	0.23	97411103
33	0.73	97411103
34	0.59	97411103
35	1.53	97411103
36	2.18	97411103
1	1.97	97411105
2	1.09	97411105
3	4.45	97411105
4	9.77	97411105
5	8.94	97411105
6	13.05	97411105
7	2.26	97411105
8	6.77	97411105
9	2.15	97411105
10	0.91	97411105
11	1.14	97411105
12	1.72	97411105
13	0.57	97411105
14	0.38	97411105
15	1.91	97411105
16	0.73	97411105
17	0.01	97411105
18	0.29	97411105
19	0.86	97411105
20	1.47	97411105
21	0.65	97411105
22	1.17	97411105
23	0.51	97411105
24	0.93	97411105
25	1.03	97411105
26	0.71	97411105
27	0.78	97411105
28	1.1	97411105
29	0.71	97411105
30	0.84	97411105
31	0.5	97411105
32	2.37	97411105
33	0.58	97411105
34	5.06	97411105
35	2.9	97411105
36	1.9	97411105
1	3.73	97411120
2	6.13	97411120
3	6.61	97411120
4	6.92	97411120
5	8.63	97411120
6	8.72	97411120
7	6.19	97411120
8	6.07	97411120
9	3.7	97411120
10	1.9	97411120
11	3.38	97411120
12	3.28	97411120
13	2.92	97411120
14	2.13	97411120
15	2.18	97411120
16	0.89	97411120
17	1.19	97411120
18	1.17	97411120
19	0.75	97411120
20	1.69	97411120
21	0.85	97411120
22	1.22	97411120
23	1.56	97411120
24	1.24	97411120
25	1.48	97411120
26	0.99	97411120
27	1.04	97411120
28	1.61	97411120
29	1.38	97411120
30	1.78	97411120
31	1.07	97411120
32	1.5	97411120
33	2.61	97411120
34	7.33	97411120
35	3.31	97411120
36	3.86	97411120
1	3.47	97411126
2	4.38	97411126
3	5.96	97411126
4	8.09	97411126
5	10.7	97411126
6	8.53	97411126
7	6.22	97411126
8	5.54	97411126
9	3.75	97411126
10	1.62	97411126
11	2.83	97411126
12	2.71	97411126
13	3.42	97411126
14	1.64	97411126
15	1.85	97411126
16	1.4	97411126
17	1.3	97411126
18	0.59	97411126
19	0.77	97411126
20	1.18	97411126
21	0.75	97411126
22	1.2	97411126
23	1.63	97411126
24	0.76	97411126
25	1.33	97411126
26	0.94	97411126
27	1.08	97411126
28	1	97411126
29	1.23	97411126
30	1.12	97411126
31	0.69	97411126
32	1.32	97411126
33	2.72	97411126
34	7.01	97411126
35	3.64	97411126
36	4.42	97411126
1	3.18	97411132
2	3.9	97411132
3	5.24	97411132
4	6.75	97411132
5	8.68	97411132
6	8.02	97411132
7	5.83	97411132
8	5.81	97411132
9	3.28	97411132
10	1.25	97411132
11	2.49	97411132
12	2.46	97411132
13	2.75	97411132
14	1.55	97411132
15	1.42	97411132
16	1.09	97411132
17	1.1	97411132
18	1.45	97411132
19	0.72	97411132
20	0.85	97411132
21	0.56	97411132
22	1.13	97411132
23	1.49	97411132
24	0.76	97411132
25	0.81	97411132
26	0.74	97411132
27	0.8	97411132
28	0.83	97411132
29	1.19	97411132
30	0.74	97411132
31	0.46	97411132
32	1.07	97411132
33	1.85	97411132
34	5.13	97411132
35	2.92	97411132
36	3.95	97411132
1	4.78	97411141
2	1.14	97411141
3	5.71	97411141
4	9.09	97411141
5	6.83	97411141
6	11.86	97411141
7	3.29	97411141
8	5.92	97411141
9	0.96	97411141
10	0.59	97411141
11	0.21	97411141
12	3.17	97411141
13	0.43	97411141
14	0.49	97411141
15	1.99	97411141
16	0.22	97411141
17	0.03	97411141
18	0.19	97411141
19	0.49	97411141
20	0.61	97411141
21	0.48	97411141
22	0.69	97411141
23	0.19	97411141
24	0.82	97411141
25	0.77	97411141
26	0.48	97411141
27	0.36	97411141
28	1.22	97411141
29	0.51	97411141
30	1.03	97411141
31	0.43	97411141
32	3.09	97411141
33	0.94	97411141
34	5.1	97411141
35	2.52	97411141
36	1.4	97411141
1	5.24	97411150
2	5.92	97411150
3	8.5	97411150
4	8.76	97411150
5	12.38	97411150
6	9.4	97411150
7	7.51	97411150
8	6.41	97411150
9	4.71	97411150
10	3.06	97411150
11	4.29	97411150
12	3.45	97411150
13	3.73	97411150
14	2.2	97411150
15	2.16	97411150
16	1.54	97411150
17	0.5	97411150
18	1.37	97411150
19	0.88	97411150
20	1.46	97411150
21	0.88	97411150
22	1.57	97411150
23	2.06	97411150
24	1.21	97411150
25	2.11	97411150
26	1.53	97411150
27	1.64	97411150
28	1.9	97411150
29	1.56	97411150
30	1.65	97411150
31	1.68	97411150
32	1.81	97411150
33	3.57	97411150
34	7.21	97411150
35	5.72	97411150
36	4.07	97411150
1	7.5	97412340
2	5.9	97412340
3	7.57	97412340
4	7.15	97412340
5	10.27	97412340
6	13.81	97412340
7	11.74	97412340
8	5.76	97412340
9	7.47	97412340
10	6.84	97412340
11	8.14	97412340
12	5.82	97412340
13	6.15	97412340
14	4.01	97412340
15	1.68	97412340
16	7.8	97412340
17	3.09	97412340
18	6.1	97412340
19	7.66	97412340
20	7.51	97412340
21	5.21	97412340
22	3.26	97412340
23	2.79	97412340
24	4.69	97412340
25	3.09	97412340
26	3.95	97412340
27	1.6	97412340
28	2.21	97412340
29	1.44	97412340
30	2.33	97412340
31	2.29	97412340
32	1.61	97412340
33	3.08	97412340
34	6.63	97412340
35	4.73	97412340
36	2.82	97412340
1	8.2	97412356
2	4.25	97412356
3	7.06	97412356
4	9.86	97412356
5	14.5	97412356
6	15.63	97412356
7	15.21	97412356
8	7.74	97412356
9	11.07	97412356
10	12.84	97412356
11	10.69	97412356
12	8.46	97412356
13	11.07	97412356
14	8.19	97412356
15	4.77	97412356
16	10.41	97412356
17	6.67	97412356
18	10.66	97412356
19	13.87	97412356
20	12.45	97412356
21	8.1	97412356
22	7.14	97412356
23	5.76	97412356
24	10.3	97412356
25	5.4	97412356
26	7.39	97412356
27	3.76	97412356
28	3.75	97412356
29	4.28	97412356
30	3.8	97412356
31	4.82	97412356
32	2.61	97412356
33	4.61	97412356
34	7.36	97412356
35	4.81	97412356
36	3.69	97412356
1	6.78	97412360
2	4.62	97412360
3	5.93	97412360
4	6.13	97412360
5	10.48	97412360
6	11.86	97412360
7	10.88	97412360
8	5.59	97412360
9	7.97	97412360
10	8.87	97412360
11	7.72	97412360
12	7.53	97412360
13	8.22	97412360
14	6.17	97412360
15	3.06	97412360
16	7.62	97412360
17	4.43	97412360
18	5.78	97412360
19	8.52	97412360
20	7.88	97412360
21	5.2	97412360
22	4.15	97412360
23	3.38	97412360
24	4.76	97412360
25	2.42	97412360
26	3.45	97412360
27	1.35	97412360
28	3.19	97412360
29	1.95	97412360
30	2.78	97412360
31	3.2	97412360
32	1.53	97412360
33	3.76	97412360
34	5.93	97412360
35	3.72	97412360
36	2.13	97412360
1	-999	97412361
2	-999	97412361
3	-999	97412361
4	-999	97412361
5	-999	97412361
6	-999	97412361
7	-999	97412361
8	-999	97412361
9	-999	97412361
10	-999	97412361
11	-999	97412361
12	-999	97412361
13	-999	97412361
14	-999	97412361
15	-999	97412361
16	-999	97412361
17	-999	97412361
18	-999	97412361
19	-999	97412361
20	-999	97412361
21	-999	97412361
22	-999	97412361
23	-999	97412361
24	-999	97412361
25	-999	97412361
26	-999	97412361
27	-999	97412361
28	-999	97412361
29	-999	97412361
30	-999	97412361
31	-999	97412361
32	-999	97412361
33	-999	97412361
34	-999	97412361
35	-999	97412361
36	-999	97412361
1	6.87	97412368
2	4.67	97412368
3	6.1	97412368
4	8.08	97412368
5	10.13	97412368
6	9.92	97412368
7	12.52	97412368
8	6.68	97412368
9	7.03	97412368
10	11.27	97412368
11	9.89	97412368
12	8.17	97412368
13	10.3	97412368
14	6.97	97412368
15	3.81	97412368
16	5.42	97412368
17	3.23	97412368
18	8.05	97412368
19	9.33	97412368
20	8.33	97412368
21	6.1	97412368
22	5.62	97412368
23	6.71	97412368
24	6.43	97412368
25	3.93	97412368
26	5.58	97412368
27	3.95	97412368
28	2.99	97412368
29	4.37	97412368
30	2.78	97412368
31	2.88	97412368
32	1.45	97412368
33	3.33	97412368
34	6.11	97412368
35	3.32	97412368
36	3.51	97412368
1	2.59	97412376
2	0.73	97412376
3	3.89	97412376
4	6.06	97412376
5	9.01	97412376
6	10.14	97412376
7	4.55	97412376
8	4.14	97412376
9	5.96	97412376
10	1.68	97412376
11	4.57	97412376
12	6.3	97412376
13	3.91	97412376
14	2.74	97412376
15	2.66	97412376
16	2.02	97412376
17	0.26	97412376
18	3.74	97412376
19	5.74	97412376
20	11.9	97412376
21	3.91	97412376
22	2.49	97412376
23	0.66	97412376
24	3.8	97412376
25	1.14	97412376
26	6.36	97412376
27	2.2	97412376
28	1.57	97412376
29	1.3	97412376
30	0.72	97412376
31	1.31	97412376
32	0.84	97412376
33	1.67	97412376
34	4.77	97412376
35	2.8	97412376
36	0.25	97412376
1	8.18	97413530
2	6.05	97413530
3	7.07	97413530
4	9.29	97413530
5	7.32	97413530
6	6.61	97413530
7	7.31	97413530
8	4.35	97413530
9	4.43	97413530
10	3.61	97413530
11	2.92	97413530
12	2.92	97413530
13	1.97	97413530
14	1.6	97413530
15	1.81	97413530
16	1.58	97413530
17	0.79	97413530
18	1.12	97413530
19	0.93	97413530
20	0.65	97413530
21	0.52	97413530
22	0.29	97413530
23	0.64	97413530
24	1.19	97413530
25	0.9	97413530
26	0.86	97413530
27	0.98	97413530
28	1.6	97413530
29	0.95	97413530
30	1.45	97413530
31	2.21	97413530
32	2.83	97413530
33	3.51	97413530
34	5.05	97413530
35	5.59	97413530
36	6.28	97413530
1	1.37	97413536
2	1.89	97413536
3	1.49	97413536
4	2.46	97413536
5	2.11	97413536
6	4.23	97413536
7	2.97	97413536
8	0.41	97413536
9	0.88	97413536
10	1.22	97413536
11	1.3	97413536
12	0.76	97413536
13	0.42	97413536
14	0.44	97413536
15	0.98	97413536
16	0.3	97413536
17	0.09	97413536
18	0.26	97413536
19	0.06	97413536
20	0.3	97413536
21	0.25	97413536
22	0.02	97413536
23	0.26	97413536
24	0.37	97413536
25	0.4	97413536
26	0.05	97413536
27	0.05	97413536
28	0.14	97413536
29	0.51	97413536
30	0.4	97413536
31	0.15	97413536
32	0.16	97413536
33	0.48	97413536
34	1.84	97413536
35	1.51	97413536
36	1.88	97413536
1	1.98	97413555
2	1.88	97413555
3	3.74	97413555
4	1.58	97413555
5	2.89	97413555
6	1.95	97413555
7	1.22	97413555
8	1.11	97413555
9	0.81	97413555
10	1.48	97413555
11	2.67	97413555
12	0.88	97413555
13	0.56	97413555
14	1.36	97413555
15	1.62	97413555
16	0.91	97413555
17	0.04	97413555
18	1.41	97413555
19	0.61	97413555
20	1.33	97413555
21	0.56	97413555
22	0.18	97413555
23	0.15	97413555
24	0.42	97413555
25	0.61	97413555
26	0.7	97413555
27	0.13	97413555
28	0.6	97413555
29	0.74	97413555
30	0.49	97413555
31	0.38	97413555
32	0.33	97413555
33	0.18	97413555
34	1.38	97413555
35	1.38	97413555
36	1.35	97413555
1	6.07	97413566
2	5.45	97413566
3	6.77	97413566
4	9.53	97413566
5	6.26	97413566
6	4.86	97413566
7	6.77	97413566
8	3.94	97413566
9	4.09	97413566
10	4.28	97413566
11	4.1	97413566
12	3.35	97413566
13	2.11	97413566
14	2.43	97413566
15	2.07	97413566
16	2.59	97413566
17	2.21	97413566
18	2.1	97413566
19	2.06	97413566
20	1.35	97413566
21	1.53	97413566
22	1	97413566
23	2.13	97413566
24	2.23	97413566
25	1.81	97413566
26	1.64	97413566
27	1.22	97413566
28	1.98	97413566
29	1.11	97413566
30	2.11	97413566
31	1.98	97413566
32	2.7	97413566
33	3.16	97413566
34	4.9	97413566
35	4.54	97413566
36	4.53	97413566
1	5.35	97414408
2	3.73	97414408
3	6.37	97414408
4	6.21	97414408
5	6.58	97414408
6	9.76	97414408
7	6.74	97414408
8	3.11	97414408
9	2.38	97414408
10	6.4	97414408
11	2.89	97414408
12	3.14	97414408
13	3.64	97414408
14	2.12	97414408
15	0.88	97414408
16	2.76	97414408
17	0.69	97414408
18	2.18	97414408
19	2.14	97414408
20	2.27	97414408
21	2.47	97414408
22	0.46	97414408
23	0.45	97414408
24	2.03	97414408
25	2.05	97414408
26	2.69	97414408
27	0.65	97414408
28	2.09	97414408
29	1.35	97414408
30	2.26	97414408
31	1.42	97414408
32	1.19	97414408
33	2.57	97414408
34	8.83	97414408
35	4.24	97414408
36	3.48	97414408
1	4.38	97414416
2	3.53	97414416
3	4.03	97414416
4	5.17	97414416
5	5.92	97414416
6	8.62	97414416
7	5.49	97414416
8	3.79	97414416
9	2.71	97414416
10	4.35	97414416
11	4.14	97414416
12	2.02	97414416
13	3.61	97414416
14	1.04	97414416
15	1.15	97414416
16	3.45	97414416
17	0.46	97414416
18	2.65	97414416
19	2.12	97414416
20	1.97	97414416
21	1.49	97414416
22	0.39	97414416
23	0.9	97414416
24	2.53	97414416
25	1.11	97414416
26	0.94	97414416
27	0.13	97414416
28	2.19	97414416
29	0.49	97414416
30	1.32	97414416
31	1.29	97414416
32	1.01	97414416
33	1.81	97414416
34	4.02	97414416
35	2.66	97414416
36	4.19	97414416
1	1.11	97414440
2	2.29	97414440
3	4.11	97414440
4	4.79	97414440
5	3.37	97414440
6	5.62	97414440
7	5.22	97414440
8	1.5	97414440
9	2.98	97414440
10	2.69	97414440
11	2.19	97414440
12	2.01	97414440
13	3.04	97414440
14	0.6	97414440
15	0.73	97414440
16	2.11	97414440
17	0.42	97414440
18	1.05	97414440
19	1.48	97414440
20	1.68	97414440
21	1	97414440
22	0.28	97414440
23	0.58	97414440
24	1.09	97414440
25	0.56	97414440
26	0.58	97414440
27	0.18	97414440
28	0.59	97414440
29	0.25	97414440
30	0.42	97414440
31	0.59	97414440
32	0.38	97414440
33	1.28	97414440
34	3.85	97414440
35	1.42	97414440
36	2.14	97414440
1	2.35	97414456
2	1.12	97414456
3	2.34	97414456
4	2.56	97414456
5	2.01	97414456
6	5.49	97414456
7	4.04	97414456
8	1.91	97414456
9	2.31	97414456
10	2.76	97414456
11	1.37	97414456
12	1.87	97414456
13	2.12	97414456
14	0.58	97414456
15	0.63	97414456
16	1.95	97414456
17	0.4	97414456
18	1.33	97414456
19	1.21	97414456
20	1.31	97414456
21	0.67	97414456
22	0.33	97414456
23	0.56	97414456
24	0.83	97414456
25	0.33	97414456
26	0.24	97414456
27	0.1	97414456
28	0.41	97414456
29	0.36	97414456
30	0.55	97414456
31	0.27	97414456
32	0.36	97414456
33	1.78	97414456
34	1.82	97414456
35	0.56	97414456
36	1.6	97414456
1	2.27	97414462
2	1.69	97414462
3	2.46	97414462
4	3.93	97414462
5	2.79	97414462
6	5.33	97414462
7	4.61	97414462
8	1	97414462
9	2.76	97414462
10	3.07	97414462
11	2.04	97414462
12	2.39	97414462
13	2.08	97414462
14	0.79	97414462
15	0.72	97414462
16	2.3	97414462
17	0.35	97414462
18	1.67	97414462
19	1.2	97414462
20	1.41	97414462
21	0.92	97414462
22	0.37	97414462
23	0.63	97414462
24	0.9	97414462
25	0.58	97414462
26	0.63	97414462
27	0.06	97414462
28	0.56	97414462
29	0.49	97414462
30	0.53	97414462
31	0.27	97414462
32	0.59	97414462
33	1.56	97414462
34	2.41	97414462
35	0.98	97414462
36	2.03	97414462
1	5.18	97415516
2	6.16	97415516
3	5.23	97415516
4	6.81	97415516
5	7.23	97415516
6	4.91	97415516
7	5.23	97415516
8	3.87	97415516
9	2.72	97415516
10	3.07	97415516
11	2.55	97415516
12	3.47	97415516
13	1.45	97415516
14	1.34	97415516
15	1.33	97415516
16	0.87	97415516
17	0.6	97415516
18	0.76	97415516
19	0.72	97415516
20	0.39	97415516
21	0.29	97415516
22	0.37	97415516
23	0.55	97415516
24	0.86	97415516
25	0.6	97415516
26	0.33	97415516
27	0.24	97415516
28	0.61	97415516
29	0.6	97415516
30	0.61	97415516
31	1.26	97415516
32	1.33	97415516
33	1.9	97415516
34	1.94	97415516
35	4.96	97415516
36	4.14	97415516
1	4.33	97415522
2	4.94	97415522
3	5.14	97415522
4	6.56	97415522
5	5.96	97415522
6	4.44	97415522
7	4.82	97415522
8	3.57	97415522
9	2.66	97415522
10	2.5	97415522
11	1.88	97415522
12	2.11	97415522
13	0.95	97415522
14	1.46	97415522
15	0.98	97415522
16	0.83	97415522
17	0.5	97415522
18	0.84	97415522
19	0.77	97415522
20	0.3	97415522
21	0.24	97415522
22	0.3	97415522
23	0.35	97415522
24	0.68	97415522
25	0.88	97415522
26	0.4	97415522
27	0.29	97415522
28	0.37	97415522
29	0.79	97415522
30	0.9	97415522
31	1.36	97415522
32	1.36	97415522
33	1.75	97415522
34	2.49	97415522
35	4.13	97415522
36	3.45	97415522
1	6.05	97415541
2	4.55	97415541
3	6.03	97415541
4	7.31	97415541
5	6.51	97415541
6	5.4	97415541
7	6.18	97415541
8	4.46	97415541
9	2.89	97415541
10	2.78	97415541
11	2.48	97415541
12	2.36	97415541
13	1.1	97415541
14	1.52	97415541
15	0.99	97415541
16	1.14	97415541
17	0.77	97415541
18	0.82	97415541
19	0.74	97415541
20	0.61	97415541
21	0.43	97415541
22	0.12	97415541
23	0.37	97415541
24	0.8	97415541
25	0.94	97415541
26	0.53	97415541
27	0.41	97415541
28	0.73	97415541
29	0.82	97415541
30	0.85	97415541
31	1.95	97415541
32	1.67	97415541
33	1.85	97415541
34	2.76	97415541
35	5.1	97415541
36	4.38	97415541
1	0.92	97415544
2	2.92	97415544
3	2.52	97415544
4	2.72	97415544
5	3.64	97415544
6	4.52	97415544
7	2.34	97415544
8	1.4	97415544
9	2.3	97415544
10	1.09	97415544
11	0.26	97415544
12	0.88	97415544
13	0.36	97415544
14	0.48	97415544
15	0.38	97415544
16	0.54	97415544
17	0.16	97415544
18	0.04	97415544
19	0.05	97415544
20	0.08	97415544
21	0.11	97415544
22	0.2	97415544
23	0.2	97415544
24	0.23	97415544
25	0.11	97415544
26	0	97415544
27	0.05	97415544
28	0.08	97415544
29	0.51	97415544
30	0.35	97415544
31	0.36	97415544
32	0.13	97415544
33	0.66	97415544
34	3.08	97415544
35	1.45	97415544
36	1.76	97415544
1	1.45	97415551
2	2.66	97415551
3	4.06	97415551
4	3.96	97415551
5	6.33	97415551
6	5.12	97415551
7	3.98	97415551
8	1.98	97415551
9	1.72	97415551
10	0.84	97415551
11	1.26	97415551
12	0.99	97415551
13	1	97415551
14	0.93	97415551
15	0.56	97415551
16	0.43	97415551
17	0.41	97415551
18	0.32	97415551
19	0.42	97415551
20	0.21	97415551
21	0.33	97415551
22	0.05	97415551
23	0.22	97415551
24	0.8	97415551
25	0.33	97415551
26	0.19	97415551
27	0.14	97415551
28	0.32	97415551
29	0.5	97415551
30	0.34	97415551
31	0.5	97415551
32	0.43	97415551
33	1.19	97415551
34	2.67	97415551
35	2.6	97415551
36	2.48	97415551
1	3.43	97415557
2	2.36	97415557
3	4.69	97415557
4	5.47	97415557
5	2.75	97415557
6	8.17	97415557
7	6.49	97415557
8	3.5	97415557
9	0.92	97415557
10	1.46	97415557
11	0.67	97415557
12	1.59	97415557
13	1.44	97415557
14	1.46	97415557
15	0.55	97415557
16	0.32	97415557
17	0.57	97415557
18	0.33	97415557
19	0.06	97415557
20	0.52	97415557
21	0.16	97415557
22	0.13	97415557
23	0.47	97415557
24	0.95	97415557
25	1.6	97415557
26	0.53	97415557
27	0.15	97415557
28	0.34	97415557
29	0.9	97415557
30	0.7	97415557
31	0.69	97415557
32	1.43	97415557
33	1.63	97415557
34	5.09	97415557
35	3.88	97415557
36	3.66	97415557
1	-999	97415579
2	-999	97415579
3	-999	97415579
4	-999	97415579
5	-999	97415579
6	-999	97415579
7	-999	97415579
8	-999	97415579
9	-999	97415579
10	-999	97415579
11	-999	97415579
12	-999	97415579
13	-999	97415579
14	-999	97415579
15	-999	97415579
16	-999	97415579
17	-999	97415579
18	-999	97415579
19	-999	97415579
20	-999	97415579
21	-999	97415579
22	-999	97415579
23	-999	97415579
24	-999	97415579
25	-999	97415579
26	-999	97415579
27	-999	97415579
28	-999	97415579
29	-999	97415579
30	-999	97415579
31	-999	97415579
32	-999	97415579
33	-999	97415579
34	-999	97415579
35	-999	97415579
36	-999	97415579
1	3.37	97415581
2	2.27	97415581
3	4.36	97415581
4	3.49	97415581
5	3.91	97415581
6	4.41	97415581
7	4.16	97415581
8	2.61	97415581
9	2.17	97415581
10	1.11	97415581
11	1.93	97415581
12	1.17	97415581
13	1.48	97415581
14	1	97415581
15	0.32	97415581
16	0.68	97415581
17	0.31	97415581
18	0.32	97415581
19	0.16	97415581
20	0.58	97415581
21	0.17	97415581
22	0.04	97415581
23	0.37	97415581
24	0.75	97415581
25	0.8	97415581
26	0.3	97415581
27	0.6	97415581
28	0.53	97415581
29	0.31	97415581
30	0.9	97415581
31	0.88	97415581
32	0.59	97415581
33	0.97	97415581
34	2.44	97415581
35	2.05	97415581
36	3.08	97415581
1	6.94	97417340
2	6.79	97417340
3	11.45	97417340
4	9.22	97417340
5	11.76	97417340
6	16.56	97417340
7	14.99	97417340
8	11.35	97417340
9	11.99	97417340
10	12.46	97417340
11	10.14	97417340
12	14.18	97417340
13	12.72	97417340
14	7.44	97417340
15	6.8	97417340
16	9.67	97417340
17	7.75	97417340
18	6.45	97417340
19	8.89	97417340
20	8.53	97417340
21	6.05	97417340
22	6.66	97417340
23	8.2	97417340
24	7.01	97417340
25	6.11	97417340
26	5.88	97417340
27	5.52	97417340
28	5.38	97417340
29	5.82	97417340
30	6.36	97417340
31	5.17	97417340
32	5.03	97417340
33	4.99	97417340
34	8.9	97417340
35	7.34	97417340
36	6.64	97417340
1	9.13	97417380
2	5.88	97417380
3	7.67	97417380
4	11.32	97417380
5	10.78	97417380
6	12.12	97417380
7	14.28	97417380
8	8.35	97417380
9	9.85	97417380
10	11.96	97417380
11	9.22	97417380
12	10.66	97417380
13	11.18	97417380
14	5.02	97417380
15	5.95	97417380
16	7.37	97417380
17	5.84	97417380
18	8.99	97417380
19	7.42	97417380
20	9.09	97417380
21	5.54	97417380
22	6.31	97417380
23	6.75	97417380
24	5.95	97417380
25	5.62	97417380
26	5.89	97417380
27	5.48	97417380
28	3.8	97417380
29	4.74	97417380
30	5.59	97417380
31	4.12	97417380
32	3.06	97417380
33	4.3	97417380
34	7.51	97417380
35	7.67	97417380
36	5.88	97417380
1	0.67	97418140
2	1.98	97418140
3	1.76	97418140
4	1.19	97418140
5	11.09	97418140
6	0	97418140
7	3.69	97418140
8	4.07	97418140
9	1.15	97418140
10	0	97418140
11	0	97418140
12	0	97418140
13	0	97418140
14	0	97418140
15	0	97418140
16	0	97418140
17	0	97418140
18	0	97418140
19	0	97418140
20	1	97418140
21	0.42	97418140
22	1.2	97418140
23	1.1	97418140
24	0.97	97418140
25	0.06	97418140
26	0.38	97418140
27	0.57	97418140
28	0	97418140
29	0.2	97418140
30	0	97418140
31	0.72	97418140
32	0.45	97418140
33	0	97418140
34	2.6	97418140
35	0.38	97418140
36	2.55	97418140
1	9.07	97418150
2	7.07	97418150
3	8.41	97418150
4	10.2	97418150
5	12.58	97418150
6	10.35	97418150
7	10.1	97418150
8	8.87	97418150
9	6.41	97418150
10	6.65	97418150
11	6.82	97418150
12	6.23	97418150
13	8.92	97418150
14	4.99	97418150
15	3.98	97418150
16	2.75	97418150
17	2.66	97418150
18	4.48	97418150
19	4.2	97418150
20	4.33	97418150
21	2.51	97418150
22	3.53	97418150
23	4.04	97418150
24	3.42	97418150
25	3.28	97418150
26	4.05	97418150
27	2.77	97418150
28	1.55	97418150
29	3.8	97418150
30	2.33	97418150
31	1.79	97418150
32	2.27	97418150
33	3.46	97418150
34	7.74	97418150
35	6.06	97418150
36	6.15	97418150
1	5.07	97418160
2	5.22	97418160
3	7.26	97418160
4	9.18	97418160
5	12.1	97418160
6	10.96	97418160
7	7.51	97418160
8	7.11	97418160
9	4.05	97418160
10	2.42	97418160
11	4.26	97418160
12	3.39	97418160
13	4.61	97418160
14	2.03	97418160
15	2.06	97418160
16	1.81	97418160
17	1.45	97418160
18	2.01	97418160
19	1.55	97418160
20	1.92	97418160
21	1.06	97418160
22	2.07	97418160
23	2.07	97418160
24	1.37	97418160
25	1.52	97418160
26	1.56	97418160
27	1.07	97418160
28	1.43	97418160
29	1.85	97418160
30	1.54	97418160
31	0.94	97418160
32	1.78	97418160
33	3	97418160
34	6.89	97418160
35	5.24	97418160
36	4.9	97418160
1	4.93	97418165
2	8.23	97418165
3	10.3	97418165
4	14.52	97418165
5	8.63	97418165
6	11.68	97418165
7	5.02	97418165
8	8.59	97418165
9	3.67	97418165
10	2.91	97418165
11	4.26	97418165
12	2.99	97418165
13	4.62	97418165
14	2.56	97418165
15	2.79	97418165
16	1.09	97418165
17	2.15	97418165
18	1.04	97418165
19	1.89	97418165
20	2.15	97418165
21	0.47	97418165
22	2.92	97418165
23	1.43	97418165
24	1.48	97418165
25	2.55	97418165
26	2.07	97418165
27	1.2	97418165
28	1.91	97418165
29	1.18	97418165
30	1.54	97418165
31	1.37	97418165
32	2.69	97418165
33	1.69	97418165
34	10.05	97418165
35	5.18	97418165
36	7.72	97418165
1	7.11	97418170
2	11.05	97418170
3	13.51	97418170
4	19.58	97418170
5	14.9	97418170
6	14.35	97418170
7	5.11	97418170
8	9.05	97418170
9	3.7	97418170
10	8.65	97418170
11	10.03	97418170
12	3	97418170
13	15.33	97418170
14	10.49	97418170
15	7.39	97418170
16	3.06	97418170
17	6.86	97418170
18	2.78	97418170
19	3.14	97418170
20	5.41	97418170
21	1.39	97418170
22	3.93	97418170
23	6.93	97418170
24	2.18	97418170
25	4.2	97418170
26	5.1	97418170
27	1.46	97418170
28	2.19	97418170
29	2.63	97418170
30	2.52	97418170
31	1.12	97418170
32	1.15	97418170
33	4.05	97418170
34	16.32	97418170
35	5.7	97418170
36	14.15	97418170
1	12.73	97419310
2	10.76	97419310
3	13.44	97419310
4	13.27	97419310
5	19.74	97419310
6	17.7	97419310
7	16.07	97419310
8	11.85	97419310
9	13.67	97419310
10	10.23	97419310
11	11.79	97419310
12	12.65	97419310
13	11.24	97419310
14	8.53	97419310
15	8.48	97419310
16	7.73	97419310
17	7.5	97419310
18	6.49	97419310
19	8.69	97419310
20	11.28	97419310
21	7.65	97419310
22	8.45	97419310
23	8.07	97419310
24	7.6	97419310
25	6.16	97419310
26	6.48	97419310
27	5.34	97419310
28	3.91	97419310
29	6.99	97419310
30	5.24	97419310
31	4.2	97419310
32	5.37	97419310
33	5.68	97419310
34	11.36	97419310
35	8.95	97419310
36	7.06	97419310
1	21.15	97419320
2	24.23	97419320
3	21.81	97419320
4	27.07	97419320
5	33.15	97419320
6	25.05	97419320
7	20.18	97419320
8	21.09	97419320
9	22.69	97419320
10	19.06	97419320
11	16.48	97419320
12	19.01	97419320
13	14.84	97419320
14	18.17	97419320
15	18.44	97419320
16	23.9	97419320
17	13.42	97419320
18	13.61	97419320
19	15.84	97419320
20	41.17	97419320
21	19.94	97419320
22	20.3	97419320
23	3.43	97419320
24	16.85	97419320
25	7.32	97419320
26	11.31	97419320
27	18.16	97419320
28	12.2	97419320
29	7.92	97419320
30	2.6	97419320
31	4.86	97419320
32	10.92	97419320
33	6.35	97419320
34	16.43	97419320
35	16.13	97419320
36	9.96	97419320
1	7.99	97420110
2	8.46	97420110
3	8.27	97420110
4	10.92	97420110
5	8.71	97420110
6	9.06	97420110
7	9.37	97420110
8	8.46	97420110
9	7.43	97420110
10	5.2	97420110
11	5.4	97420110
12	7.25	97420110
13	4.2	97420110
14	3.73	97420110
15	3.84	97420110
16	4.05	97420110
17	3.41	97420110
18	3.6	97420110
19	3.82	97420110
20	3.66	97420110
21	3.93	97420110
22	3.53	97420110
23	3.26	97420110
24	3.15	97420110
25	2.65	97420110
26	2.49	97420110
27	2.12	97420110
28	1.96	97420110
29	2.86	97420110
30	1.9	97420110
31	1.88	97420110
32	2.84	97420110
33	3.86	97420110
34	4.59	97420110
35	6.48	97420110
36	5.52	97420110
1	6.8	97420120
2	6.2	97420120
3	7.45	97420120
4	10.55	97420120
5	12.36	97420120
6	10.05	97420120
7	9.05	97420120
8	9.1	97420120
9	6.17	97420120
10	4.1	97420120
11	5.98	97420120
12	6.09	97420120
13	5.17	97420120
14	4.05	97420120
15	3.21	97420120
16	2.48	97420120
17	3.1	97420120
18	2.92	97420120
19	4.15	97420120
20	4.63	97420120
21	2.3	97420120
22	2.89	97420120
23	2.97	97420120
24	2.75	97420120
25	1.94	97420120
26	1.59	97420120
27	1.67	97420120
28	1.29	97420120
29	2.46	97420120
30	1.57	97420120
31	1.45	97420120
32	2.27	97420120
33	2.85	97420120
34	6.58	97420120
35	4.32	97420120
36	4.88	97420120
1	9.52	97420150
2	7.12	97420150
3	9.53	97420150
4	9.51	97420150
5	14.78	97420150
6	10.14	97420150
7	12.05	97420150
8	8.7	97420150
9	7.51	97420150
10	7.24	97420150
11	8.2	97420150
12	6.24	97420150
13	7.75	97420150
14	5.83	97420150
15	4.43	97420150
16	3.43	97420150
17	3.65	97420150
18	4.78	97420150
19	4.61	97420150
20	4.37	97420150
21	3.22	97420150
22	3.79	97420150
23	4.43	97420150
24	4.15	97420150
25	3.52	97420150
26	4.58	97420150
27	3.57	97420150
28	2.11	97420150
29	3.71	97420150
30	2.86	97420150
31	1.99	97420150
32	2.62	97420150
33	5.1	97420150
34	6.91	97420150
35	6.56	97420150
36	6.59	97420150
1	-999	97420160
2	-999	97420160
3	-999	97420160
4	-999	97420160
5	-999	97420160
6	-999	97420160
7	-999	97420160
8	-999	97420160
9	-999	97420160
10	-999	97420160
11	-999	97420160
12	-999	97420160
13	-999	97420160
14	-999	97420160
15	-999	97420160
16	-999	97420160
17	-999	97420160
18	-999	97420160
19	-999	97420160
20	-999	97420160
21	-999	97420160
22	-999	97420160
23	-999	97420160
24	-999	97420160
25	-999	97420160
26	-999	97420160
27	-999	97420160
28	-999	97420160
29	-999	97420160
30	-999	97420160
31	-999	97420160
32	-999	97420160
33	-999	97420160
34	-999	97420160
35	-999	97420160
36	-999	97420160
1	11.45	97421210
2	8.91	97421210
3	11.17	97421210
4	14.38	97421210
5	9.21	97421210
6	14.85	97421210
7	10.28	97421210
8	6.38	97421210
9	3.52	97421210
10	4.25	97421210
11	6.92	97421210
12	1.97	97421210
13	6.76	97421210
14	4.12	97421210
15	3.62	97421210
16	2.66	97421210
17	3.82	97421210
18	2.44	97421210
19	1.72	97421210
20	2.54	97421210
21	2.05	97421210
22	3.22	97421210
23	2.37	97421210
24	1.41	97421210
25	2.05	97421210
26	2.68	97421210
27	0.95	97421210
28	0.44	97421210
29	2.97	97421210
30	0.88	97421210
31	0.57	97421210
32	2.55	97421210
33	2.24	97421210
34	8.32	97421210
35	1.4	97421210
36	4.04	97421210
1	11.65	97421270
2	10.6	97421270
3	11.97	97421270
4	14.78	97421270
5	10.95	97421270
6	16.09	97421270
7	11.49	97421270
8	6.82	97421270
9	4.65	97421270
10	5.39	97421270
11	6.61	97421270
12	2.44	97421270
13	8.16	97421270
14	5.14	97421270
15	3.61	97421270
16	2.68	97421270
17	4.1	97421270
18	3.25	97421270
19	2.28	97421270
20	3.93	97421270
21	1.78	97421270
22	3.38	97421270
23	5.24	97421270
24	2.03	97421270
25	2.6	97421270
26	2.56	97421270
27	0.9	97421270
28	0.83	97421270
29	3.43	97421270
30	2.03	97421270
31	2.34	97421270
32	2.69	97421270
33	3.09	97421270
34	9.13	97421270
35	3.68	97421270
36	7.18	97421270
1	3.74	97422455
2	2.91	97422455
3	6.43	97422455
4	4.94	97422455
5	7.08	97422455
6	7.76	97422455
7	7.65	97422455
8	2.96	97422455
9	2.93	97422455
10	3.4	97422455
11	2.48	97422455
12	2.44	97422455
13	3.32	97422455
14	1.45	97422455
15	1.06	97422455
16	2.13	97422455
17	0.74	97422455
18	1.23	97422455
19	1.7	97422455
20	2.76	97422455
21	1.03	97422455
22	0.38	97422455
23	1.13	97422455
24	0.95	97422455
25	1.92	97422455
26	0.75	97422455
27	0.15	97422455
28	1.42	97422455
29	0.82	97422455
30	0.82	97422455
31	0.51	97422455
32	0.77	97422455
33	1.31	97422455
34	4.21	97422455
35	2.86	97422455
36	2.4	97422455
1	2.85	97422465
2	2.77	97422465
3	7	97422465
4	6.32	97422465
5	9.2	97422465
6	13.44	97422465
7	7.3	97422465
8	2.99	97422465
9	1.25	97422465
10	4.8	97422465
11	3.84	97422465
12	3.15	97422465
13	3.25	97422465
14	1.37	97422465
15	1.33	97422465
16	1.02	97422465
17	0.35	97422465
18	1.03	97422465
19	1.99	97422465
20	2.61	97422465
21	1.39	97422465
22	0.45	97422465
23	0.53	97422465
24	0.81	97422465
25	1.24	97422465
26	1.16	97422465
27	0.28	97422465
28	1.47	97422465
29	0.61	97422465
30	1.04	97422465
31	0.38	97422465
32	0.97	97422465
33	2.11	97422465
34	4.77	97422465
35	1.36	97422465
36	0.59	97422465
1	4.77	97422480
2	2.85	97422480
3	5.33	97422480
4	6.79	97422480
5	6.99	97422480
6	8.79	97422480
7	7.71	97422480
8	2.64	97422480
9	4.53	97422480
10	6.54	97422480
11	3.36	97422480
12	2.62	97422480
13	3.92	97422480
14	2.76	97422480
15	1.1	97422480
16	5.31	97422480
17	1.69	97422480
18	4.62	97422480
19	4.72	97422480
20	5.23	97422480
21	2.44	97422480
22	1.98	97422480
23	1.85	97422480
24	2.54	97422480
25	1.55	97422480
26	2.15	97422480
27	0.26	97422480
28	1.91	97422480
29	1.48	97422480
30	1.73	97422480
31	1.5	97422480
32	0.58	97422480
33	2.38	97422480
34	4.88	97422480
35	2.55	97422480
36	1.8	97422480
1	6.42	97423520
2	5.67	97423520
3	6.05	97423520
4	7.53	97423520
5	7.12	97423520
6	5.42	97423520
7	6.67	97423520
8	3.67	97423520
9	3.2	97423520
10	2.86	97423520
11	2.3	97423520
12	2.53	97423520
13	1.4	97423520
14	1.6	97423520
15	1.29	97423520
16	1.29	97423520
17	0.92	97423520
18	1.11	97423520
19	0.86	97423520
20	0.62	97423520
21	0.51	97423520
22	0.29	97423520
23	0.52	97423520
24	0.95	97423520
25	1.46	97423520
26	0.68	97423520
27	0.51	97423520
28	1.17	97423520
29	1.06	97423520
30	1.19	97423520
31	2.06	97423520
32	2.38	97423520
33	2.37	97423520
34	3.34	97423520
35	4.85	97423520
36	4.32	97423520
1	8.44	97424410
2	4.64	97424410
3	3.34	97424410
4	7.76	97424410
5	4.53	97424410
6	15.47	97424410
7	7.85	97424410
8	3.3	97424410
9	1.56	97424410
10	4.77	97424410
11	2.25	97424410
12	3.23	97424410
13	3.96	97424410
14	2.18	97424410
15	0.76	97424410
16	1.57	97424410
17	1.02	97424410
18	0.91	97424410
19	1.12	97424410
20	1.1	97424410
21	0.79	97424410
22	1.52	97424410
23	1.34	97424410
24	1.04	97424410
25	0.87	97424410
26	0.84	97424410
27	0.29	97424410
28	0.36	97424410
29	0.81	97424410
30	1.68	97424410
31	0.78	97424410
32	0.57	97424410
33	2.29	97424410
34	6.33	97424410
35	2.7	97424410
36	3.94	97424410
1	8.46	97424460
2	3.4	97424460
3	4.65	97424460
4	6.41	97424460
5	4.16	97424460
6	15.95	97424460
7	6.26	97424460
8	2.73	97424460
9	0.61	97424460
10	7.64	97424460
11	0.77	97424460
12	3.15	97424460
13	2.48	97424460
14	1.44	97424460
15	0.17	97424460
16	1.19	97424460
17	0.31	97424460
18	0.58	97424460
19	1.99	97424460
20	0.55	97424460
21	1.98	97424460
22	1	97424460
23	0.7	97424460
24	0.64	97424460
25	0.49	97424460
26	0.36	97424460
27	0.04	97424460
28	0.04	97424460
29	0.5	97424460
30	0.89	97424460
31	0.53	97424460
32	1.7	97424460
33	1.18	97424460
34	6.28	97424460
35	1.58	97424460
36	2.8	97424460
