date	rr	etp	tx	tn	rg	ux	un	vt	tm
01-01-1986	16	5.3	30.5	23.2	23.89583	-999	-999	-999	-999
02-01-1986	2.4	4.2	30.3	23	18.50417	-999	-999	-999	-999
03-01-1986	8.9	3.5	29.9	24.3	11.37667	-999	-999	-999	-999
04-01-1986	2.4	4.5	29.4	22.7	20.12917	-999	-999	-999	-999
05-01-1986	4.2	4.9	29.4	23	20.28667	-999	-999	-999	-999
06-01-1986	1.5	6	29.6	23.1	25.25667	-999	-999	-999	-999
07-01-1986	1.5	5.5	29.4	23	24.4525	-999	-999	-999	-999
08-01-1986	0	5.9	29.5	22.1	24.40333	-999	-999	-999	-999
09-01-1986	18.1	6.3	30.2	22.5	25.01417	-999	-999	-999	-999
10-01-1986	0.6	6.2	30	22.6	24.52083	-999	-999	-999	-999
11-01-1986	0	6	29.6	23.8	21.42083	-999	-999	-999	-999
12-01-1986	0	6.4	29.9	23.3	25.39083	-999	-999	-999	-999
13-01-1986	0	6.1	31.5	22	24.83667	-999	-999	-999	-999
14-01-1986	0.6	4.8	30.2	22.8	18.48667	-999	-999	-999	-999
15-01-1986	0	5.8	31	20.2	26.44583	-999	-999	-999	-999
16-01-1986	0	6.5	31.7	21.8	28.42833	-999	-999	-999	-999
17-01-1986	0	5.9	32	20.8	25.33833	-999	-999	-999	-999
18-01-1986	15.8	2.4	30.1	20.4	11.13917	-999	-999	-999	-999
19-01-1986	0.1	3.1	30	20.3	14.505	-999	-999	-999	-999
20-01-1986	10.3	4.6	30.7	19	22.74083	-999	-999	-999	-999
21-01-1986	0	6.9	29.1	22.7	27.89417	-999	-999	-999	-999
22-01-1986	0	5.5	30.3	21.3	23.845	-999	-999	-999	-999
23-01-1986	0	5.9	30.4	19.1	29.02167	-999	-999	-999	-999
24-01-1986	8.1	5.1	30.6	20	25.05917	-999	-999	-999	-999
25-01-1986	2.3	5.4	30.8	22.8	24.37167	-999	-999	-999	-999
26-01-1986	1	6	31.2	23.1	26.35917	-999	-999	-999	-999
27-01-1986	0	5.2	30.6	22.7	22.74083	-999	-999	-999	-999
28-01-1986	0	4.8	30.4	22.3	20.61333	-999	-999	-999	-999
29-01-1986	15.2	4.8	30.2	20.7	20.95667	-999	-999	-999	-999
30-01-1986	16.9	5	30.6	22	22.53667	-999	-999	-999	-999
31-01-1986	4.7	4.9	29.9	22.8	20.34083	-999	-999	-999	-999
01-02-1986	1	5.9	29.9	22.7	24.04667	-999	-999	-999	-999
02-02-1986	12.7	6.4	30.4	24.2	25.20583	-999	-999	-999	-999
03-02-1986	14.9	4.6	29.6	23.1	18.33083	-999	-999	-999	-999
04-02-1986	3.5	3.7	29.6	23.8	14.99333	-999	-999	-999	-999
05-02-1986	10.1	3.8	28.4	25.2	13.89083	-999	-999	-999	-999
06-02-1986	2.6	1.9	28.3	23.5	6.5125	-999	-999	-999	-999
07-02-1986	25.7	4.1	28.8	23.7	16.1725	-999	-999	-999	-999
08-02-1986	0.8	3.7	29.3	23.8	15.77833	-999	-999	-999	-999
09-02-1986	0.7	3.9	30.4	24	18.39833	-999	-999	-999	-999
10-02-1986	7.5	5.6	32.1	23.4	25.8825	-999	-999	-999	-999
11-02-1986	31.8	4.1	31	22.2	19.21583	-999	-999	-999	-999
12-02-1986	0.1	5	30.4	22.9	22.94417	-999	-999	-999	-999
13-02-1986	0	5.1	30.4	22	24.95917	-999	-999	-999	-999
14-02-1986	9.2	5.2	30.4	21.2	26.215	-999	-999	-999	-999
15-02-1986	12.7	3.9	30.2	24.5	16.295	-999	-999	-999	-999
16-02-1986	1.6	3.5	29.9	23	14.53167	-999	-999	-999	-999
17-02-1986	14.8	2.8	29.5	22.7	9.429167	-999	-999	-999	-999
18-02-1986	1.3	4.8	30.4	23	21.07917	-999	-999	-999	-999
19-02-1986	1.8	5.2	30.4	23.4	20.86917	-999	-999	-999	-999
20-02-1986	0.1	4.2	30.7	23.2	20.01167	-999	-999	-999	-999
21-02-1986	0.8	4.2	30.2	23.5	16.88583	-999	-999	-999	-999
22-02-1986	0.1	5.5	30.2	23.7	21.62417	-999	-999	-999	-999
23-02-1986	0	5.3	31.1	22.9	21.66333	-999	-999	-999	-999
24-02-1986	38.4	2.9	29.4	20	12.70167	-999	-999	-999	-999
25-02-1986	0.4	4	30.2	19.6	19.38583	-999	-999	-999	-999
26-02-1986	0	5.1	31.3	20.3	25.26917	-999	-999	-999	-999
27-02-1986	2.7	4.3	31.6	20.2	20.77583	-999	-999	-999	-999
28-02-1986	0.7	4.8	31.4	23.5	21.73083	-999	-999	-999	-999
01-03-1986	2.8	5.2	30.6	24.1	23.01583	-999	-999	-999	-999
02-03-1986	0.3	4.9	30.7	23.4	22.63167	-999	-999	-999	-999
03-03-1986	21.3	6.3	31.4	23.7	25.94417	-999	-999	-999	-999
04-03-1986	1.3	5	30.7	23.5	20.72167	-999	-999	-999	-999
05-03-1986	2.1	5	30.2	23.4	21.35917	-999	-999	-999	-999
06-03-1986	3.1	4.6	30.4	24.3	18.7225	-999	-999	-999	-999
07-03-1986	1.5	5.5	29.9	23.9	20.56667	-999	-999	-999	-999
08-03-1986	4.7	6.5	30.4	23.5	24.22	-999	-999	-999	-999
09-03-1986	29.6	1.7	27.3	22.8	6.64	-999	-999	-999	-999
10-03-1986	14.1	5.9	29.6	23.2	22.91917	-999	-999	-999	-999
11-03-1986	1.5	6	29.2	22.4	20.4025	-999	-999	-999	-999
12-03-1986	23.5	3.8	29.1	24	12.58583	-999	-999	-999	-999
13-03-1986	29	1.9	28.2	24	6.6725	-999	-999	-999	-999
14-03-1986	64.5	3	28.8	24.1	13.03917	-999	-999	-999	-999
15-03-1986	7.5	4.4	29.4	23	19.145	-999	-999	-999	-999
16-03-1986	0.2	5	29.5	23.2	21.26333	-999	-999	-999	-999
17-03-1986	1	5.5	29.8	22.1	22.895	-999	-999	-999	-999
18-03-1986	2.2	5.5	28.9	21.7	21.82083	-999	-999	-999	-999
19-03-1986	0.5	5	29.2	21.6	19.64417	-999	-999	-999	-999
20-03-1986	0.2	5.4	29.1	22.4	21.83	-999	-999	-999	-999
21-03-1986	0	5.9	29.7	22	24.805	-999	-999	-999	-999
22-03-1986	2.9	5	30	21	23.9575	-999	-999	-999	-999
23-03-1986	2	4.7	30.6	22.9	21.91917	-999	-999	-999	-999
24-03-1986	6.9	4.5	29.2	23.1	18.62917	-999	-999	-999	-999
25-03-1986	7	5.2	28.9	20.6	22.34417	-999	-999	-999	-999
26-03-1986	4.5	3.4	27.9	20.9	12.97833	-999	-999	-999	-999
27-03-1986	1.2	4.6	28.7	21.3	21.3875	-999	-999	-999	-999
28-03-1986	0	5.1	29.6	21.3	22.96667	-999	-999	-999	-999
29-03-1986	0.6	4.7	30.1	21	21.155	-999	-999	-999	-999
30-03-1986	0.7	4.3	30.3	19.6	18.70083	-999	-999	-999	-999
31-03-1986	0	4.7	31.8	22.5	20.7775	-999	-999	-999	-999
01-04-1986	0	4.4	30.4	19.9	22.455	-999	-999	-999	-999
02-04-1986	0	3.7	29.6	20	20.24333	-999	-999	-999	-999
03-04-1986	0	4.1	31.2	18.7	21.55083	-999	-999	-999	-999
04-04-1986	0.3	4.4	31	20.9	21.90917	-999	-999	-999	-999
05-04-1986	0.2	3.8	30.6	23.2	15.89083	-999	-999	-999	-999
06-04-1986	0.2	4.7	30.2	22.5	21.2725	-999	-999	-999	-999
07-04-1986	5.2	4.8	30.4	22.6	19.59167	-999	-999	-999	-999
08-04-1986	2.7	3.3	29.3	21.9	15.19167	-999	-999	-999	-999
09-04-1986	0.3	4.3	29.4	21.9	19.55083	-999	-999	-999	-999
10-04-1986	0.5	3.7	29.2	22	16.2025	-999	-999	-999	-999
11-04-1986	2.2	3.9	29.2	22	17.06917	-999	-999	-999	-999
12-04-1986	0	5.1	29.6	21.9	21.34417	-999	-999	-999	-999
13-04-1986	0	4.2	29.1	19.9	19.7	-999	-999	-999	-999
14-04-1986	0	4	28.6	19.1	19.37917	-999	-999	-999	-999
15-04-1986	0	3.7	29.1	17.7	19.92167	-999	-999	-999	-999
16-04-1986	0.6	3.8	30.1	19.3	19.06667	-999	-999	-999	-999
17-04-1986	0	4.3	29.6	21.1	19.79167	-999	-999	-999	-999
18-04-1986	5.5	3.4	28.5	22	14.61333	-999	-999	-999	-999
19-04-1986	4.8	3.8	28.5	21	14.54917	-999	-999	-999	-999
20-04-1986	0.3	1.4	25.4	21.9	4.473333	-999	-999	-999	-999
21-04-1986	4.3	3.5	28.1	20.6	16.41917	-999	-999	-999	-999
22-04-1986	0.3	3.4	29	21.1	17.66	-999	-999	-999	-999
23-04-1986	13	2	28.9	20.5	10.42333	-999	-999	-999	-999
24-04-1986	0.2	4.1	29	21.5	18.45167	-999	-999	-999	-999
25-04-1986	0	3.4	28.6	21.7	15.04667	-999	-999	-999	-999
26-04-1986	0	4.7	29.8	21.5	20.29333	-999	-999	-999	-999
27-04-1986	0	4.4	29.2	22	17.535	-999	-999	-999	-999
28-04-1986	3.7	3.1	27.1	20.7	11.99083	-999	-999	-999	-999
29-04-1986	0.1	4.5	29	20.6	17.145	-999	-999	-999	-999
30-04-1986	2.1	4.5	28.6	21	19.4875	-999	-999	-999	-999
01-05-1986	3.3	3.7	27.5	20.5	15.855	-999	-999	-999	-999
02-05-1986	0.6	3.4	27.8	21	14.35917	-999	-999	-999	-999
03-05-1986	32.8	2.7	28.1	21	10.945	-999	-999	-999	-999
04-05-1986	0.9	2.5	27.6	19.8	12.91417	-999	-999	-999	-999
05-05-1986	0.2	2.7	28.4	19.9	15.44333	-999	-999	-999	-999
06-05-1986	0	2.6	28.9	20.6	13.885	-999	-999	-999	-999
07-05-1986	9.2	2.1	28.7	21	12.34333	-999	-999	-999	-999
08-05-1986	0.3	3	29.1	19	14.73583	-999	-999	-999	-999
09-05-1986	0	3.7	28.2	17.5	17.65833	-999	-999	-999	-999
10-05-1986	0	3.6	27.9	15.7	17.9425	-999	-999	-999	-999
11-05-1986	0.2	2.8	27.2	14.5	13.20583	-999	-999	-999	-999
12-05-1986	1.1	3	26.9	16.9	13.80417	-999	-999	-999	-999
13-05-1986	1.4	3.5	28.9	19.5	16.24833	-999	-999	-999	-999
14-05-1986	1.5	3.6	27.8	19.4	13.80167	-999	-999	-999	-999
15-05-1986	15.5	2.4	27.4	21	9.7925	-999	-999	-999	-999
16-05-1986	0.1	3.2	28.2	20.3	15.45917	-999	-999	-999	-999
17-05-1986	4.2	2.8	27.9	21.6	13.05833	-999	-999	-999	-999
18-05-1986	0.1	2.9	27.6	20.3	13.3625	-999	-999	-999	-999
19-05-1986	0	3.2	29.3	17.3	16.61667	-999	-999	-999	-999
20-05-1986	0	3.6	27.9	16.9	16.41083	-999	-999	-999	-999
21-05-1986	0.5	3.1	27.4	15.9	14.10917	-999	-999	-999	-999
22-05-1986	2.1	3	27.8	15.9	13.85167	-999	-999	-999	-999
23-05-1986	2.3	3.3	26.4	17.9	15.18417	-999	-999	-999	-999
24-05-1986	2.5	3	26.3	18.8	14.9525	-999	-999	-999	-999
25-05-1986	0.3	3.9	27.6	20	17.27167	-999	-999	-999	-999
26-05-1986	0.3	3.2	27.3	19	12.4075	-999	-999	-999	-999
27-05-1986	0	4	27.7	19.4	16.96333	-999	-999	-999	-999
28-05-1986	6.7	3	26.9	19	13.72583	-999	-999	-999	-999
29-05-1986	4.7	2.6	25.9	20.9	9.394167	-999	-999	-999	-999
30-05-1986	0.1	2.8	26.9	18.6	14.91667	-999	-999	-999	-999
31-05-1986	0	2.7	27.6	15.5	17.16833	-999	-999	-999	-999
01-06-1986	0	2.7	28.1	14.6	17.05083	-999	-999	-999	-999
02-06-1986	0	2.4	28.8	14.8	13.85333	-999	-999	-999	-999
03-06-1986	0	3	27.9	15.6	15.43917	-999	-999	-999	-999
04-06-1986	0	2.9	25.4	13.3	16.17333	-999	-999	-999	-999
05-06-1986	0	2.5	25.8	10.9	14.4925	-999	-999	-999	-999
06-06-1986	0	2.6	27.4	13.7	12.81833	-999	-999	-999	-999
07-06-1986	0	2.5	26.6	13.1	15.79	-999	-999	-999	-999
08-06-1986	0.5	1.5	25.4	12.1	8.643333	-999	-999	-999	-999
09-06-1986	0	3.2	26.7	15.4	15.1625	-999	-999	-999	-999
10-06-1986	0	3	27.5	14.6	15.28	-999	-999	-999	-999
11-06-1986	3.3	3	26.9	15.3	15.7425	-999	-999	-999	-999
12-06-1986	4.8	3	26.1	16.4	14.74083	-999	-999	-999	-999
13-06-1986	0.3	2.9	25.6	17.7	14.335	-999	-999	-999	-999
14-06-1986	0	2.3	26.5	12.3	15.8625	-999	-999	-999	-999
15-06-1986	1	2.1	27.1	12.5	14.515	-999	-999	-999	-999
16-06-1986	3.5	1.9	25.2	12.7	10.275	-999	-999	-999	-999
17-06-1986	2.4	3.3	25.4	15.5	14.97417	-999	-999	-999	-999
18-06-1986	5.7	2.8	25	17	13.0225	-999	-999	-999	-999
19-06-1986	0.3	3.4	25.3	17.9	15.6	-999	-999	-999	-999
20-06-1986	0.1	2.7	25.3	15	15.11917	-999	-999	-999	-999
21-06-1986	2.8	2	24.1	13.5	11.62667	-999	-999	-999	-999
22-06-1986	2.1	1.5	25.9	11.8	9.579166	-999	-999	-999	-999
23-06-1986	0.3	3.2	27	17.1	16.71417	-999	-999	-999	-999
24-06-1986	0.1	3.5	25.5	14.1	17.1675	-999	-999	-999	-999
25-06-1986	1.5	3.4	25.7	16.6	15.25667	-999	-999	-999	-999
26-06-1986	5.1	2	26.2	19.3	11.13417	-999	-999	-999	-999
27-06-1986	17.8	1.7	27.2	16.8	10.28833	-999	-999	-999	-999
28-06-1986	0	2.2	26.5	17.7	9.940833	-999	-999	-999	-999
29-06-1986	0	3.1	25.5	14.3	16.78917	-999	-999	-999	-999
30-06-1986	0	2.8	24.4	12.4	16.78917	-999	-999	-999	-999
01-07-1986	1.2	2.8	23.7	13.1	16.3025	-999	-999	-999	-999
02-07-1986	1.9	3.1	24.3	14.9	14.39667	-999	-999	-999	-999
03-07-1986	2	2.8	24.5	10.7	16.10583	-999	-999	-999	-999
04-07-1986	0.6	3.2	25.5	15.6	15.74917	-999	-999	-999	-999
05-07-1986	0.9	3.2	25.7	18.3	16.28167	-999	-999	-999	-999
06-07-1986	0.2	2.8	26.8	19.5	14.22917	-999	-999	-999	-999
07-07-1986	0.2	2.7	26.2	15.6	13.77083	-999	-999	-999	-999
08-07-1986	0.1	3.6	24.3	15.3	17.4925	-999	-999	-999	-999
09-07-1986	0	3.4	25.5	15.2	17.07333	-999	-999	-999	-999
10-07-1986	0	2.5	25.6	10.5	16.64583	-999	-999	-999	-999
11-07-1986	2.3	2.9	25	17.5	14.56667	-999	-999	-999	-999
12-07-1986	0.5	2.6	24.6	17.9	12.52167	-999	-999	-999	-999
13-07-1986	0.2	2.4	26.9	14.8	15.1475	-999	-999	-999	-999
14-07-1986	0	2	26.7	12.9	12.7725	-999	-999	-999	-999
15-07-1986	0	3.1	26.5	14.5	17.49167	-999	-999	-999	-999
16-07-1986	0	2.6	27	16.3	14.3725	-999	-999	-999	-999
17-07-1986	0	3	26.7	19.2	15.695	-999	-999	-999	-999
18-07-1986	0	3.5	26	16.5	17.3325	-999	-999	-999	-999
19-07-1986	0	3	25.7	15	17.02333	-999	-999	-999	-999
20-07-1986	0	2.7	26.6	10	17.26167	-999	-999	-999	-999
21-07-1986	0	2.9	25.2	10.2	17.97667	-999	-999	-999	-999
22-07-1986	0.1	3.2	25.4	13.6	15.4725	-999	-999	-999	-999
23-07-1986	0	3.8	25	17.2	14.3625	-999	-999	-999	-999
24-07-1986	0.2	3.1	24.8	14.8	13.65833	-999	-999	-999	-999
25-07-1986	1.7	3.5	25.4	15.3	13.0525	-999	-999	-999	-999
26-07-1986	0	3.6	24.8	16.3	17.66333	-999	-999	-999	-999
27-07-1986	3.3	3	24.8	14.8	15.8575	-999	-999	-999	-999
28-07-1986	0.5	3.2	25	16.8	14.69667	-999	-999	-999	-999
29-07-1986	0	2.4	25.5	13.6	13.70333	-999	-999	-999	-999
30-07-1986	0	2.3	25.5	11.2	13.4575	-999	-999	-999	-999
31-07-1986	0	2.8	25.9	11.5	15.5475	-999	-999	-999	-999
01-08-1986	0	2.5	25.4	13	13.37167	-999	-999	-999	-999
02-08-1986	0	2.8	25.5	10.6	16.42583	-999	-999	-999	-999
03-08-1986	1.5	3	26	13.4	16.74083	-999	-999	-999	-999
04-08-1986	11.7	3.2	24.6	17.4	11.89417	-999	-999	-999	-999
05-08-1986	0.1	4.8	24.5	18.1	17.88417	-999	-999	-999	-999
06-08-1986	4.1	4	24.5	18	16.23	-999	-999	-999	-999
07-08-1986	3.7	3.3	24.5	17.8	13.55083	-999	-999	-999	-999
08-08-1986	2	4	25	17	17.9275	-999	-999	-999	-999
09-08-1986	4.5	2.1	24.9	15.9	11.1175	-999	-999	-999	-999
10-08-1986	0.7	2.7	26	18.3	13.51583	-999	-999	-999	-999
11-08-1986	0.1	3.4	26.5	15	16.23167	-999	-999	-999	-999
12-08-1986	1.2	5.1	24.5	17.2	19.8725	-999	-999	-999	-999
13-08-1986	4.1	2.6	22.1	12.2	15.285	-999	-999	-999	-999
14-08-1986	0	4.1	23.9	12.9	18.5875	-999	-999	-999	-999
15-08-1986	0.8	2.9	24	10.4	12.67667	-999	-999	-999	-999
16-08-1986	14.4	4.3	24.8	17.5	16.60667	-999	-999	-999	-999
17-08-1986	41	2.4	24	19.2	7.266667	-999	-999	-999	-999
18-08-1986	0.6	4.3	25	19.2	17.28083	-999	-999	-999	-999
19-08-1986	0.2	3.7	25.3	18.1	15.6875	-999	-999	-999	-999
20-08-1986	1.3	3.7	25.1	19.8	15.25667	-999	-999	-999	-999
21-08-1986	0.5	3.1	24.9	18.7	13.75667	-999	-999	-999	-999
22-08-1986	2.3	3.6	24.6	17.1	16.04167	-999	-999	-999	-999
23-08-1986	1	3.7	24.9	19	14.02083	-999	-999	-999	-999
24-08-1986	9.4	3.7	26.1	18.3	18.3225	-999	-999	-999	-999
25-08-1986	0	4.5	25.2	19	20.22417	-999	-999	-999	-999
26-08-1986	0.4	4.1	25.5	17.8	15.5625	-999	-999	-999	-999
27-08-1986	0.3	4.3	24.9	17.4	19.37917	-999	-999	-999	-999
28-08-1986	3.3	3.8	26.5	18.6	15.0975	-999	-999	-999	-999
29-08-1986	0	3.9	25.6	17.7	18.75333	-999	-999	-999	-999
30-08-1986	0	4	25.4	16.2	16.63083	-999	-999	-999	-999
31-08-1986	0.3	4	25.3	14.5	16.1075	-999	-999	-999	-999
01-09-1986	0.2	3.9	26	15	19.68	-999	-999	-999	-999
02-09-1986	0	4.1	26.5	15.5	21.8	-999	-999	-999	-999
03-09-1986	0	3.1	26.7	16.3	15.87917	-999	-999	-999	-999
04-09-1986	0	4	27.6	16.6	17.64833	-999	-999	-999	-999
05-09-1986	0.3	5.2	25	17.2	20.70917	-999	-999	-999	-999
06-09-1986	1.2	4	25.2	16.6	17.41417	-999	-999	-999	-999
07-09-1986	0	4.4	25.6	17.8	19.89917	-999	-999	-999	-999
08-09-1986	0	4.8	26.7	18.2	21.14333	-999	-999	-999	-999
09-09-1986	0	5	27.1	18.5	20.23667	-999	-999	-999	-999
10-09-1986	0.7	5.4	26.6	17.9	22.65833	-999	-999	-999	-999
11-09-1986	0	4.6	26	18.1	19.9125	-999	-999	-999	-999
12-09-1986	0.2	3.8	24.7	17.3	15.07	-999	-999	-999	-999
13-09-1986	0.3	3	25.8	18.2	22.05583	-999	-999	-999	-999
14-09-1986	0	2.3	26.3	17.5	22.76167	-999	-999	-999	-999
15-09-1986	13.5	2.2	26.2	16.9	17.87167	-999	-999	-999	-999
16-09-1986	0.2	2.3	26.4	18.5	21.72833	-999	-999	-999	-999
17-09-1986	0	2	27.1	19.2	22.40917	-999	-999	-999	-999
18-09-1986	0	2	27.4	19.2	22.40917	-999	-999	-999	-999
19-09-1986	0.7	1.5	27	16.3	14.3675	-999	-999	-999	-999
20-09-1986	4.7	1.9	25.5	17.3	11.21667	-999	-999	-999	-999
21-09-1986	0	1.8	26.1	15	22.40917	-999	-999	-999	-999
22-09-1986	0	1.3	26.5	12	23.11417	-999	-999	-999	-999
23-09-1986	0	1.6	25.1	15.5	14.015	-999	-999	-999	-999
24-09-1986	0	1.4	25.3	14	15.40167	-999	-999	-999	-999
25-09-1986	0	1.4	26.9	13.3	18.905	-999	-999	-999	-999
26-09-1986	0	2	27.4	17.1	23.4675	-999	-999	-999	-999
27-09-1986	0	2.4	28	18.3	18.5525	-999	-999	-999	-999
28-09-1986	0	2.5	28.3	18.3	17.16583	-999	-999	-999	-999
29-09-1986	0	1.6	25.5	16.6	8.69	-999	-999	-999	-999
30-09-1986	0	4.8	25	12.7	21.79667	-999	-999	-999	-999
01-10-1986	0.4	4.9	25	14.1	21.7325	-999	-999	-999	-999
02-10-1986	0	5.5	26.1	15	23.82	-999	-999	-999	-999
03-10-1986	0.1	6.4	27	16.7	25.98167	-999	-999	-999	-999
04-10-1986	29.5	3.9	26.9	18.9	15.96667	-999	-999	-999	-999
05-10-1986	10.4	3	26.5	19.8	13.675	-999	-999	-999	-999
06-10-1986	12.6	3.6	27	17.9	18.68417	-999	-999	-999	-999
07-10-1986	0.1	5.2	26.9	19.3	23.91333	-999	-999	-999	-999
08-10-1986	0	3.7	27.2	18.7	15.64833	-999	-999	-999	-999
09-10-1986	4.9	4.1	27.8	17.6	19.72917	-999	-999	-999	-999
10-10-1986	0.1	4.9	27.5	18.8	22.48417	-999	-999	-999	-999
11-10-1986	2.2	5.6	26.6	20.1	22.72083	-999	-999	-999	-999
12-10-1986	0	4.5	26.4	19.4	18.965	-999	-999	-999	-999
13-10-1986	0	5.4	27.9	19.4	23.60917	-999	-999	-999	-999
14-10-1986	0.4	5.6	27.9	19.3	24.14833	-999	-999	-999	-999
15-10-1986	0	5.3	27.4	20.5	23.47583	-999	-999	-999	-999
16-10-1986	0	5.8	28.4	19	25.70333	-999	-999	-999	-999
17-10-1986	0	5.3	28.4	20.5	24.99833	-999	-999	-999	-999
18-10-1986	0	3.9	28.1	18.1	20.85667	-999	-999	-999	-999
19-10-1986	16.2	4.1	28.7	18.5	18.98	-999	-999	-999	-999
20-10-1986	1	4	27.5	19.7	17.08333	-999	-999	-999	-999
21-10-1986	0	6.7	27.6	19.9	27.09333	-999	-999	-999	-999
22-10-1986	0.5	4.3	26.6	19.9	17.00417	-999	-999	-999	-999
23-10-1986	0	5.6	27.5	19.2	23.0775	-999	-999	-999	-999
24-10-1986	0.3	5.1	26.6	16.9	22.6675	-999	-999	-999	-999
25-10-1986	0.1	5.6	27.3	17.2	25.75917	-999	-999	-999	-999
26-10-1986	0.7	5.3	28	18.1	24.525	-999	-999	-999	-999
27-10-1986	0.1	5.5	27.9	18.5	26.41417	-999	-999	-999	-999
28-10-1986	1.3	4.9	28.4	17.9	25.34333	-999	-999	-999	-999
29-10-1986	0	3.9	28.4	19.5	18.405	-999	-999	-999	-999
30-10-1986	0	5.3	28.5	19.2	26.01083	-999	-999	-999	-999
31-10-1986	0	6.7	27.6	20.1	25.02333	-999	-999	-999	-999
01-11-1986	0	5.5	27.2	19.2	16.57417	-999	-999	-999	-999
02-11-1986	0	5.6	26.4	18.5	21.76917	-999	-999	-999	-999
03-11-1986	3.8	6	28.2	19	25.5125	-999	-999	-999	-999
04-11-1986	0.2	5.6	27.4	19.9	23.3975	-999	-999	-999	-999
05-11-1986	0	6.1	28.9	19.8	27.1825	-999	-999	-999	-999
06-11-1986	0	5.9	29.6	20.6	25.8325	-999	-999	-999	-999
07-11-1986	0	7.1	29.5	19.6	29.35417	-999	-999	-999	-999
08-11-1986	0	6	26.6	18.4	25.73583	-999	-999	-999	-999
09-11-1986	0	5.6	27	17.7	23.18833	-999	-999	-999	-999
10-11-1986	0	4.7	28.3	18.2	21.92917	-999	-999	-999	-999
11-11-1986	0	6.4	29.3	19.6	27.38667	-999	-999	-999	-999
12-11-1986	2.3	4.1	29.8	20	16.51333	-999	-999	-999	-999
13-11-1986	0	5.7	31	22.8	25.905	-999	-999	-999	-999
14-11-1986	0	6.5	30.4	20.9	27.38	-999	-999	-999	-999
15-11-1986	0	6.1	30	21.2	25.95	-999	-999	-999	-999
16-11-1986	0	5.2	29.9	19	22.61667	-999	-999	-999	-999
17-11-1986	3.7	5.7	29.6	20.3	22.135	-999	-999	-999	-999
18-11-1986	0.1	5.3	28.5	21.2	23.32	-999	-999	-999	-999
19-11-1986	6.5	3.7	27.5	20.2	16.0375	-999	-999	-999	-999
20-11-1986	0	5.4	28.4	20.9	23.37083	-999	-999	-999	-999
21-11-1986	3.2	6	28.9	20.2	27.21917	-999	-999	-999	-999
22-11-1986	0.2	6	29.4	20.8	26.185	-999	-999	-999	-999
23-11-1986	0	6.3	29	21.5	28.24167	-999	-999	-999	-999
24-11-1986	0	6.8	29.7	20.9	29.39667	-999	-999	-999	-999
25-11-1986	0	7	30	19.9	29.52917	-999	-999	-999	-999
26-11-1986	5.3	5.9	29.5	20.1	25.61417	-999	-999	-999	-999
27-11-1986	0	5.5	29.4	20	23.47	-999	-999	-999	-999
28-11-1986	0.6	5.4	28.8	21.4	22.70333	-999	-999	-999	-999
29-11-1986	0	5.6	30.1	20.9	23.91583	-999	-999	-999	-999
30-11-1986	1	4.2	31.5	19.2	17.81917	-999	-999	-999	-999
01-12-1986	30.8	3.8	29.5	20.1	18.40417	-999	-999	-999	-999
02-12-1986	16.2	1.4	26.5	20.4	4.675	-999	-999	-999	-999
03-12-1986	4.3	5.5	28.5	20.5	23.87833	-999	-999	-999	-999
04-12-1986	0.2	4.3	28.4	20.4	18.68667	-999	-999	-999	-999
05-12-1986	0	4	28.8	20	16.845	-999	-999	-999	-999
06-12-1986	0	6.2	29.5	21	28.135	-999	-999	-999	-999
07-12-1986	0.5	3.9	29.4	21.5	17.52833	-999	-999	-999	-999
08-12-1986	0	5.6	30.4	22.6	25.495	-999	-999	-999	-999
09-12-1986	5.2	5	30	22.7	22.05167	-999	-999	-999	-999
10-12-1986	0.3	5.1	29.8	22.9	20.97833	-999	-999	-999	-999
11-12-1986	0.1	5.3	30.5	23.3	22.0125	-999	-999	-999	-999
12-12-1986	0	4.6	30.1	23.1	20.09083	-999	-999	-999	-999
13-12-1986	1.3	4	30	22.8	17.745	-999	-999	-999	-999
14-12-1986	0.2	5	30.5	23.9	21.72583	-999	-999	-999	-999
15-12-1986	0.4	5.5	31.3	25	22.63833	-999	-999	-999	-999
16-12-1986	17.7	5.9	31	24	24.98333	-999	-999	-999	-999
17-12-1986	14.3	4.7	29.9	23	21.55583	-999	-999	-999	-999
18-12-1986	1	6	30.5	23.1	25.925	-999	-999	-999	-999
19-12-1986	3.8	6.2	30.1	23.7	24.92167	-999	-999	-999	-999
20-12-1986	0	5.7	30.5	23.1	26.10583	-999	-999	-999	-999
21-12-1986	0	6.1	30.6	24	25.46417	-999	-999	-999	-999
22-12-1986	0	7	30.6	22.5	28.78583	-999	-999	-999	-999
23-12-1986	9.6	5.9	30.5	22.6	25.75	-999	-999	-999	-999
24-12-1986	0	6.7	30	22.5	28.85083	-999	-999	-999	-999
25-12-1986	1.4	6.6	30.3	23	25.44	-999	-999	-999	-999
26-12-1986	26.4	5.5	29.8	22.5	22.54833	-999	-999	-999	-999
27-12-1986	0.8	6.2	30.6	22	26.71917	-999	-999	-999	-999
28-12-1986	5	6	30.8	22	20.79917	-999	-999	-999	-999
29-12-1986	14	5.3	30	21.6	20.7675	-999	-999	-999	-999
30-12-1986	1.3	5.2	29.8	21.5	22.9	-999	-999	-999	-999
31-12-1986	0.3	5.9	30.6	22.6	25.8575	-999	-999	-999	-999
01-01-1987	0	5.6	30.6	23.2	24.60167	-999	-999	-999	-999
02-01-1987	5	4.8	31	24	19.47917	-999	-999	-999	-999
03-01-1987	13.1	3	28.6	23.5	11.32583	-999	-999	-999	-999
04-01-1987	92.3	2.7	27.9	23.4	10.53083	-999	-999	-999	-999
05-01-1987	254	0.5	27.6	22.7	1.003333	-999	-999	-999	-999
06-01-1987	9.3	2.6	29.5	23.6	6.649167	-999	-999	-999	-999
07-01-1987	2.4	3.4	29.9	22.3	16.635	-999	-999	-999	-999
08-01-1987	1	3.5	30	20.1	16.51833	-999	-999	-999	-999
09-01-1987	0.3	5.8	30	21.3	27.40667	-999	-999	-999	-999
10-01-1987	0.3	5.1	30	22.2	19.8375	-999	-999	-999	-999
11-01-1987	0.1	6.6	30.5	23.5	26.39333	-999	-999	-999	-999
12-01-1987	0	6.4	30	22.9	26.9975	-999	-999	-999	-999
13-01-1987	0	6.8	31.4	23.4	27.37417	-999	-999	-999	-999
14-01-1987	1	6.1	31.4	23.3	26.20333	-999	-999	-999	-999
15-01-1987	5.1	4.9	30.6	23.2	20.705	-999	-999	-999	-999
16-01-1987	3.5	4.8	30.2	22.5	22.01333	-999	-999	-999	-999
17-01-1987	1.4	6.4	30.5	22.8	27.965	-999	-999	-999	-999
18-01-1987	0	6.4	31.4	20.9	29.08667	-999	-999	-999	-999
19-01-1987	21	3.8	31.5	19.6	16.65333	-999	-999	-999	-999
20-01-1987	3.2	5	30.9	20.1	24.18333	-999	-999	-999	-999
21-01-1987	0	4.8	30.5	20.1	23.75333	-999	-999	-999	-999
22-01-1987	0.5	5.4	30	17.9	27.65167	-999	-999	-999	-999
23-01-1987	3.8	5.2	30.9	19.9	25.70917	-999	-999	-999	-999
24-01-1987	1.5	5.9	30.8	21.1	26.62333	-999	-999	-999	-999
25-01-1987	0.6	3.9	30.5	23.2	16.9025	-999	-999	-999	-999
26-01-1987	40.2	5.3	31.3	22.9	23.555	-999	-999	-999	-999
27-01-1987	4.2	5.1	30.6	22.4	23.80583	-999	-999	-999	-999
28-01-1987	0	5	30.6	23.4	23.85167	-999	-999	-999	-999
29-01-1987	20.4	4.6	30.9	22	21.99833	-999	-999	-999	-999
30-01-1987	0.8	4.8	30	21.3	22.7125	-999	-999	-999	-999
31-01-1987	0.2	3.3	30.6	22.6	14.03833	-999	-999	-999	-999
01-02-1987	13.3	3.7	30.9	21.9	16.59	-999	-999	-999	-999
02-02-1987	30	3.7	30	22.1	17.8325	-999	-999	-999	-999
03-02-1987	12.5	4.7	27.8	21.5	20.02417	-999	-999	-999	-999
04-02-1987	26.1	5.5	28	21.9	22.39167	-999	-999	-999	-999
05-02-1987	39.3	1.7	28	22	5.8275	-999	-999	-999	-999
06-02-1987	14	3	30.4	22.9	14.56833	-999	-999	-999	-999
07-02-1987	0.2	2.1	30.6	22.1	11.38917	-999	-999	-999	-999
08-02-1987	0.9	2.8	31	24	12.1125	-999	-999	-999	-999
09-02-1987	0.4	4.6	31.4	23.7	20.42583	-999	-999	-999	-999
10-02-1987	18.4	1.9	28.3	22.4	7.8025	-999	-999	-999	-999
11-02-1987	3.8	3.2	29.2	23.6	14.31	-999	-999	-999	-999
12-02-1987	135	0.9	27.4	25.6	2.6	-999	-999	-999	-999
13-02-1987	99.9	1.1	29	22	2.879167	-999	-999	-999	-999
14-02-1987	27.5	3.6	28.4	22	16.19417	-999	-999	-999	-999
15-02-1987	5	4.9	30.4	24.5	21.51917	-999	-999	-999	-999
16-02-1987	1.5	4.8	31	24	22.67833	-999	-999	-999	-999
17-02-1987	9.1	6	31	22.9	25.09667	-999	-999	-999	-999
18-02-1987	60.6	2.3	30	24.1	10.04417	-999	-999	-999	-999
19-02-1987	35.3	1.5	29.9	23.9	6.510833	-999	-999	-999	-999
20-02-1987	0.1	4.9	31.1	21.7	25.48167	-999	-999	-999	-999
21-02-1987	0	5.6	31	20.6	27.43833	-999	-999	-999	-999
22-02-1987	0	5.5	30.5	19.8	27.50583	-999	-999	-999	-999
23-02-1987	0.1	4	30.8	19.8	19.07667	-999	-999	-999	-999
24-02-1987	2.6	4.4	31.2	19.8	18.28917	-999	-999	-999	-999
25-02-1987	0.6	6	30.3	23.1	25.41917	-999	-999	-999	-999
26-02-1987	3.2	5.5	31	19.4	25.23583	-999	-999	-999	-999
27-02-1987	0	5.9	30.3	20.2	27.37083	-999	-999	-999	-999
28-02-1987	11.8	5.7	31.6	20.9	25.63667	-999	-999	-999	-999
01-03-1987	6.1	4.3	29.8	22.9	17.435	-999	-999	-999	-999
02-03-1987	0	5.3	30.6	24.8	21.9325	-999	-999	-999	-999
03-03-1987	0.2	4.8	31	24	21.90667	-999	-999	-999	-999
04-03-1987	0	5.2	31.5	23	24.25833	-999	-999	-999	-999
05-03-1987	2.1	3.3	30.7	22	16.83333	-999	-999	-999	-999
06-03-1987	20.1	3.9	30.5	24	16.78417	-999	-999	-999	-999
07-03-1987	1.3	4.5	30.6	23	21.43667	-999	-999	-999	-999
08-03-1987	1.6	4.8	31.2	23.1	22.9025	-999	-999	-999	-999
09-03-1987	0.2	4.5	31.5	23.5	20.22167	-999	-999	-999	-999
10-03-1987	0	4.5	32	23.7	20.70917	-999	-999	-999	-999
11-03-1987	0	5.6	31.9	24.3	25.60917	-999	-999	-999	-999
12-03-1987	0.1	5	31.5	22.9	22.29667	-999	-999	-999	-999
13-03-1987	0.2	5.3	31.5	23.9	23.32333	-999	-999	-999	-999
14-03-1987	0	5.2	31	23.3	23.86417	-999	-999	-999	-999
15-03-1987	11.7	3.6	31.4	22.5	16.05167	-999	-999	-999	-999
16-03-1987	4.7	4.1	30.9	22.6	19.01417	-999	-999	-999	-999
17-03-1987	4.7	4.4	31	23.7	19.75	-999	-999	-999	-999
18-03-1987	1	4.5	31	23.9	21.50167	-999	-999	-999	-999
19-03-1987	22	3.1	31.8	23.3	14.17583	-999	-999	-999	-999
20-03-1987	23.8	1.6	30	22.9	6.244167	-999	-999	-999	-999
21-03-1987	0	4.2	31.2	22.5	18.47917	-999	-999	-999	-999
22-03-1987	0.7	3.8	31	19.8	19.13583	-999	-999	-999	-999
23-03-1987	2	4.4	30.5	22.5	20.175	-999	-999	-999	-999
24-03-1987	0	5.1	30.5	23.2	22.8375	-999	-999	-999	-999
25-03-1987	0	5.2	30.7	22	24.34333	-999	-999	-999	-999
26-03-1987	0	3.9	31.1	23	19.58417	-999	-999	-999	-999
27-03-1987	0	4.4	30	23.3	17.79917	-999	-999	-999	-999
28-03-1987	0	5.5	29.8	22.5	20.40917	-999	-999	-999	-999
29-03-1987	32.1	5	31	23	19.91583	-999	-999	-999	-999
30-03-1987	0	5.1	30.2	22.5	11.6125	-999	-999	-999	-999
31-03-1987	0	3.8	31.3	23.4	17.5525	-999	-999	-999	-999
01-04-1987	47.6	3.4	30.5	23.2	15.83917	-999	-999	-999	-999
02-04-1987	88.4	0.9	29.4	23.5	3.86	-999	-999	-999	-999
03-04-1987	98.3	0.7	29	22.2	1.965833	-999	-999	-999	-999
04-04-1987	0	4.3	30.6	21.6	22.06333	-999	-999	-999	-999
05-04-1987	0	2.9	30.5	20.9	16.44	-999	-999	-999	-999
06-04-1987	0	3.8	31.1	21.8	20.30667	-999	-999	-999	-999
07-04-1987	0	3.6	31.4	20.8	18.83167	-999	-999	-999	-999
08-04-1987	0	3.8	31.4	20.2	20.1475	-999	-999	-999	-999
09-04-1987	0	3.4	31.5	21.7	15.77917	-999	-999	-999	-999
10-04-1987	0.8	4	31.9	20	20.1525	-999	-999	-999	-999
11-04-1987	1.4	3.6	30.4	23.9	16.72167	-999	-999	-999	-999
12-04-1987	3.7	3.3	30	23.6	14.96	-999	-999	-999	-999
13-04-1987	73.9	1	27	24.1	2.555833	-999	-999	-999	-999
14-04-1987	42.6	3	28.5	22	9.206667	-999	-999	-999	-999
15-04-1987	38.2	3.1	27.9	21.2	9.6375	-999	-999	-999	-999
16-04-1987	10.8	3	28.4	22.1	9.994167	-999	-999	-999	-999
17-04-1987	4.7	4	29.5	23	16.025	-999	-999	-999	-999
18-04-1987	11.8	3.7	29.9	23.9	16.19917	-999	-999	-999	-999
19-04-1987	1.4	3.7	30.6	22.6	16.57833	-999	-999	-999	-999
20-04-1987	32.2	2.4	30.7	22.5	11.72333	-999	-999	-999	-999
21-04-1987	31.6	2.5	30.5	23.3	11.32583	-999	-999	-999	-999
22-04-1987	3.2	2.5	29	23.2	8.905833	-999	-999	-999	-999
23-04-1987	21.2	4.1	29.6	23.2	18.77583	-999	-999	-999	-999
24-04-1987	20.9	2.9	29	22.9	10.81167	-999	-999	-999	-999
25-04-1987	1.5	3.2	29.1	22.5	12.96917	-999	-999	-999	-999
26-04-1987	1.7	3.9	30.4	22.4	18.89833	-999	-999	-999	-999
27-04-1987	0.1	4.3	29.8	22.3	19.80333	-999	-999	-999	-999
28-04-1987	7.5	3	29.9	20.3	16.2175	-999	-999	-999	-999
29-04-1987	2.7	2.9	29.8	22.8	14.06917	-999	-999	-999	-999
30-04-1987	0	3.5	30	20.6	19.0175	-999	-999	-999	-999
01-05-1987	0	2.9	29.5	19.4	15.78667	-999	-999	-999	-999
02-05-1987	0	2.7	30.1	18.6	15.13	-999	-999	-999	-999
03-05-1987	0	3.6	30.1	17.8	18.77917	-999	-999	-999	-999
04-05-1987	0.4	3.4	29.9	17.7	18.1525	-999	-999	-999	-999
05-05-1987	1.6	3.3	29	20.7	16.12083	-999	-999	-999	-999
06-05-1987	8	4.2	29.1	22.2	17.34917	-999	-999	-999	-999
07-05-1987	3.1	3.2	28.5	21.2	15.1275	-999	-999	-999	-999
08-05-1987	0.1	3.8	29	21.3	17.65417	-999	-999	-999	-999
09-05-1987	4.6	3.8	28.4	21	15.78417	-999	-999	-999	-999
10-05-1987	0.7	2.4	28.5	22.6	7.77	-999	-999	-999	-999
11-05-1987	2.6	4.4	29.4	22.9	14.84833	-999	-999	-999	-999
12-05-1987	5.7	3	27.5	22	13.9625	-999	-999	-999	-999
13-05-1987	12.9	2.6	27.6	21.5	10.57667	-999	-999	-999	-999
14-05-1987	3.8	1.9	27	21.4	7.7175	-999	-999	-999	-999
15-05-1987	0.3	3.2	29	19.5	17.83083	-999	-999	-999	-999
16-05-1987	3.5	3.1	28.5	20.6	16.55917	-999	-999	-999	-999
17-05-1987	4.5	3.4	29.9	21.6	17.325	-999	-999	-999	-999
18-05-1987	18.6	2.7	29	22.6	12.90583	-999	-999	-999	-999
19-05-1987	2.7	2.6	28.5	22.9	9.549167	-999	-999	-999	-999
20-05-1987	5.7	2.8	28.4	23.5	9.490833	-999	-999	-999	-999
21-05-1987	3.5	2.3	27.4	22.6	8.78	-999	-999	-999	-999
22-05-1987	10.7	2.2	28	22	9.854167	-999	-999	-999	-999
23-05-1987	0.1	2.5	27.7	20.7	10.86667	-999	-999	-999	-999
24-05-1987	0	2.7	26.5	18.6	13.2275	-999	-999	-999	-999
25-05-1987	0.2	2.9	26.5	15.5	15.93833	-999	-999	-999	-999
26-05-1987	0.5	3.2	27.3	16.9	16.685	-999	-999	-999	-999
27-05-1987	1.3	3.1	27.6	17	16.49333	-999	-999	-999	-999
28-05-1987	0.1	2.9	28.4	15.5	17.19833	-999	-999	-999	-999
29-05-1987	0	2.2	28.3	13.5	14.13083	-999	-999	-999	-999
30-05-1987	0	2.5	27.4	13.7	16.38583	-999	-999	-999	-999
31-05-1987	0	2.2	28.2	16.5	12.11583	-999	-999	-999	-999
01-06-1987	0	2.5	28.2	13.5	15.92833	-999	-999	-999	-999
02-06-1987	0	2.3	26.8	13.2	14.31917	-999	-999	-999	-999
03-06-1987	0.2	2.2	27.2	14.4	12.315	-999	-999	-999	-999
04-06-1987	1.8	3	26.6	17.4	14.95167	-999	-999	-999	-999
05-06-1987	0.4	2.9	26.9	19.4	15.01667	-999	-999	-999	-999
06-06-1987	2	2.6	27.4	19.1	14.02083	-999	-999	-999	-999
07-06-1987	0	2.9	28.1	19.5	16.56	-999	-999	-999	-999
08-06-1987	0	2.3	28.4	16	12.17167	-999	-999	-999	-999
09-06-1987	0	2.9	27.3	16.2	16.585	-999	-999	-999	-999
10-06-1987	0	2.1	26	11.8	11.975	-999	-999	-999	-999
11-06-1987	0	2.4	26	16.2	10.0825	-999	-999	-999	-999
12-06-1987	0	2.8	27.4	15.5	16.21333	-999	-999	-999	-999
13-06-1987	0	2.8	28	14	16.19167	-999	-999	-999	-999
14-06-1987	3.8	2.6	27.5	15	15.875	-999	-999	-999	-999
15-06-1987	2.6	2.1	26.3	17.2	10.3675	-999	-999	-999	-999
16-06-1987	2.8	2.4	26.6	18.4	12.88417	-999	-999	-999	-999
17-06-1987	1.9	3.4	27	16.1	16.71333	-999	-999	-999	-999
18-06-1987	0.2	2.4	26.7	19.2	12.99833	-999	-999	-999	-999
19-06-1987	0.7	1.8	27.2	18.3	11.48167	-999	-999	-999	-999
20-06-1987	0.1	2.5	27.6	16.6	15.8875	-999	-999	-999	-999
21-06-1987	0.7	2.3	26	16.7	8.870833	-999	-999	-999	-999
22-06-1987	1.4	3.5	25.6	17.2	16.66167	-999	-999	-999	-999
23-06-1987	0.5	3	26.7	16.1	13.145	-999	-999	-999	-999
24-06-1987	0.2	3.5	26.2	16.5	16.58833	-999	-999	-999	-999
25-06-1987	1.9	3.6	27	19	15.06667	-999	-999	-999	-999
26-06-1987	3.5	3.1	25.8	19.9	14.87667	-999	-999	-999	-999
27-06-1987	26.8	2.1	25.9	21	12.17	-999	-999	-999	-999
28-06-1987	0	2.7	26.3	21.3	12.16083	-999	-999	-999	-999
29-06-1987	0.2	2.9	26.6	18.6	14.88	-999	-999	-999	-999
30-06-1987	1.7	2.2	25.7	16.9	12.115	-999	-999	-999	-999
01-07-1987	1.8	2.4	26.5	20	13.15083	-999	-999	-999	-999
02-07-1987	4.3	3	26.4	20.5	13.17917	-999	-999	-999	-999
03-07-1987	1.6	2.7	26.5	20.4	12.32667	-999	-999	-999	-999
04-07-1987	0.2	2.1	26.5	13.8	14.09417	-999	-999	-999	-999
05-07-1987	0	2.5	27	16.5	14.75917	-999	-999	-999	-999
06-07-1987	0	2.4	26.4	14.9	15.44333	-999	-999	-999	-999
07-07-1987	0	2.3	27.4	14.6	14.7625	-999	-999	-999	-999
08-07-1987	8.7	2	26	16.6	9.364167	-999	-999	-999	-999
09-07-1987	24.9	1.6	25.8	20.7	8.3675	-999	-999	-999	-999
10-07-1987	2.7	1.8	26.9	19.4	8.855	-999	-999	-999	-999
11-07-1987	1	1.6	27.5	18.9	9.200833	-999	-999	-999	-999
12-07-1987	0	2.3	27.7	18	11.84333	-999	-999	-999	-999
13-07-1987	0.2	3.2	27.1	18.1	16.50833	-999	-999	-999	-999
14-07-1987	0	3.4	27.7	18.2	18.0625	-999	-999	-999	-999
15-07-1987	0	2.7	26.5	14.6	16.60833	-999	-999	-999	-999
16-07-1987	0	2.2	26.5	13.1	14.52083	-999	-999	-999	-999
17-07-1987	0.2	2	25.4	15.7	10.99667	-999	-999	-999	-999
18-07-1987	5.5	3.5	25.9	15.7	16.84333	-999	-999	-999	-999
19-07-1987	5.5	2.2	24.8	18	10.46583	-999	-999	-999	-999
20-07-1987	1.6	3.3	25.5	19	15.61	-999	-999	-999	-999
21-07-1987	0.4	3.5	26.3	18.5	17.22	-999	-999	-999	-999
22-07-1987	1.6	3.9	26.4	18.9	17.77917	-999	-999	-999	-999
23-07-1987	0	3.5	26.2	18.9	17.57167	-999	-999	-999	-999
24-07-1987	4	2.7	26.2	16	15.06	-999	-999	-999	-999
25-07-1987	0.7	3.2	25.7	18	15.4125	-999	-999	-999	-999
26-07-1987	1.5	3.9	25.9	18.4	17.70083	-999	-999	-999	-999
27-07-1987	1.1	3.3	25.8	17.7	14.51167	-999	-999	-999	-999
28-07-1987	1.6	3.6	26.3	18.6	15.62083	-999	-999	-999	-999
29-07-1987	4.7	2.9	26.1	18.2	15.2075	-999	-999	-999	-999
30-07-1987	1.1	2.7	26.5	19.3	14.89917	-999	-999	-999	-999
31-07-1987	0.1	2.9	26.6	18.4	14.83833	-999	-999	-999	-999
01-08-1987	0.7	2.6	25.5	18	14.36833	-999	-999	-999	-999
02-08-1987	0.7	2.8	26.5	17.4	15.35333	-999	-999	-999	-999
03-08-1987	0.1	3	26.7	19.2	16.47	-999	-999	-999	-999
04-08-1987	0	3.2	26.7	18	17.67583	-999	-999	-999	-999
05-08-1987	1.1	3	26.9	16.9	17.3925	-999	-999	-999	-999
06-08-1987	0.3	2.9	27.6	17.8	15.30083	-999	-999	-999	-999
07-08-1987	0	3.2	28	16.8	15.45	-999	-999	-999	-999
08-08-1987	0	3.4	25.4	17.6	14.28583	-999	-999	-999	-999
09-08-1987	0	4.1	24.5	14	17.2725	-999	-999	-999	-999
10-08-1987	8.6	3.7	24.5	17.1	15.12	-999	-999	-999	-999
11-08-1987	9.6	3.2	23.9	17.2	15.29917	-999	-999	-999	-999
12-08-1987	1.3	3.6	24.8	18	16.18583	-999	-999	-999	-999
13-08-1987	0.4	4.5	25.7	18	20.39167	-999	-999	-999	-999
14-08-1987	2	3.4	25.4	15.7	17.02083	-999	-999	-999	-999
15-08-1987	0	3.9	25.8	17.8	18.18667	-999	-999	-999	-999
16-08-1987	6.5	3.9	25.2	17	17.15833	-999	-999	-999	-999
17-08-1987	0.5	4.1	25.2	18	17.34333	-999	-999	-999	-999
18-08-1987	4.2	3.2	25.2	17.3	15.53167	-999	-999	-999	-999
19-08-1987	2.2	2.8	24.3	17.1	15.51417	-999	-999	-999	-999
20-08-1987	1.8	3.2	24.8	17.7	14.10667	-999	-999	-999	-999
21-08-1987	1.5	4.5	25.9	18.1	18.74	-999	-999	-999	-999
22-08-1987	0.7	4.4	25.4	18	17.86333	-999	-999	-999	-999
23-08-1987	2.6	4.4	25.5	17.8	17.11583	-999	-999	-999	-999
24-08-1987	0.7	4.1	25.5	18.3	16.1875	-999	-999	-999	-999
25-08-1987	0	4.4	25.9	18.7	18.49083	-999	-999	-999	-999
26-08-1987	0	4.8	26.1	18.2	20.47083	-999	-999	-999	-999
27-08-1987	3.2	3.8	25.5	18.4	16.65	-999	-999	-999	-999
28-08-1987	0.2	4.5	25.5	18.1	18.645	-999	-999	-999	-999
29-08-1987	0	4.5	26.4	17.1	20.06917	-999	-999	-999	-999
30-08-1987	0	3.9	26.2	17.8	16.4425	-999	-999	-999	-999
31-08-1987	0.4	4.3	26.8	18.7	21.20667	-999	-999	-999	-999
01-09-1987	0	4.5	27	18.2	20.91333	-999	-999	-999	-999
02-09-1987	0	3.6	26.3	18.5	16.71333	-999	-999	-999	-999
03-09-1987	0	4.3	26.7	16.2	20.5525	-999	-999	-999	-999
04-09-1987	0	4.4	25.9	15.7	21.4325	-999	-999	-999	-999
05-09-1987	0.4	4.1	27.1	18.1	20.70667	-999	-999	-999	-999
06-09-1987	3.2	3.9	27.5	19	18.82833	-999	-999	-999	-999
07-09-1987	0	5.7	26.7	19.9	22.74417	-999	-999	-999	-999
08-09-1987	1.7	5.2	27.4	18.5	22.2075	-999	-999	-999	-999
09-09-1987	1.1	5.2	26	18.3	21.67083	-999	-999	-999	-999
10-09-1987	8.3	3.2	25.3	19.1	14.83083	-999	-999	-999	-999
11-09-1987	0	4.3	27	16.3	22.815	-999	-999	-999	-999
12-09-1987	0.3	3.4	27.4	15.5	15.60583	-999	-999	-999	-999
13-09-1987	0.1	3.7	27.1	15.2	19.53833	-999	-999	-999	-999
14-09-1987	0.8	2.8	26.4	19	16.4975	-999	-999	-999	-999
15-09-1987	0.3	3.3	26.8	17.1	19.645	-999	-999	-999	-999
16-09-1987	0.1	2.7	27	18.1	15.39667	-999	-999	-999	-999
17-09-1987	2	3.8	27.9	18.5	20.15583	-999	-999	-999	-999
18-09-1987	0.2	2.5	27.1	19.4	13.30167	-999	-999	-999	-999
19-09-1987	2	5	28.5	18.2	24.92417	-999	-999	-999	-999
20-09-1987	0.5	4.6	26.5	19.4	20.2425	-999	-999	-999	-999
21-09-1987	0	4.4	27.6	18.3	22.875	-999	-999	-999	-999
22-09-1987	0.6	2.3	27.8	17.2	13.905	-999	-999	-999	-999
23-09-1987	0	4	27	16.8	17.015	-999	-999	-999	-999
24-09-1987	0	5.4	27.5	15.8	25.25417	-999	-999	-999	-999
25-09-1987	0	3.8	27	16.1	17.9525	-999	-999	-999	-999
26-09-1987	0	2.9	27.1	15.2	13.70333	-999	-999	-999	-999
27-09-1987	0.6	4.1	27.6	15	19.45167	-999	-999	-999	-999
28-09-1987	0	4.8	27.4	18	18.72083	-999	-999	-999	-999
29-09-1987	1.3	4.6	25.7	14.9	19.73333	-999	-999	-999	-999
30-09-1987	3.7	6.2	25.5	17.5	24.58	-999	-999	-999	-999
01-10-1987	0.6	5.9	26	17.7	23.5875	-999	-999	-999	-999
02-10-1987	1.8	5.6	26.3	17.3	22.35417	-999	-999	-999	-999
03-10-1987	0	5.9	28	19.1	26.33167	-999	-999	-999	-999
04-10-1987	0	3.2	27.5	16.3	16.64583	-999	-999	-999	-999
05-10-1987	1.5	3.5	26.4	17.5	14.68417	-999	-999	-999	-999
06-10-1987	0	5.4	28	19	24.81417	-999	-999	-999	-999
07-10-1987	11.3	4.2	28.5	18.2	19.71583	-999	-999	-999	-999
08-10-1987	4.2	3.5	27.4	19.6	15.97833	-999	-999	-999	-999
09-10-1987	0	4.6	27.7	17	23.6925	-999	-999	-999	-999
10-10-1987	0.4	5.3	28.4	19.4	22.96917	-999	-999	-999	-999
11-10-1987	0	5.6	27.3	19.5	22.5275	-999	-999	-999	-999
12-10-1987	0	5.7	27.2	20.8	22.32833	-999	-999	-999	-999
13-10-1987	4	5.1	26.6	20.9	20.69417	-999	-999	-999	-999
14-10-1987	0	5.6	26.6	20	22.80917	-999	-999	-999	-999
15-10-1987	2.5	4	26.5	18.5	19.82583	-999	-999	-999	-999
16-10-1987	0.4	5.3	28.5	19.2	23.26417	-999	-999	-999	-999
17-10-1987	0.6	4.2	28.5	20.5	16.9175	-999	-999	-999	-999
18-10-1987	3	6.3	29	20.9	25.4	-999	-999	-999	-999
19-10-1987	0.3	5	28.5	21.7	19.7775	-999	-999	-999	-999
20-10-1987	0.9	6.4	28.2	21.5	26.48917	-999	-999	-999	-999
21-10-1987	0	4.4	28.8	18.1	19.445	-999	-999	-999	-999
22-10-1987	0	5.7	29.4	19.3	27.33167	-999	-999	-999	-999
23-10-1987	2.2	4	29.5	18	18.80583	-999	-999	-999	-999
24-10-1987	7.1	2.5	28.3	18.9	11.95417	-999	-999	-999	-999
25-10-1987	0	5.9	28	19.3	27.43167	-999	-999	-999	-999
26-10-1987	0.6	3.4	26	16.3	12.745	-999	-999	-999	-999
27-10-1987	6.2	4.5	26.2	18.6	16.68	-999	-999	-999	-999
28-10-1987	0.6	4.6	26.8	19.1	18.33667	-999	-999	-999	-999
29-10-1987	0	5.6	28.5	20.3	24.15833	-999	-999	-999	-999
30-10-1987	0	2.2	26.9	18.3	10.49	-999	-999	-999	-999
31-10-1987	1	2.1	28.4	16.7	10.82667	-999	-999	-999	-999
01-11-1987	0	3.8	29.2	19.1	15.29417	-999	-999	-999	-999
02-11-1987	0	6.2	29.9	18.7	25.955	-999	-999	-999	-999
03-11-1987	0	4.6	29.1	20.3	16.82167	-999	-999	-999	-999
04-11-1987	12.2	5.3	28.8	18.8	21.645	-999	-999	-999	-999
05-11-1987	0	6.5	28.3	19.3	28.03583	-999	-999	-999	-999
06-11-1987	0	5.9	28.4	20.1	24.42583	-999	-999	-999	-999
07-11-1987	0.4	6.3	28.9	19.3	27.60417	-999	-999	-999	-999
08-11-1987	0.1	5.9	29.1	20	25.91583	-999	-999	-999	-999
09-11-1987	0	7	28.9	21.9	25.63	-999	-999	-999	-999
10-11-1987	0	6.7	29.2	21	26.76583	-999	-999	-999	-999
11-11-1987	1.6	5.5	28.4	21	23.6475	-999	-999	-999	-999
12-11-1987	0	6	29.5	20	28.24083	-999	-999	-999	-999
13-11-1987	0	5.4	29.3	19.1	25.985	-999	-999	-999	-999
14-11-1987	8	1.8	27	19.7	8.048333	-999	-999	-999	-999
15-11-1987	5.2	4	28.4	20.4	18.11083	-999	-999	-999	-999
16-11-1987	0	6.2	29.3	20.5	25.7575	-999	-999	-999	-999
17-11-1987	2.9	5.3	28.4	20.7	21.97417	-999	-999	-999	-999
18-11-1987	3	5.3	29.5	19.8	22.07083	-999	-999	-999	-999
19-11-1987	7.6	5	29	21.3	21.195	-999	-999	-999	-999
20-11-1987	1.1	4.9	28.6	21.7	21.375	-999	-999	-999	-999
21-11-1987	0	5	28.4	20.7	21.98	-999	-999	-999	-999
22-11-1987	1.1	4.1	28.1	19.9	22.3825	-999	-999	-999	-999
23-11-1987	0	4.7	28.9	19.8	22.9225	-999	-999	-999	-999
24-11-1987	0.4	4.9	28.7	21.3	16.97667	-999	-999	-999	-999
25-11-1987	0	6.7	30	21.6	28.05667	-999	-999	-999	-999
26-11-1987	0	6	29.5	20.5	23.92333	-999	-999	-999	-999
27-11-1987	0	6.5	28.9	21.4	26.9525	-999	-999	-999	-999
28-11-1987	2	5.8	29.5	21	23.16833	-999	-999	-999	-999
29-11-1987	0	6.1	28.8	20	26.4225	-999	-999	-999	-999
30-11-1987	0	7	30.4	20.6	28.69083	-999	-999	-999	-999
01-12-1987	1.2	6	29.8	20.9	23.2975	-999	-999	-999	-999
02-12-1987	0.7	5.2	28.9	20.1	20.66917	-999	-999	-999	-999
03-12-1987	0	6.7	29.8	21	29.24	-999	-999	-999	-999
04-12-1987	0	5.9	30	19.8	24.955	-999	-999	-999	-999
05-12-1987	0	4.4	29.7	17.5	20.66917	-999	-999	-999	-999
06-12-1987	0	4.5	30.8	17.4	20.165	-999	-999	-999	-999
07-12-1987	3.5	3.5	28.1	19.5	14.62	-999	-999	-999	-999
08-12-1987	0.2	5.6	29.5	18.6	23.94667	-999	-999	-999	-999
09-12-1987	9.9	5.8	29.5	21.4	25.20667	-999	-999	-999	-999
10-12-1987	0	6.6	30.1	21.3	29.24	-999	-999	-999	-999
11-12-1987	0.3	6.2	30.9	21.3	24.955	-999	-999	-999	-999
12-12-1987	0.3	6.3	30.5	20.9	25.71083	-999	-999	-999	-999
13-12-1987	0.2	6.2	29.6	21.3	26.71917	-999	-999	-999	-999
14-12-1987	0	6.2	30.5	20.7	26.215	-999	-999	-999	-999
15-12-1987	0	5.7	31.4	21.1	21.17333	-999	-999	-999	-999
16-12-1987	0	5.3	31	20	21.17333	-999	-999	-999	-999
17-12-1987	0	6	31	20	25.96333	-999	-999	-999	-999
18-12-1987	0	4.3	30	18.5	19.1575	-999	-999	-999	-999
19-12-1987	0	3.9	30.5	18.5	16.63667	-999	-999	-999	-999
20-12-1987	2.5	4.2	31.1	19	19.1575	-999	-999	-999	-999
21-12-1987	0	5	31.7	19.7	22.68583	-999	-999	-999	-999
22-12-1987	1.1	4.9	32.1	20.8	21.17333	-999	-999	-999	-999
23-12-1987	0.3	6.1	31.9	23.4	26.215	-999	-999	-999	-999
24-12-1987	0	6.7	31.7	22.8	28.23167	-999	-999	-999	-999
25-12-1987	0	7	31.9	23	28.48333	-999	-999	-999	-999
26-12-1987	0	6.8	31.9	22.3	27.97917	-999	-999	-999	-999
27-12-1987	6.5	7.5	31	23.1	30.5	-999	-999	-999	-999
28-12-1987	0	7.5	30.9	22.6	31.0275	-999	-999	-999	-999
29-12-1987	0.4	6.8	31.4	22.8	26.315	-999	-999	-999	-999
30-12-1987	4.5	5.8	29.8	22.5	24.03833	-999	-999	-999	-999
31-12-1987	0	6.7	30.4	24.4	25.68167	-999	-999	-999	-999
01-01-1988	0	7.1	32	24.3	26.73083	-999	-999	-999	-999
02-01-1988	28.2	4.6	30.4	24.5	14.23583	-999	-999	-999	-999
03-01-1988	0.6	4.1	31	21.9	19.74583	-999	-999	-999	-999
04-01-1988	0.4	4.3	30.9	24.5	18.1825	-999	-999	-999	-999
05-01-1988	2.3	4.1	29.8	24.4	15.09	-999	-999	-999	-999
06-01-1988	0	7.2	31.5	28.3	29.84083	-999	-999	-999	-999
07-01-1988	1.8	6.9	31.3	22.6	30.23	-999	-999	-999	-999
08-01-1988	4.8	7.1	31.1	22	29.84667	-999	-999	-999	-999
09-01-1988	0	7	31.4	23.9	29.89417	-999	-999	-999	-999
10-01-1988	0	6.9	32.3	23.6	29.94	-999	-999	-999	-999
11-01-1988	0	7.3	32.3	22.2	31.32417	-999	-999	-999	-999
12-01-1988	27.6	5.2	31.1	23.7	21.86083	-999	-999	-999	-999
13-01-1988	15.8	3.1	29.3	23.4	11.345	-999	-999	-999	-999
14-01-1988	3	4.1	30.6	24.6	16.83417	-999	-999	-999	-999
15-01-1988	2.6	7.5	30.5	23.9	32.875	-999	-999	-999	-999
16-01-1988	0.2	7.4	31.4	22.5	33.58417	-999	-999	-999	-999
17-01-1988	0	7.5	31	22	34.99417	-999	-999	-999	-999
18-01-1988	0.2	3.9	31.3	21.2	27.48667	-999	-999	-999	-999
19-01-1988	1.2	4.3	32	22.2	30.16667	-999	-999	-999	-999
20-01-1988	0.6	3.7	32	21.8	25.97083	-999	-999	-999	-999
21-01-1988	0	3.8	31.5	22.1	27.56583	-999	-999	-999	-999
22-01-1988	0	4.3	32	22.4	29.74417	-999	-999	-999	-999
23-01-1988	0.3	4.4	32.4	22	28.9875	-999	-999	-999	-999
24-01-1988	6.6	4.5	31.9	25.2	25.45917	-999	-999	-999	-999
25-01-1988	0.6	8.2	31.7	25.8	27.22333	-999	-999	-999	-999
26-01-1988	0	6.7	31.4	25.4	29.19167	-999	-999	-999	-999
27-01-1988	0	7.1	31.9	23.3	30.69417	-999	-999	-999	-999
28-01-1988	0	6	33.1	22.5	26.18417	-999	-999	-999	-999
29-01-1988	0	6.8	32.1	22.5	27.97667	-999	-999	-999	-999
30-01-1988	0	7.3	32.5	22.3	30.73	-999	-999	-999	-999
31-01-1988	3.7	4.7	33.4	22.7	19.01083	-999	-999	-999	-999
01-02-1988	4.2	6.5	32.8	22.2	28.01083	-999	-999	-999	-999
02-02-1988	0	5.1	31.6	21.3	24.39833	-999	-999	-999	-999
03-02-1988	0	5.9	32.4	20.3	28.87833	-999	-999	-999	-999
04-02-1988	0.6	4.2	32.1	20.9	16.54333	-999	-999	-999	-999
05-02-1988	0.4	6.8	35.5	22.9	26.91583	-999	-999	-999	-999
06-02-1988	6.6	7.1	32.7	24.5	27.64833	-999	-999	-999	-999
07-02-1988	0	6.1	31.7	23.8	26.90833	-999	-999	-999	-999
08-02-1988	0	7.2	32	22.8	32.03083	-999	-999	-999	-999
09-02-1988	14.9	6.7	32.4	22.7	27.8875	-999	-999	-999	-999
10-02-1988	5.5	7.5	31.8	23.9	32.04833	-999	-999	-999	-999
11-02-1988	11	6.5	31.4	23.8	28.84083	-999	-999	-999	-999
12-02-1988	0.4	5	31.5	24	20.66917	-999	-999	-999	-999
13-02-1988	1.5	5.9	31.5	22.9	26.31083	-999	-999	-999	-999
14-02-1988	2.9	4.8	32.4	21.3	21.465	-999	-999	-999	-999
15-02-1988	11.9	3.3	31.9	19.9	14.88833	-999	-999	-999	-999
16-02-1988	54.4	4.5	31	21.7	22.075	-999	-999	-999	-999
17-02-1988	9.4	3.4	30.3	22.8	14.04417	-999	-999	-999	-999
18-02-1988	0.1	5.4	33.3	22.1	24.58417	-999	-999	-999	-999
19-02-1988	0	5.5	32.4	23.5	23.575	-999	-999	-999	-999
20-02-1988	1	6.8	31.8	24.2	28.24917	-999	-999	-999	-999
21-02-1988	5.1	5.1	31.5	24	19.43833	-999	-999	-999	-999
22-02-1988	1.1	6	30.6	24.3	25.40833	-999	-999	-999	-999
23-02-1988	0.3	5.4	30.7	21.9	23.09583	-999	-999	-999	-999
24-02-1988	1	5.2	30.9	22.1	22.98417	-999	-999	-999	-999
25-02-1988	1.3	5.1	30.5	23.1	22.735	-999	-999	-999	-999
26-02-1988	0	6.1	33	23.3	26.21167	-999	-999	-999	-999
27-02-1988	1.7	6.2	32.8	23.5	27.55	-999	-999	-999	-999
28-02-1988	8.1	5.9	31.9	24	25.145	-999	-999	-999	-999
29-02-1988	3.5	7	30.9	24	31.02917	-999	-999	-999	-999
01-03-1988	1.2	5.9	31.2	22.5	26.71917	-999	-999	-999	-999
02-03-1988	1.5	4.5	30.9	23.3	19.91333	-999	-999	-999	-999
03-03-1988	11.2	4.2	30.8	22	20.4175	-999	-999	-999	-999
04-03-1988	1	4.2	31.2	20.8	21.17333	-999	-999	-999	-999
05-03-1988	0	5.1	31.6	21.7	24.83	-999	-999	-999	-999
06-03-1988	0	4.1	31.9	22	20.94167	-999	-999	-999	-999
07-03-1988	0	4.7	32	23.4	22.45667	-999	-999	-999	-999
08-03-1988	43.3	1.8	30.8	23.4	7.725	-999	-999	-999	-999
09-03-1988	1.2	3.7	31.5	22.9	16.9275	-999	-999	-999	-999
10-03-1988	5.8	4.1	31.4	22.3	18.34833	-999	-999	-999	-999
11-03-1988	6.2	2.1	28	22.6	9.080833	-999	-999	-999	-999
12-03-1988	24.7	2.3	29.7	23.1	10.34	-999	-999	-999	-999
13-03-1988	4.2	3.3	30.9	21.5	16.7675	-999	-999	-999	-999
14-03-1988	7.3	4.3	30.5	23.9	19.84417	-999	-999	-999	-999
15-03-1988	20.8	4.9	31.1	23.9	21.52833	-999	-999	-999	-999
16-03-1988	0.2	4.6	30.4	23.3	18.57167	-999	-999	-999	-999
17-03-1988	1	5.7	30.4	23.5	24.03417	-999	-999	-999	-999
18-03-1988	25.7	3.8	30.5	24.1	17.31917	-999	-999	-999	-999
19-03-1988	5.9	4.8	31.4	23.8	21.325	-999	-999	-999	-999
20-03-1988	2	5.7	30.6	24.3	23.69	-999	-999	-999	-999
21-03-1988	0	5.5	31.4	23	24.6825	-999	-999	-999	-999
22-03-1988	0	4.5	31.6	22.5	21.57167	-999	-999	-999	-999
23-03-1988	0	5.1	31.2	23.5	22.83583	-999	-999	-999	-999
24-03-1988	0	5	30.8	19	24.2125	-999	-999	-999	-999
25-03-1988	2.1	4.7	31.1	23.2	20.44667	-999	-999	-999	-999
26-03-1988	5.3	4.4	29.6	23	19.21167	-999	-999	-999	-999
27-03-1988	9.5	4.7	29.8	23.3	19.91167	-999	-999	-999	-999
28-03-1988	2.6	3.9	29.1	23.8	16.32583	-999	-999	-999	-999
29-03-1988	0	4.4	29.7	22.3	21.62167	-999	-999	-999	-999
30-03-1988	3.2	4.6	28.9	22.5	19.545	-999	-999	-999	-999
31-03-1988	0	4	28.9	22.9	18.79333	-999	-999	-999	-999
01-04-1988	4.2	4.7	30.2	20.2	24.0425	-999	-999	-999	-999
02-04-1988	9.4	3.4	29.3	21.5	15.62333	-999	-999	-999	-999
03-04-1988	0	4.5	29.4	20.2	23.00667	-999	-999	-999	-999
04-04-1988	0	4	29.5	21.5	18.9675	-999	-999	-999	-999
05-04-1988	0	4.1	30.4	19.6	21.95417	-999	-999	-999	-999
06-04-1988	0	3.3	30.4	19.5	18.06333	-999	-999	-999	-999
07-04-1988	0.8	4.8	30.3	23	21.63917	-999	-999	-999	-999
08-04-1988	0.4	4.4	29.7	22.3	18.04417	-999	-999	-999	-999
09-04-1988	3.3	4	29.4	22.6	18.98583	-999	-999	-999	-999
10-04-1988	0	4	30.2	22	17.76833	-999	-999	-999	-999
11-04-1988	3.5	3	29.4	21.5	15.86667	-999	-999	-999	-999
12-04-1988	3	3.9	30.9	21.4	19.39833	-999	-999	-999	-999
13-04-1988	8.8	2.8	29.9	21	13.755	-999	-999	-999	-999
14-04-1988	79.5	2.2	28.1	21.9	9.0675	-999	-999	-999	-999
15-04-1988	3.1	3.6	29.4	22.6	16.2575	-999	-999	-999	-999
16-04-1988	9.3	2.7	30	20.7	12.955	-999	-999	-999	-999
17-04-1988	7.6	2.1	26.9	21.3	9.3625	-999	-999	-999	-999
18-04-1988	5.7	3.7	28.9	21	18.19167	-999	-999	-999	-999
19-04-1988	15.8	2.8	29.1	21.9	14.98083	-999	-999	-999	-999
20-04-1988	64.2	2.8	29.5	21.9	15.26417	-999	-999	-999	-999
21-04-1988	0.6	3	29.5	22.3	14.85333	-999	-999	-999	-999
22-04-1988	10.4	3	28	23	13.3775	-999	-999	-999	-999
23-04-1988	33.7	2.8	28.7	22.2	13.4875	-999	-999	-999	-999
24-04-1988	0	3.8	28.8	22	17.98583	-999	-999	-999	-999
25-04-1988	0.6	3	28.4	19.9	16.855	-999	-999	-999	-999
26-04-1988	0.4	3.6	28.9	21.8	18.285	-999	-999	-999	-999
27-04-1988	3.3	2.8	28.4	21.7	15.01333	-999	-999	-999	-999
28-04-1988	7.5	2.8	28.5	22.2	14.42667	-999	-999	-999	-999
29-04-1988	0	3.5	28.8	21.2	19.27667	-999	-999	-999	-999
30-04-1988	0	3.1	29.4	19.1	17.615	-999	-999	-999	-999
01-05-1988	0	3.5	28.7	20.8	18.7675	-999	-999	-999	-999
02-05-1988	0.2	3.2	29.6	20.2	14.695	-999	-999	-999	-999
03-05-1988	0.1	3.7	28.1	20.5	15.88333	-999	-999	-999	-999
04-05-1988	1.4	4.2	28.1	20.7	19.17583	-999	-999	-999	-999
05-05-1988	23.4	2.1	26.7	20.9	7.264167	-999	-999	-999	-999
06-05-1988	0	3.5	27.3	21.1	18.53417	-999	-999	-999	-999
07-05-1988	1.2	3.8	28.6	20.6	18.90417	-999	-999	-999	-999
08-05-1988	1.8	3.2	28.7	21.5	16.815	-999	-999	-999	-999
09-05-1988	1	3.7	28.8	22	17.19167	-999	-999	-999	-999
10-05-1988	1.7	2.8	29	19.6	15.25167	-999	-999	-999	-999
11-05-1988	0.2	3.5	29.2	17	19.3175	-999	-999	-999	-999
12-05-1988	0	3.1	28.1	15.5	18.13667	-999	-999	-999	-999
13-05-1988	0	3.5	28	17.5	17.87167	-999	-999	-999	-999
14-05-1988	0	3.1	27.7	15.8	17.11	-999	-999	-999	-999
15-05-1988	1	2.7	27.3	19.3	14.70083	-999	-999	-999	-999
16-05-1988	1.6	3.1	26.9	18.7	15.6025	-999	-999	-999	-999
17-05-1988	0.2	3.2	27.3	18.1	13.05417	-999	-999	-999	-999
18-05-1988	4.4	3	26.5	18.6	12.77667	-999	-999	-999	-999
19-05-1988	0.8	3.5	26.4	18.2	16.00917	-999	-999	-999	-999
20-05-1988	1.6	3.3	26.9	19	16.59083	-999	-999	-999	-999
21-05-1988	0.2	3.2	27	19.3	17.62583	-999	-999	-999	-999
22-05-1988	13.1	2.3	26.5	13.9	13.71083	-999	-999	-999	-999
23-05-1988	2	3.3	27.3	19.6	17.08083	-999	-999	-999	-999
24-05-1988	8.4	2.7	27.1	19.5	14.00583	-999	-999	-999	-999
25-05-1988	4	2.9	27.1	20	14.75917	-999	-999	-999	-999
26-05-1988	1.4	2.9	27.8	20.5	15.53333	-999	-999	-999	-999
27-05-1988	3.1	3.2	27	19.5	16.39167	-999	-999	-999	-999
28-05-1988	1.5	3.1	27.8	18.9	16.0325	-999	-999	-999	-999
29-05-1988	0	3.2	27	20	16.695	-999	-999	-999	-999
30-05-1988	0	2.7	27.2	19.1	16.13833	-999	-999	-999	-999
31-05-1988	0	2.6	27.2	15.9	16.92667	-999	-999	-999	-999
01-06-1988	0	2.8	27.9	16.8	17.21167	-999	-999	-999	-999
02-06-1988	10.1	2.7	27.1	16.8	15.415	-999	-999	-999	-999
03-06-1988	0	2.5	26.1	19.6	13.7	-999	-999	-999	-999
04-06-1988	9.9	2.5	26.4	19.2	13.14417	-999	-999	-999	-999
05-06-1988	2.6	2.9	26.6	20.1	14.67917	-999	-999	-999	-999
06-06-1988	0.8	2.8	25.8	19.6	14.11333	-999	-999	-999	-999
07-06-1988	0	2.6	26.4	17.5	14.725	-999	-999	-999	-999
08-06-1988	0	3.1	26.4	17.9	16.265	-999	-999	-999	-999
09-06-1988	1.7	2.2	26.3	17.6	12.23083	-999	-999	-999	-999
10-06-1988	0.2	2.2	26.7	13.4	15.945	-999	-999	-999	-999
11-06-1988	0	2.3	27.7	14.5	15.5125	-999	-999	-999	-999
12-06-1988	0	2.4	26.5	15.9	15.92583	-999	-999	-999	-999
13-06-1988	0	2.5	25.6	18	14.1775	-999	-999	-999	-999
14-06-1988	0	2.3	25.7	16	14.1275	-999	-999	-999	-999
15-06-1988	0.2	1.9	25.4	14.5	11.03083	-999	-999	-999	-999
16-06-1988	0	2.4	25.9	16	13.825	-999	-999	-999	-999
17-06-1988	0	2.5	26.2	16.5	15.675	-999	-999	-999	-999
18-06-1988	0	2.4	26.6	15.3	15.8675	-999	-999	-999	-999
19-06-1988	0	2.7	27	14.5	17.28083	-999	-999	-999	-999
20-06-1988	0	2.9	26.8	15.9	17.075	-999	-999	-999	-999
21-06-1988	0	2.4	25.4	17.3	14.20417	-999	-999	-999	-999
22-06-1988	0	2.8	26.1	17.3	14.11583	-999	-999	-999	-999
23-06-1988	0.6	2.3	26.4	16.1	13.35917	-999	-999	-999	-999
24-06-1988	0	2.4	27.3	15	14.83417	-999	-999	-999	-999
25-06-1988	0	2.3	26.9	16.2	13.60167	-999	-999	-999	-999
26-06-1988	0.1	2.9	26.9	15.2	17.0625	-999	-999	-999	-999
27-06-1988	0.6	2.7	25.5	18	14.87167	-999	-999	-999	-999
28-06-1988	0	3.2	26.5	17	17.415	-999	-999	-999	-999
29-06-1988	0	2.6	26.6	13	16.41583	-999	-999	-999	-999
30-06-1988	2.5	2.7	25.6	15.6	15.6025	-999	-999	-999	-999
01-07-1988	4.6	2.4	24.9	15	10.7	-999	-999	-999	-999
02-07-1988	5.2	2.5	25.4	17	13.16917	-999	-999	-999	-999
03-07-1988	5.4	1.9	23.9	17.1	11.8725	-999	-999	-999	-999
04-07-1988	6.5	2.2	25.3	17.2	13.27167	-999	-999	-999	-999
05-07-1988	2.3	2.3	25.9	17.5	13.48667	-999	-999	-999	-999
06-07-1988	0.5	2.3	25.9	18	13.01	-999	-999	-999	-999
07-07-1988	2	2.8	26.7	16.4	16.40833	-999	-999	-999	-999
08-07-1988	11.5	2.3	25.7	19	12.23167	-999	-999	-999	-999
09-07-1988	0.2	3.3	25.2	18.3	15.21917	-999	-999	-999	-999
10-07-1988	2.4	3.4	25.6	19.2	14.88667	-999	-999	-999	-999
11-07-1988	5.7	3.4	25.4	19.9	14.17917	-999	-999	-999	-999
12-07-1988	1.3	2.8	25.6	19.9	13.90583	-999	-999	-999	-999
13-07-1988	1	2.3	25.7	19.9	13.33167	-999	-999	-999	-999
14-07-1988	0.3	2.8	26.1	19.7	15.41583	-999	-999	-999	-999
15-07-1988	0	2.3	26.5	18.4	14.565	-999	-999	-999	-999
16-07-1988	0	2.7	26.4	18.8	15.95333	-999	-999	-999	-999
17-07-1988	1	2.2	26	16.5	13.40917	-999	-999	-999	-999
18-07-1988	0.1	2.7	25.6	17.8	15.50083	-999	-999	-999	-999
19-07-1988	0	3.2	26.1	16.9	17.1875	-999	-999	-999	-999
20-07-1988	0	3.6	26.5	17.6	17.39	-999	-999	-999	-999
21-07-1988	0.6	2.7	25	17.2	13.31	-999	-999	-999	-999
22-07-1988	0.3	2.7	25.5	14	15.1975	-999	-999	-999	-999
23-07-1988	4.5	2.9	25.5	15.4	15.955	-999	-999	-999	-999
24-07-1988	0.1	2.8	25.6	16.9	16.415	-999	-999	-999	-999
25-07-1988	0.2	3	26.2	17.4	15.91333	-999	-999	-999	-999
26-07-1988	0.1	2.7	26.2	17.7	16.1425	-999	-999	-999	-999
27-07-1988	0	1.5	25.4	16.1	8.918333	-999	-999	-999	-999
28-07-1988	0	2.5	27.4	13.4	15.62083	-999	-999	-999	-999
29-07-1988	0	2.4	25.6	11.1	15.41083	-999	-999	-999	-999
30-07-1988	0	3.1	26.4	10.1	19.63	-999	-999	-999	-999
31-07-1988	0	2.5	25.2	16.4	11.98167	-999	-999	-999	-999
01-08-1988	0	3.3	26.6	16	18.99667	-999	-999	-999	-999
02-08-1988	1.2	2.5	26	18.5	12.69667	-999	-999	-999	-999
03-08-1988	0	2.3	27	16.7	12.43667	-999	-999	-999	-999
04-08-1988	0	3	27.4	19.1	13.72417	-999	-999	-999	-999
05-08-1988	0	3.4	26.6	16.8	14.59667	-999	-999	-999	-999
06-08-1988	0	3.7	25.7	18.9	14.56833	-999	-999	-999	-999
07-08-1988	0	3.7	25.9	18.2	18.35833	-999	-999	-999	-999
08-08-1988	7.1	2.5	26	18.3	12.54833	-999	-999	-999	-999
09-08-1988	0.1	4.1	26.3	19.6	19.57417	-999	-999	-999	-999
10-08-1988	0	2.6	25.7	15.2	12.99417	-999	-999	-999	-999
11-08-1988	0.3	2.7	26.1	16.8	10.04833	-999	-999	-999	-999
12-08-1988	0.8	3.1	26.2	17.5	15.18	-999	-999	-999	-999
13-08-1988	0	3.6	26.4	19	16.9625	-999	-999	-999	-999
14-08-1988	1	3.7	26.4	18.6	19.025	-999	-999	-999	-999
15-08-1988	0	3.8	27.4	16.1	20.60917	-999	-999	-999	-999
16-08-1988	0	3.4	28	14.5	19.72167	-999	-999	-999	-999
17-08-1988	0	2.9	27.3	12.8	16.46917	-999	-999	-999	-999
18-08-1988	0	2.7	25.8	10	17.71417	-999	-999	-999	-999
19-08-1988	0	2.7	25.7	10.8	15.63583	-999	-999	-999	-999
20-08-1988	0	1.7	25.5	12.5	8.858334	-999	-999	-999	-999
21-08-1988	0	3.1	27	12	17.2375	-999	-999	-999	-999
22-08-1988	0	4.4	26.6	17.9	18.305	-999	-999	-999	-999
23-08-1988	0	3.8	25.3	19.5	18.1525	-999	-999	-999	-999
24-08-1988	0.5	3.2	26.3	14.6	17.50917	-999	-999	-999	-999
25-08-1988	0	4.3	26.4	16.6	20.1975	-999	-999	-999	-999
26-08-1988	0	4.7	26.8	19.9	17.57417	-999	-999	-999	-999
27-08-1988	0	4.3	26.3	18.5	19.3275	-999	-999	-999	-999
28-08-1988	0	3.5	27.1	15	17.15083	-999	-999	-999	-999
29-08-1988	0	4	28.6	14.3	21.70833	-999	-999	-999	-999
30-08-1988	0	3.7	26.5	17.9	17.56	-999	-999	-999	-999
31-08-1988	0	4.2	26.5	17.2	20.36833	-999	-999	-999	-999
01-09-1988	0	3.6	26.2	13	19.725	-999	-999	-999	-999
02-09-1988	0.7	3.2	26	17.5	15.81083	-999	-999	-999	-999
03-09-1988	0.7	2.9	27	15.7	16.6675	-999	-999	-999	-999
04-09-1988	0	3.8	25.7	14.8	19.75333	-999	-999	-999	-999
05-09-1988	0	2.4	25.8	18	10.84083	-999	-999	-999	-999
06-09-1988	0	4.5	26	17.5	21.97	-999	-999	-999	-999
07-09-1988	0	3.1	27.3	17.5	15.26083	-999	-999	-999	-999
08-09-1988	3.6	3.4	28.2	16.5	18.18083	-999	-999	-999	-999
09-09-1988	0	4.4	27.5	19.1	20.975	-999	-999	-999	-999
10-09-1988	0	4	26.5	17.1	18.0175	-999	-999	-999	-999
11-09-1988	0	3.3	25.6	18.2	13.20333	-999	-999	-999	-999
12-09-1988	0	3.3	26.5	19.5	12.35083	-999	-999	-999	-999
13-09-1988	0	4.4	27.3	18	19.1575	-999	-999	-999	-999
14-09-1988	0	5.4	27.4	19.5	22.93833	-999	-999	-999	-999
15-09-1988	0	5.1	27.9	18.8	22.6475	-999	-999	-999	-999
16-09-1988	0	4.8	27.8	17.3	22.96667	-999	-999	-999	-999
17-09-1988	0	4.9	27.4	17.4	23.09583	-999	-999	-999	-999
18-09-1988	0	5.1	28.6	17.5	24.72583	-999	-999	-999	-999
19-09-1988	0	4	28.9	17	18.19333	-999	-999	-999	-999
20-09-1988	6.5	2.5	27.5	17.7	9.993333	-999	-999	-999	-999
21-09-1988	0	4.7	26.8	17.9	20.27667	-999	-999	-999	-999
22-09-1988	0	4.5	26.8	13.7	22.63	-999	-999	-999	-999
23-09-1988	0	5.2	27.4	17.5	23.07833	-999	-999	-999	-999
24-09-1988	3.7	4.4	28.3	16.5	18.40083	-999	-999	-999	-999
25-09-1988	0.2	5.2	25.4	17.1	19.91333	-999	-999	-999	-999
26-09-1988	0.2	6.2	25.1	16.9	24.19833	-999	-999	-999	-999
27-09-1988	2	5.7	25.7	16.1	21.92917	-999	-999	-999	-999
28-09-1988	3.2	3.3	27.1	17.3	13.86333	-999	-999	-999	-999
29-09-1988	1.3	4	27.3	19.2	20.165	-999	-999	-999	-999
30-09-1988	0	3.1	28.3	18.7	14.3675	-999	-999	-999	-999
01-10-1988	0	5	28.8	15.3	23.94667	-999	-999	-999	-999
02-10-1988	0	5	25.6	19.9	21.17333	-999	-999	-999	-999
03-10-1988	10.8	4.1	27.4	17.3	20.165	-999	-999	-999	-999
04-10-1988	0	5.1	27.3	19.7	23.4425	-999	-999	-999	-999
05-10-1988	0	5.2	27.5	18.7	20.62333	-999	-999	-999	-999
06-10-1988	0	5.5	27	20	22.16	-999	-999	-999	-999
07-10-1988	0	5.6	27	19.4	20.89917	-999	-999	-999	-999
08-10-1988	0	5	27.1	18.7	20.93	-999	-999	-999	-999
09-10-1988	0	5.8	27.9	19.6	24.32667	-999	-999	-999	-999
10-10-1988	0	5.4	28	20	24.17917	-999	-999	-999	-999
11-10-1988	0	5	28.8	18.9	22.47667	-999	-999	-999	-999
12-10-1988	3.1	3.7	29	19.4	17.94833	-999	-999	-999	-999
13-10-1988	0	4.7	28.9	17.9	22.43917	-999	-999	-999	-999
14-10-1988	0	4.9	28.3	18.7	22.205	-999	-999	-999	-999
15-10-1988	0	6.2	27.7	15.3	27.86917	-999	-999	-999	-999
16-10-1988	0.2	4.5	26.8	19.1	18.47583	-999	-999	-999	-999
17-10-1988	0.2	5	27.6	16.5	21.65833	-999	-999	-999	-999
18-10-1988	0.5	4.1	27.4	18.4	19.54833	-999	-999	-999	-999
19-10-1988	0	5	28.1	19.9	21.09833	-999	-999	-999	-999
20-10-1988	0.5	4.2	28.7	21.6	16.3375	-999	-999	-999	-999
21-10-1988	0	3.7	30.9	19.6	16.85417	-999	-999	-999	-999
22-10-1988	4.1	5	30.4	20.1	22.8025	-999	-999	-999	-999
23-10-1988	0.4	4.4	28	20.2	20.01583	-999	-999	-999	-999
24-10-1988	5.1	5	27.9	21.6	19.915	-999	-999	-999	-999
25-10-1988	0.6	6	27.7	21.4	23.23917	-999	-999	-999	-999
26-10-1988	3	5.9	28	20.2	25.20167	-999	-999	-999	-999
27-10-1988	0	6.1	28.5	19.8	27.1975	-999	-999	-999	-999
28-10-1988	0.6	5.3	28.7	19.8	24.47	-999	-999	-999	-999
29-10-1988	0.3	4.4	28.3	20.3	24.43917	-999	-999	-999	-999
30-10-1988	0.4	3.9	28.2	19.9	22.405	-999	-999	-999	-999
31-10-1988	1.9	5.3	28.9	20.1	23.545	-999	-999	-999	-999
01-11-1988	1.6	5.5	27.7	19.9	21.46667	-999	-999	-999	-999
02-11-1988	0.7	3.9	27.6	19.2	21.10417	-999	-999	-999	-999
03-11-1988	0.5	5.6	27.7	19.3	22.57167	-999	-999	-999	-999
04-11-1988	0	5.6	28	19	23.54167	-999	-999	-999	-999
05-11-1988	0	6	28.4	19.4	25.64417	-999	-999	-999	-999
06-11-1988	0	5.6	28.1	19.1	24.03833	-999	-999	-999	-999
07-11-1988	1.5	4.9	27.9	18.8	21.20583	-999	-999	-999	-999
08-11-1988	0.2	5.9	29	19.4	25.52667	-999	-999	-999	-999
09-11-1988	0	5.1	28.2	19.5	21.74	-999	-999	-999	-999
10-11-1988	0	5.8	29	18.7	25.2875	-999	-999	-999	-999
11-11-1988	0	3.9	29	19	17.205	-999	-999	-999	-999
12-11-1988	0.3	2.9	30.2	18.5	12.18417	-999	-999	-999	-999
13-11-1988	2	5.2	30.7	21.7	21.11667	-999	-999	-999	-999
14-11-1988	2.8	4.3	30.1	20.5	18.115	-999	-999	-999	-999
15-11-1988	0.4	4.9	28.5	21	21.59667	-999	-999	-999	-999
16-11-1988	0	5.6	29.6	18.7	25.9375	-999	-999	-999	-999
17-11-1988	0	4.2	30.2	18.3	20.1325	-999	-999	-999	-999
18-11-1988	0	6	30.9	18.8	27.32333	-999	-999	-999	-999
19-11-1988	0	5.2	30.6	19.5	22.62667	-999	-999	-999	-999
20-11-1988	0	5.9	30	22.5	23.4775	-999	-999	-999	-999
21-11-1988	0	5.2	30.4	20.4	22.27167	-999	-999	-999	-999
22-11-1988	0	4.6	30.2	20.7	18.51	-999	-999	-999	-999
23-11-1988	0	3.3	29.5	20.2	14.83333	-999	-999	-999	-999
24-11-1988	9.5	2.9	29.5	20.3	13.4325	-999	-999	-999	-999
25-11-1988	6.6	3	30.1	19.6	14.4025	-999	-999	-999	-999
26-11-1988	4.1	4.8	30.4	19.4	22.42583	-999	-999	-999	-999
27-11-1988	8.1	5.3	29.9	21.1	22.58583	-999	-999	-999	-999
28-11-1988	0.9	5.5	29.5	21.9	24.3625	-999	-999	-999	-999
29-11-1988	6.1	4.3	29.3	22.7	16.2575	-999	-999	-999	-999
30-11-1988	4.6	2.9	28	22	10.3675	-999	-999	-999	-999
01-12-1988	0	5.7	29	21.1	26.84417	-999	-999	-999	-999
02-12-1988	0	5.4	29.9	20.3	25.61583	-999	-999	-999	-999
03-12-1988	0	5.3	30.3	19.3	25.37083	-999	-999	-999	-999
04-12-1988	0	4.7	31.1	20.2	21.19917	-999	-999	-999	-999
05-12-1988	0.1	6	31.4	21.2	27.29583	-999	-999	-999	-999
06-12-1988	0	6.7	30.6	23.4	29.06083	-999	-999	-999	-999
07-12-1988	5.5	2.7	29.5	22	10.15667	-999	-999	-999	-999
08-12-1988	0.2	4.3	30.9	20.5	20.025	-999	-999	-999	-999
09-12-1988	33	2.2	28.9	21.1	9.925	-999	-999	-999	-999
10-12-1988	27	3.5	29.5	20.7	15.2675	-999	-999	-999	-999
11-12-1988	54.9	2.1	28	21.5	7.1775	-999	-999	-999	-999
12-12-1988	0	4.2	28.5	20.1	19.69167	-999	-999	-999	-999
13-12-1988	0	6.2	29.6	17.5	28.3725	-999	-999	-999	-999
14-12-1988	0	7.3	28.9	20	27.62583	-999	-999	-999	-999
15-12-1988	7.2	2.6	26.4	22.2	8.645	-999	-999	-999	-999
16-12-1988	1.1	2.1	28.6	22.6	7.645	-999	-999	-999	-999
17-12-1988	0	5.1	29.5	22.3	25.14833	-999	-999	-999	-999
18-12-1988	0.1	5.7	29.5	22	26.7125	-999	-999	-999	-999
19-12-1988	0	4.9	30.6	22	23.35833	-999	-999	-999	-999
20-12-1988	26.1	4.6	30.6	21.8	20.42333	-999	-999	-999	-999
21-12-1988	15.3	3.9	29.8	23.1	17.53667	-999	-999	-999	-999
22-12-1988	0	5	30.3	22.6	22.04167	-999	-999	-999	-999
23-12-1988	10.9	4.4	30.4	21.9	19.40917	-999	-999	-999	-999
24-12-1988	3.6	5.4	30.1	22.6	24.03667	-999	-999	-999	-999
25-12-1988	0.7	5.7	30.4	22.5	25.5325	-999	-999	-999	-999
26-12-1988	4.8	5.4	30.2	22.1	23.42333	-999	-999	-999	-999
27-12-1988	2	3.8	28.2	22.5	13.7675	-999	-999	-999	-999
28-12-1988	0.7	5.6	29.5	22.3	25.9175	-999	-999	-999	-999
29-12-1988	1.1	4.5	29.9	22.1	20.46917	-999	-999	-999	-999
30-12-1988	3.4	5.1	29.5	22.1	23.47667	-999	-999	-999	-999
31-12-1988	0	6	30.2	21.9	27.47833	-999	-999	-999	-999
01-01-1989	4.3	4.9	30.2	22.6	20.85	-999	-999	-999	-999
02-01-1989	0.1	5.7	29.6	21.8	26.005	-999	-999	-999	-999
03-01-1989	3.2	5	29.6	22.2	21.97	-999	-999	-999	-999
04-01-1989	0.6	5.9	29.8	23.1	26.165	-999	-999	-999	-999
05-01-1989	1.2	6.2	30	21.2	26.71917	-999	-999	-999	-999
06-01-1989	0	5.8	30.4	21.5	25.0825	-999	-999	-999	-999
07-01-1989	12.1	4.8	30.1	22	21.2575	-999	-999	-999	-999
08-01-1989	0	5.9	29.9	22.8	27.22833	-999	-999	-999	-999
09-01-1989	0	6.1	29.8	21.6	28.75167	-999	-999	-999	-999
10-01-1989	9.2	6	30.4	21.1	27.92833	-999	-999	-999	-999
11-01-1989	20.7	3.2	30.6	23.5	14.49417	-999	-999	-999	-999
12-01-1989	0.2	5.1	30.4	23.3	23.1975	-999	-999	-999	-999
13-01-1989	3.7	3.6	30.9	22.5	16.88833	-999	-999	-999	-999
14-01-1989	7.5	3.6	30.4	21.6	16.50333	-999	-999	-999	-999
15-01-1989	5.1	4.8	29.6	23.9	19.15583	-999	-999	-999	-999
16-01-1989	2.1	4.4	29.8	23.5	19.9625	-999	-999	-999	-999
17-01-1989	6.2	4.8	29.6	24.9	21.22167	-999	-999	-999	-999
18-01-1989	3.6	5.1	29.4	24.5	22.91083	-999	-999	-999	-999
19-01-1989	4.1	4.5	29.9	23.3	19.18917	-999	-999	-999	-999
20-01-1989	0.3	5.4	30.2	22.5	23.92167	-999	-999	-999	-999
21-01-1989	2.2	5.9	30.4	22.2	26.85583	-999	-999	-999	-999
22-01-1989	0.4	6.3	30	22.9	27.3875	-999	-999	-999	-999
23-01-1989	11.1	4.7	30.4	22.5	18.64167	-999	-999	-999	-999
24-01-1989	6.7	6.1	30	22.1	27.86917	-999	-999	-999	-999
25-01-1989	3	5.7	30.4	22.4	26.47083	-999	-999	-999	-999
26-01-1989	0.2	5.7	30.4	22.9	25.30667	-999	-999	-999	-999
27-01-1989	1	7	30.3	22.9	27.76667	-999	-999	-999	-999
28-01-1989	148.3	4.9	29.9	23.6	14.89917	-999	-999	-999	-999
29-01-1989	6.7	3.3	29.7	25.4	7.9	-999	-999	-999	-999
30-01-1989	0.6	4.1	29.7	23.6	19.5575	-999	-999	-999	-999
31-01-1989	12.1	4.1	30.3	24	19.56	-999	-999	-999	-999
01-02-1989	4.2	4	30	23.7	18.58417	-999	-999	-999	-999
02-02-1989	2	3.6	29.6	22.9	18.03	-999	-999	-999	-999
03-02-1989	37.2	4.5	30.9	22.8	22.41	-999	-999	-999	-999
04-02-1989	15.2	3.7	29.9	22.6	16.66583	-999	-999	-999	-999
05-02-1989	0.2	2.4	28.9	24.1	9.89	-999	-999	-999	-999
06-02-1989	7.1	5.3	31.1	23	26.06167	-999	-999	-999	-999
07-02-1989	0	3.9	30.9	22.8	19	-999	-999	-999	-999
08-02-1989	4.2	4.7	31	21.6	22.69417	-999	-999	-999	-999
09-02-1989	3.6	4.2	30.1	22.5	19.46083	-999	-999	-999	-999
10-02-1989	19.8	1.7	27.7	22.9	6.919167	-999	-999	-999	-999
11-02-1989	56.5	2.4	29.5	22.8	10.44083	-999	-999	-999	-999
12-02-1989	0	4.6	29.8	22.7	21.79167	-999	-999	-999	-999
13-02-1989	1.1	4.2	31	22	20.345	-999	-999	-999	-999
14-02-1989	0	5.2	30.8	23.4	25.465	-999	-999	-999	-999
15-02-1989	2	6	31	24	26.73583	-999	-999	-999	-999
16-02-1989	4.6	5.1	30.5	23.5	23.2675	-999	-999	-999	-999
17-02-1989	0.5	5.4	30.2	23.9	24.9825	-999	-999	-999	-999
18-02-1989	1.2	5.4	31.8	23	24.70583	-999	-999	-999	-999
19-02-1989	24.5	4	32.4	22.2	17.05833	-999	-999	-999	-999
20-02-1989	4.2	6.1	29.4	22.9	27.27333	-999	-999	-999	-999
21-02-1989	0.1	6	29.9	21.6	27.86583	-999	-999	-999	-999
22-02-1989	0	4.5	29.4	19.4	22.19833	-999	-999	-999	-999
23-02-1989	0	3.2	30	19.3	15.5875	-999	-999	-999	-999
24-02-1989	2	2.5	29.7	18.1	12.43167	-999	-999	-999	-999
25-02-1989	1.2	2.7	30.2	18	13.23833	-999	-999	-999	-999
26-02-1989	3.4	3.7	29.9	19.5	16.01833	-999	-999	-999	-999
27-02-1989	0	4.2	30	18.8	22.20333	-999	-999	-999	-999
28-02-1989	6.2	3.9	30.9	22.9	19.54917	-999	-999	-999	-999
01-03-1989	0.8	3.9	31	22.4	18.89917	-999	-999	-999	-999
02-03-1989	22.6	4.8	31.3	23.4	22.17167	-999	-999	-999	-999
03-03-1989	1	5.2	30.7	23	25.09083	-999	-999	-999	-999
04-03-1989	0.6	5.3	30.4	22.9	25.26833	-999	-999	-999	-999
05-03-1989	0	4.5	30.5	21.9	22.06583	-999	-999	-999	-999
06-03-1989	0	5.1	30.5	21.4	25.14167	-999	-999	-999	-999
07-03-1989	1	4.7	30	20.2	21.59833	-999	-999	-999	-999
08-03-1989	1.1	5.2	30	21.7	23.65333	-999	-999	-999	-999
09-03-1989	0.5	5.5	30	22.9	23.59167	-999	-999	-999	-999
10-03-1989	1	5.1	30.4	22.5	24.60667	-999	-999	-999	-999
11-03-1989	36.9	3	31.5	21.8	14.075	-999	-999	-999	-999
12-03-1989	1.3	2.5	30.4	19.7	13.42083	-999	-999	-999	-999
13-03-1989	10.8	3.1	31.4	20	15.68583	-999	-999	-999	-999
14-03-1989	8.2	2.8	30.6	21.5	12.83167	-999	-999	-999	-999
15-03-1989	0	5.1	30.4	22.9	22.5325	-999	-999	-999	-999
16-03-1989	0	5.8	31.1	23	24.9925	-999	-999	-999	-999
17-03-1989	5.1	6	30	22.8	23.53333	-999	-999	-999	-999
18-03-1989	0	4.5	29	22.2	16.96667	-999	-999	-999	-999
19-03-1989	10.2	4	29.1	22.5	17.65833	-999	-999	-999	-999
20-03-1989	3.5	2.6	28.8	22.9	8.129167	-999	-999	-999	-999
21-03-1989	0	5.4	30	22.1	24.51833	-999	-999	-999	-999
22-03-1989	16.5	5	30.6	23.2	21.155	-999	-999	-999	-999
23-03-1989	25.8	4.4	29.3	23	18.63417	-999	-999	-999	-999
24-03-1989	11.5	2.5	28.5	21.8	8.764167	-999	-999	-999	-999
25-03-1989	10	3.3	29.4	22.4	13.27667	-999	-999	-999	-999
26-03-1989	0.1	3.3	28.8	23.5	11.17833	-999	-999	-999	-999
27-03-1989	2.6	4.5	29.6	23.5	19.22167	-999	-999	-999	-999
28-03-1989	21.1	3.8	29.6	22.4	17.30583	-999	-999	-999	-999
29-03-1989	97.2	2.2	27.1	21.7	9.2425	-999	-999	-999	-999
30-03-1989	28.8	2.6	28	22.2	10.2125	-999	-999	-999	-999
31-03-1989	0.5	4.2	28.9	22.8	17.34167	-999	-999	-999	-999
01-04-1989	1.6	3.4	28.5	22.8	15.80833	-999	-999	-999	-999
02-04-1989	0	4.7	29	21.2	20.40583	-999	-999	-999	-999
03-04-1989	0.2	4.1	29.4	20	19.56667	-999	-999	-999	-999
04-04-1989	0	4.9	29.3	20.9	22.425	-999	-999	-999	-999
05-04-1989	3.8	4.4	29.6	19.4	21.24417	-999	-999	-999	-999
06-04-1989	25.2	1.6	28.6	23.2	4.5375	-999	-999	-999	-999
07-04-1989	0.6	2.9	29.9	23	14.955	-999	-999	-999	-999
08-04-1989	0.1	3.1	30.6	22.2	15.5125	-999	-999	-999	-999
09-04-1989	0	4.1	30.5	21	19.69083	-999	-999	-999	-999
10-04-1989	0	4.6	29.5	17.8	22.26083	-999	-999	-999	-999
11-04-1989	0.5	4.2	28.2	19.4	17.81333	-999	-999	-999	-999
12-04-1989	0	4.3	29.2	19.6	20.17583	-999	-999	-999	-999
13-04-1989	1.9	2.6	28.2	16.1	13.40417	-999	-999	-999	-999
14-04-1989	0	4.6	28.2	20.7	16.6025	-999	-999	-999	-999
15-04-1989	0	3.4	29.4	19.2	19.25917	-999	-999	-999	-999
16-04-1989	3.1	3.6	29.4	16.6	19.4375	-999	-999	-999	-999
17-04-1989	6.8	3.2	28.2	20.8	15.195	-999	-999	-999	-999
18-04-1989	2.2	3.5	29.1	22	16.5675	-999	-999	-999	-999
19-04-1989	0	4.2	28.9	21.2	20.42583	-999	-999	-999	-999
20-04-1989	2.6	4.7	28.9	20.6	20.345	-999	-999	-999	-999
21-04-1989	3.4	4.5	29.5	21.8	19.6575	-999	-999	-999	-999
22-04-1989	2.7	3.6	28.8	22.4	17.34417	-999	-999	-999	-999
23-04-1989	0.5	3.9	29	20.9	18.5425	-999	-999	-999	-999
24-04-1989	0	4	29.7	21.6	19.35167	-999	-999	-999	-999
25-04-1989	0	3.9	29.2	21.5	18.76167	-999	-999	-999	-999
26-04-1989	0	4.1	28.9	20.3	20.13333	-999	-999	-999	-999
27-04-1989	2	3.9	29.9	18.3	19.6	-999	-999	-999	-999
28-04-1989	12.2	3	29	21.3	13.74917	-999	-999	-999	-999
29-04-1989	0.6	3.6	29.2	23.2	17.725	-999	-999	-999	-999
30-04-1989	0	3.5	29.8	21.7	17.13667	-999	-999	-999	-999
01-05-1989	0	4	29.2	21	19.91333	-999	-999	-999	-999
02-05-1989	0.2	3.5	29.1	20	18.905	-999	-999	-999	-999
03-05-1989	0	3.6	29.5	20.7	18.905	-999	-999	-999	-999
04-05-1989	0.7	3.3	30.9	21.3	14.87167	-999	-999	-999	-999
05-05-1989	6.5	4.1	28.8	21.9	19.1575	-999	-999	-999	-999
06-05-1989	1.8	3.2	28.4	21.3	13.86333	-999	-999	-999	-999
07-05-1989	0	2.4	27.4	21.8	9.074167	-999	-999	-999	-999
08-05-1989	1	2.1	28.1	22	8.318333	-999	-999	-999	-999
09-05-1989	50.5	2.5	28.4	21.4	11.8475	-999	-999	-999	-999
10-05-1989	0	2.8	29.2	18.3	15.37583	-999	-999	-999	-999
11-05-1989	0	3.7	29.9	20.4	19.40917	-999	-999	-999	-999
12-05-1989	17.6	2.6	27.9	21	12.09917	-999	-999	-999	-999
13-05-1989	0.2	3.7	27.4	19.5	18.40083	-999	-999	-999	-999
14-05-1989	0.2	3.3	27.6	18	16.88833	-999	-999	-999	-999
15-05-1989	1.4	3.6	27.4	19.8	16.63583	-999	-999	-999	-999
16-05-1989	0.7	3.9	27.6	18.2	17.89667	-999	-999	-999	-999
17-05-1989	3.1	3.2	26.4	19	15.37583	-999	-999	-999	-999
18-05-1989	6.2	3.6	26.3	20.5	16.1325	-999	-999	-999	-999
19-05-1989	1.2	3.7	26.4	19	16.1325	-999	-999	-999	-999
20-05-1989	4.8	3.1	26.5	18.9	14.59	-999	-999	-999	-999
21-05-1989	0.7	2.8	26.6	18.1	13.70583	-999	-999	-999	-999
22-05-1989	0	3.1	27.3	17.2	14.87167	-999	-999	-999	-999
23-05-1989	1.7	3.8	26.5	18.5	18.14917	-999	-999	-999	-999
24-05-1989	3.1	3.4	25.7	18	15.12417	-999	-999	-999	-999
25-05-1989	2	3.6	26.4	18	15.88	-999	-999	-999	-999
26-05-1989	1	2.5	26.3	15.2	14.3675	-999	-999	-999	-999
27-05-1989	3.5	2.6	26.4	17	14.3675	-999	-999	-999	-999
28-05-1989	5.3	2.6	26.9	18.3	12.855	-999	-999	-999	-999
29-05-1989	7	2.3	26.6	18.9	10.0825	-999	-999	-999	-999
30-05-1989	0	3.6	26.6	19.4	17.89667	-999	-999	-999	-999
31-05-1989	0	3.1	27.3	19	16.1325	-999	-999	-999	-999
01-06-1989	1.5	3.1	27.4	18.6	16.1325	-999	-999	-999	-999
02-06-1989	0.2	2.5	26.5	18	14.10333	-999	-999	-999	-999
03-06-1989	10.8	2.2	26.6	17.6	12.34833	-999	-999	-999	-999
04-06-1989	0	2.4	26.1	18	12.91667	-999	-999	-999	-999
05-06-1989	4.9	2.3	26.3	17.3	11.35083	-999	-999	-999	-999
06-06-1989	7.7	2.2	27.4	17.6	13.82667	-999	-999	-999	-999
07-06-1989	11.4	2	26.3	19.3	9.631667	-999	-999	-999	-999
08-06-1989	0	2.7	26	16.7	13.725	-999	-999	-999	-999
09-06-1989	0	3.3	26.3	19.4	16.20667	-999	-999	-999	-999
10-06-1989	0	2.8	26.7	18.9	15.44833	-999	-999	-999	-999
11-06-1989	17	1.4	26.2	15.3	8.006667	-999	-999	-999	-999
12-06-1989	2.1	2.3	26.6	19	9.424167	-999	-999	-999	-999
13-06-1989	0	2.8	27.8	17.2	15.07167	-999	-999	-999	-999
14-06-1989	0	2.4	25.4	14.6	14.63917	-999	-999	-999	-999
15-06-1989	5.6	1.8	24.7	11.7	10.05917	-999	-999	-999	-999
16-06-1989	0	2.6	25.5	15	14.20333	-999	-999	-999	-999
17-06-1989	0.3	3.2	25.5	16.5	17.16333	-999	-999	-999	-999
18-06-1989	3.2	2.9	25.8	17.6	13.55583	-999	-999	-999	-999
19-06-1989	0.1	3.2	25.9	18.2	13.54833	-999	-999	-999	-999
20-06-1989	0.5	3.4	26.4	18.7	16.055	-999	-999	-999	-999
21-06-1989	3.2	2.8	25.7	17.8	13.94167	-999	-999	-999	-999
22-06-1989	9.2	3.4	25.5	16.7	15.90667	-999	-999	-999	-999
23-06-1989	12.5	2.8	25.4	18.7	14.54917	-999	-999	-999	-999
24-06-1989	1.8	2.6	25.2	19.1	12.7825	-999	-999	-999	-999
25-06-1989	1.2	2.1	25.7	16.2	13.61	-999	-999	-999	-999
26-06-1989	3.1	2.5	25.5	16.8	13.14833	-999	-999	-999	-999
27-06-1989	6.6	2.7	25.7	16.9	15.18083	-999	-999	-999	-999
28-06-1989	0	2.7	25.3	16.6	14.5225	-999	-999	-999	-999
29-06-1989	0.5	2.7	25.7	16.2	14.505	-999	-999	-999	-999
30-06-1989	0.2	3.4	25.7	18.2	16.73667	-999	-999	-999	-999
01-07-1989	6.2	2.4	25.4	16.6	12.46417	-999	-999	-999	-999
02-07-1989	0.6	3	25.2	17.2	15.97667	-999	-999	-999	-999
03-07-1989	0	3.5	25.2	16.7	17.42333	-999	-999	-999	-999
04-07-1989	0	2.7	25.9	15.2	14.76	-999	-999	-999	-999
05-07-1989	15.5	1.7	24.6	16.5	9.525833	-999	-999	-999	-999
06-07-1989	1.5	2.8	25.5	17	15.26083	-999	-999	-999	-999
07-07-1989	7.6	2.7	25.5	17.7	15.32417	-999	-999	-999	-999
08-07-1989	0.4	2.8	25	16.1	14.905	-999	-999	-999	-999
09-07-1989	7.2	2.5	26	15.3	12.495	-999	-999	-999	-999
10-07-1989	2.1	2.5	25.5	19	11.81	-999	-999	-999	-999
11-07-1989	3	3.1	24.5	17.9	13.92583	-999	-999	-999	-999
12-07-1989	9.5	3.4	25.5	16.9	17.2825	-999	-999	-999	-999
13-07-1989	0.9	2.9	25.4	19	14.74583	-999	-999	-999	-999
14-07-1989	0.1	3.2	26	16.1	16.735	-999	-999	-999	-999
15-07-1989	17.4	2.5	25.4	15.4	13.37	-999	-999	-999	-999
16-07-1989	5	2.8	24.4	17.2	13.73083	-999	-999	-999	-999
17-07-1989	0.7	3.2	24.7	18.1	12.67333	-999	-999	-999	-999
18-07-1989	0.5	3.6	25.4	19.5	15.365	-999	-999	-999	-999
19-07-1989	6.1	3	25.4	17.5	15.94917	-999	-999	-999	-999
20-07-1989	1.8	2.8	26.1	18.3	14.925	-999	-999	-999	-999
21-07-1989	2.5	2.4	25.6	17	14.62	-999	-999	-999	-999
22-07-1989	0.7	3.4	25.4	17.7	16.06583	-999	-999	-999	-999
23-07-1989	0	3.2	25.2	17.3	15.76167	-999	-999	-999	-999
24-07-1989	7	2.2	24.6	16.9	12.66417	-999	-999	-999	-999
25-07-1989	5.2	3.5	23.7	18	12.9975	-999	-999	-999	-999
26-07-1989	6.3	3.6	24.5	18	13.75417	-999	-999	-999	-999
27-07-1989	1.5	2.9	23.7	17.8	13.54333	-999	-999	-999	-999
28-07-1989	0	3.5	25.4	15.8	18.49583	-999	-999	-999	-999
29-07-1989	0.1	2.8	26.8	12.2	16.33083	-999	-999	-999	-999
30-07-1989	0	3	26.5	12.2	18.44333	-999	-999	-999	-999
31-07-1989	1.4	3.3	26.2	17.6	18.49583	-999	-999	-999	-999
01-08-1989	23.5	1.8	25.1	16.8	8.229167	-999	-999	-999	-999
02-08-1989	0.2	3.7	24.9	17.8	16.37083	-999	-999	-999	-999
03-08-1989	0	3.5	24.4	16	14.615	-999	-999	-999	-999
04-08-1989	0.3	4.4	24.8	16.1	15.8875	-999	-999	-999	-999
05-08-1989	1.6	3.1	24.6	16.2	14.21917	-999	-999	-999	-999
06-08-1989	0.2	3.4	25.1	17.4	16.25583	-999	-999	-999	-999
07-08-1989	2.8	3.3	25	18.1	16.02833	-999	-999	-999	-999
08-08-1989	4.9	3.5	26	18.5	16.7575	-999	-999	-999	-999
09-08-1989	0.2	3.7	24.6	17.6	17.68	-999	-999	-999	-999
10-08-1989	0	3.7	24.5	14.3	14.4825	-999	-999	-999	-999
11-08-1989	0.1	4.3	24.5	17.9	15.655	-999	-999	-999	-999
12-08-1989	8.1	3.4	24.2	17.1	14.51333	-999	-999	-999	-999
13-08-1989	8.5	3.2	24	17.8	14.82417	-999	-999	-999	-999
14-08-1989	1.1	3.1	24.5	17	16.2125	-999	-999	-999	-999
15-08-1989	0	4.3	24.5	16.7	18.03167	-999	-999	-999	-999
16-08-1989	5.5	3.2	23.1	17.9	10.5675	-999	-999	-999	-999
17-08-1989	12.5	3.5	23.5	17	15.87083	-999	-999	-999	-999
18-08-1989	0.5	3.5	23.9	16.6	17.19833	-999	-999	-999	-999
19-08-1989	0	4	24.9	16.5	19.18083	-999	-999	-999	-999
20-08-1989	0	4.7	25.7	17.6	21.57667	-999	-999	-999	-999
21-08-1989	0	3.8	24.6	17.2	16.60083	-999	-999	-999	-999
22-08-1989	0.6	4.8	24.9	16.8	16.85667	-999	-999	-999	-999
23-08-1989	0	4.6	24.9	16.9	17.21167	-999	-999	-999	-999
24-08-1989	0.8	3.6	24.5	17.1	14.71417	-999	-999	-999	-999
25-08-1989	5.4	4.4	24.6	16.5	16.89833	-999	-999	-999	-999
26-08-1989	9.8	3.3	24.9	18.1	14.39917	-999	-999	-999	-999
27-08-1989	0.3	3.6	24	17.8	15.345	-999	-999	-999	-999
28-08-1989	0.9	3.5	25.2	16.9	17.06333	-999	-999	-999	-999
29-08-1989	0	4.6	25.4	17	21.82417	-999	-999	-999	-999
30-08-1989	0.5	4.1	26	18.1	18.87583	-999	-999	-999	-999
31-08-1989	1	2.2	24.5	17.7	8.716667	-999	-999	-999	-999
01-09-1989	0	4.2	26	15.5	20.83333	-999	-999	-999	-999
02-09-1989	0	3.5	26.3	16	17.07667	-999	-999	-999	-999
03-09-1989	1.8	4.4	26	17	19.35583	-999	-999	-999	-999
04-09-1989	0.4	4.4	25	17.8	18.0875	-999	-999	-999	-999
05-09-1989	20.5	3.8	25.7	18.6	14.46417	-999	-999	-999	-999
06-09-1989	3	3.7	24.5	17.6	16.78	-999	-999	-999	-999
07-09-1989	1.8	3.8	25.2	18.8	16.36917	-999	-999	-999	-999
08-09-1989	74.5	2.2	24.6	19.8	9.259167	-999	-999	-999	-999
09-09-1989	3	3.5	25	19.5	13.3125	-999	-999	-999	-999
10-09-1989	0.1	2.9	24.2	19.1	10.63083	-999	-999	-999	-999
11-09-1989	0	3.9	26.6	19.4	18.085	-999	-999	-999	-999
12-09-1989	6.2	4.3	26	19	19.13167	-999	-999	-999	-999
13-09-1989	0.2	5.6	24.9	18.6	22.47917	-999	-999	-999	-999
14-09-1989	0.4	5.9	25.3	17	23.99583	-999	-999	-999	-999
15-09-1989	0	6	24.5	17	23.95583	-999	-999	-999	-999
16-09-1989	3.5	5.9	24.9	17.8	22.15333	-999	-999	-999	-999
17-09-1989	5	4.3	24.2	16	19.87	-999	-999	-999	-999
18-09-1989	8	6.7	25.6	17.8	23.07333	-999	-999	-999	-999
19-09-1989	0	5.7	25.2	17.2	20.80417	-999	-999	-999	-999
20-09-1989	0.6	5.2	25.9	18.2	21.285	-999	-999	-999	-999
21-09-1989	0.4	5.8	26.6	17.9	23.47833	-999	-999	-999	-999
22-09-1989	0	6	26.4	16	24.77917	-999	-999	-999	-999
23-09-1989	0	4.8	27.5	16.1	18.13833	-999	-999	-999	-999
24-09-1989	0	6.2	26.4	17.3	24.745	-999	-999	-999	-999
25-09-1989	0.2	5.2	26.9	17.1	24.865	-999	-999	-999	-999
26-09-1989	0	5	28.8	19	22.97917	-999	-999	-999	-999
27-09-1989	0	3.5	28.5	20.3	12.39	-999	-999	-999	-999
28-09-1989	0	5.1	28.5	18.6	23.41167	-999	-999	-999	-999
29-09-1989	0	5.5	27	16	25.44083	-999	-999	-999	-999
30-09-1989	1.8	4.6	25.9	15.6	20.25583	-999	-999	-999	-999
01-10-1989	0.2	5.2	26.5	16.8	22.36667	-999	-999	-999	-999
02-10-1989	4.5	5.2	27.2	19	18.40089	-999	-999	-999	-999
03-10-1989	0	4	27	20.1	23.19016	-999	-999	-999	-999
04-10-1989	3	5.3	27.2	18	22.93809	-999	-999	-999	-999
05-10-1989	0.2	5.1	26.5	18.2	20.41742	-999	-999	-999	-999
06-10-1989	0	4.8	27.1	17.7	25.20669	-999	-999	-999	-999
07-10-1989	0	5.9	27.5	16	25.45876	-999	-999	-999	-999
08-10-1989	2	6	26.6	17.5	19.91329	-999	-999	-999	-999
09-10-1989	2	4.8	26.7	18	23.19016	-999	-999	-999	-999
10-10-1989	6.8	5.5	26.7	19.2	25.20669	-999	-999	-999	-999
11-10-1989	0	5.7	27.3	18.5	23.19016	-999	-999	-999	-999
12-10-1989	0.3	5.3	27.5	18.4	24.45049	-999	-999	-999	-999
13-10-1989	1.5	5.3	27.5	19	11.84715	-999	-999	-999	-999
14-10-1989	10.8	2.9	27.4	17.4	13.61162	-999	-999	-999	-999
15-10-1989	0.6	3	27.1	17	20.66949	-999	-999	-999	-999
16-10-1989	0	4.5	27.1	19.2	23.94636	-999	-999	-999	-999
17-10-1989	6	5.3	27	19	15.62815	-999	-999	-999	-999
18-10-1989	0	3.3	28.3	20.5	20.41742	-999	-999	-999	-999
19-10-1989	0	4.4	28.4	21.4	25.20669	-999	-999	-999	-999
20-10-1989	0	5.4	28.1	19.5	22.68603	-999	-999	-999	-999
21-10-1989	0	4.9	28.4	16.5	24.19843	-999	-999	-999	-999
22-10-1989	0	4.9	28.6	16.7	28.2315	-999	-999	-999	-999
23-10-1989	2.5	6.9	26	18.5	25.9629	-999	-999	-999	-999
24-10-1989	0	6.9	26.4	18.8	16.88848	-999	-999	-999	-999
25-10-1989	0	5.1	26.9	17.6	23.94636	-999	-999	-999	-999
26-10-1989	4	6.2	27.6	18.7	27.72736	-999	-999	-999	-999
27-10-1989	0	6.3	27.4	19.2	26.21496	-999	-999	-999	-999
28-10-1989	0	5.6	27.8	18.8	26.21496	-999	-999	-999	-999
29-10-1989	12	5.8	28.2	19.8	19.15709	-999	-999	-999	-999
30-10-1989	3.5	5.4	27.6	21	15.88022	-999	-999	-999	-999
31-10-1989	0	3.7	28.6	21	28.73563	-999	-999	-999	-999
01-11-1989	0	6	28.5	20.2	30.5001	-999	-999	-999	-999
02-11-1989	0	6.4	28.5	19.3	29.7439	-999	-999	-999	-999
03-11-1989	0	6.2	28.5	19	32.51664	-999	-999	-999	-999
04-11-1989	0	7.1	28.7	18	31.76044	-999	-999	-999	-999
05-11-1989	0	6.6	27.3	20.6	29.7439	-999	-999	-999	-999
06-11-1989	0	6.3	28.5	19.6	11.84715	-999	-999	-999	-999
07-11-1989	0	2.6	28.7	19.5	11.34301	-999	-999	-999	-999
08-11-1989	0	2.6	30	19	11.09095	-999	-999	-999	-999
09-11-1989	0	2.6	29.7	17.8	10.08268	-999	-999	-999	-999
10-11-1989	0	2.2	28.7	19.4	8.822343	-999	-999	-999	-999
11-11-1989	0	2.6	29.2	18.6	8.63	-999	-999	-999	-999
12-11-1989	0	2.2	27.9	15.9	9.578545	-999	-999	-999	-999
13-11-1989	5.3	1.8	27.9	17.4	18.14882	-999	-999	-999	-999
14-11-1989	0	4	29	19.4	29.7439	-999	-999	-999	-999
15-11-1989	0	7.2	28.5	19.5	28.2315	-999	-999	-999	-999
16-11-1989	0	6.6	27.4	18.6	22.93809	-999	-999	-999	-999
17-11-1989	1.6	6.6	27.7	17.8	19.66122	-999	-999	-999	-999
18-11-1989	1.5	4.7	26.8	18.4	22.68603	-999	-999	-999	-999
19-11-1989	0	4.9	28.2	18.9	23.94636	-999	-999	-999	-999
20-11-1989	1.4	5.5	27.9	17.8	21.67776	-999	-999	-999	-999
21-11-1989	0	4.7	27.5	18.2	20.41742	-999	-999	-999	-999
22-11-1989	3	4.8	29.2	20	23.19016	-999	-999	-999	-999
23-11-1989	0	6.1	28.4	21.3	23.19016	-999	-999	-999	-999
24-11-1989	0	6.2	28.1	19.9	14.87195	-999	-999	-999	-999
25-11-1989	3.5	4.4	29	16.3	23.19016	-999	-999	-999	-999
26-11-1989	0	4.7	28.6	18.6	28.73563	-999	-999	-999	-999
27-11-1989	0	5.8	28	20	24.70256	-999	-999	-999	-999
28-11-1989	4.5	5.6	28.4	20.7	23.44223	-999	-999	-999	-999
29-11-1989	0	5	29.6	21	24.95463	-999	-999	-999	-999
30-11-1989	0	5.6	29.6	20.5	28.73563	-999	-999	-999	-999
01-12-1989	4.5	6	28.2	20.6	12.35128	-999	-999	-999	-999
02-12-1989	1	2.9	28.9	20	21.42569	-999	-999	-999	-999
03-12-1989	0	4.3	29.4	20.6	29.7439	-999	-999	-999	-999
04-12-1989	0	6	30.1	20.1	21.67776	-999	-999	-999	-999
05-12-1989	2	4.8	30.7	20.9	19.15709	-999	-999	-999	-999
06-12-1989	109.5	4	30.7	21.4	19.40915	-999	-999	-999	-999
07-12-1989	106.7	4.6	28.9	22.3	8.822343	-999	-999	-999	-999
08-12-1989	16.6	2.1	29.4	21.7	17.14055	-999	-999	-999	-999
09-12-1989	0	3.7	29.9	21.6	26.97116	-999	-999	-999	-999
10-12-1989	0	5.4	30.7	22	25.45876	-999	-999	-999	-999
11-12-1989	0.6	5.2	30.7	22.8	16.63642	-999	-999	-999	-999
12-12-1989	0	4.6	30	22.5	26.46703	-999	-999	-999	-999
13-12-1989	8.6	6.7	29.3	22.2	21.17362	-999	-999	-999	-999
14-12-1989	1	4.7	29.2	22.5	17.64469	-999	-999	-999	-999
15-12-1989	5.5	4.3	29.3	23.1	20.92156	-999	-999	-999	-999
16-12-1989	28.5	5.1	27.5	23	14.87195	-999	-999	-999	-999
17-12-1989	0	3.7	29.5	21	21.17362	-999	-999	-999	-999
18-12-1989	1	4.8	29.4	23	21.67776	-999	-999	-999	-999
19-12-1989	0	5	29.2	23.2	27.4753	-999	-999	-999	-999
20-12-1989	0	7	29	23.4	22.18189	-999	-999	-999	-999
21-12-1989	0.3	5.9	29.2	23.7	23.94636	-999	-999	-999	-999
22-12-1989	0.2	5.9	28.5	23.8	22.18189	-999	-999	-999	-999
23-12-1989	2	5.7	29.4	23.2	21.42569	-999	-999	-999	-999
24-12-1989	0	6.1	28.6	22.5	25.20669	-999	-999	-999	-999
25-12-1989	0	6.5	28.9	23.5	22.93809	-999	-999	-999	-999
26-12-1989	0.1	6.3	28.5	22.5	19.15709	-999	-999	-999	-999
27-12-1989	0.2	5.6	28.6	22.5	13.35955	-999	-999	-999	-999
28-12-1989	7	5.1	26.9	21.9	9.830611	-999	-999	-999	-999
29-12-1989	0.3	3.4	28.1	22.1	21.67776	-999	-999	-999	-999
30-12-1989	5	5.8	28.3	22.5	16.63642	-999	-999	-999	-999
31-12-1989	2.5	4.7	28.4	21.7	20.92156	-999	-999	-999	-999
