date	rr	etp	tx	tn	rg	ux	un	vt	tm
01-01-2008	18.2	5.544629673	27.5601	20.666	25.95713622	-999	-999	-999	23.8079135
02-01-2008	0	1.671434371	26.2007	20.7631	7.417136215	-999	-999	-999	23.1579135
03-01-2008	5.4	3.617831048	26.0065	20.666	16.90713622	-999	-999	-999	23.0079135
04-01-2008	1.4	3.451990108	25.3268	20.1805	16.25713622	-999	-999	-999	22.4079135
05-01-2008	0	4.970613961	26.3949	20.0834	23.52713622	-999	-999	-999	22.9079135
06-01-2008	2.8	4.190542044	28.0456	18.9182	19.64713622	-999	-999	-999	23.1579135
07-01-2008	0	4.360497799	28.7253	21.0544	20.01713622	-999	-999	-999	24.6079135
08-01-2008	0.4	1.189045997	23.7732	21.637	5.147136215	-999	-999	-999	22.3579135
09-01-2008	0.6	0.209508357	22.7051	20.9573	0.347136215	-999	-999	-999	21.4579135
10-01-2008	1.8	4.62708918	27.2688	20.3747	21.64713622	-999	-999	-999	23.5079135
11-01-2008	0.6	5.209965303	28.5311	19.5979	24.36713622	-999	-999	-999	23.7579135
12-01-2008	0	5.688816194	27.9485	21.2486	26.44713622	-999	-999	-999	24.3079135
13-01-2008	0.4	5.659371244	28.3369	20.3747	26.40713622	-999	-999	-999	24.0579135
14-01-2008	0	4.114272211	28.0456	20.666	19.00713622	-999	-999	-999	24.0579135
15-01-2008	0	5.734538224	28.0456	20.666	26.76713622	-999	-999	-999	24.0579135
16-01-2008	0	4.692662805	28.2398	20.7631	21.72713622	-999	-999	-999	24.2079135
17-01-2008	0	5.189577619	29.1137	19.5979	24.15713622	-999	-999	-999	24.0579135
18-01-2008	27.8	5.560711438	28.6282	20.8602	25.77713622	-999	-999	-999	24.4579135
19-01-2008	13.2	4.485491874	27.9485	20.5689	20.81713622	-999	-999	-999	23.9579135
20-01-2008	1.4	4.386887818	27.6572	21.1515	20.29713622	-999	-999	-999	24.1079135
21-01-2008	10.8	5.81692	28.3369	19.7921	27.28713622	-999	-999	-999	23.7579135
22-01-2008	7	3.943210236	27.3659	19.7921	18.41713622	-999	-999	-999	23.2579135
23-01-2008	13.6	4.513074799	28.3369	20.3747	20.91713622	-999	-999	-999	24.0579135
24-01-2008	14.4	3.885484741	27.7543	20.5689	17.96713622	-999	-999	-999	23.8579135
25-01-2008	2.2	3.969059803	27.3659	19.695	18.55713622	-999	-999	-999	23.2079135
26-01-2008	0	4.990424743	27.7543	20.1805	23.34713622	-999	-999	-999	23.6579135
27-01-2008	0	5.246614572	29.1137	20.0834	24.33713622	-999	-999	-999	24.3079135
28-01-2008	6.8	3.750686331	29.2108	22.0254	16.92713622	-999	-999	-999	25.3579135
29-01-2008	61.6	0.333334664	24.2587	21.4428	0.937136215	-999	-999	-999	22.5079135
30-01-2008	61	1.658751027	25.6181	21.637	7.337136215	-999	-999	-999	23.3079135
31-01-2008	31.4	3.540629018	26.6862	22.1225	16.24713622	-999	-999	-999	24.1079135
01-02-2008	2	4.081137044	30.8615	22.5109	18.16920301	-999	-999	-999	26.512545
02-02-2008	0	4.703093568	28.8224	21.5399	21.52920301	-999	-999	-999	24.962545
03-02-2008	0	5.605721633	28.7253	19.3066	26.26920301	-999	-999	-999	23.762545
04-02-2008	1	1.641532481	26.7833	21.2486	7.199203014	-999	-999	-999	23.762545
05-02-2008	8.8	2.795798574	29.0166	22.1225	12.43920301	-999	-999	-999	25.362545
06-02-2008	1.6	4.140246758	29.0166	21.3457	18.86920301	-999	-999	-999	24.962545
07-02-2008	28	5.188156719	28.7253	21.0544	23.92920301	-999	-999	-999	24.662545
08-02-2008	0	4.816296299	27.8514	19.695	22.55920301	-999	-999	-999	23.512545
09-02-2008	11.6	3.112805689	28.3369	18.8211	14.37920301	-999	-999	-999	23.312545
10-02-2008	0.4	4.209663775	27.6572	20.0834	19.59920301	-999	-999	-999	23.612545
11-02-2008	11.8	3.818475468	28.0456	20.5689	17.58920301	-999	-999	-999	24.062545
12-02-2008	6	3.997859933	28.3369	21.4428	18.27920301	-999	-999	-999	24.662545
13-02-2008	3.2	5.104541917	28.7253	21.3457	23.47920301	-999	-999	-999	24.812545
14-02-2008	20	3.809368191	27.9485	20.5689	17.55920301	-999	-999	-999	24.012545
15-02-2008	75.6	1.439726592	23.9674	20.4718	6.429203014	-999	-999	-999	21.912545
16-02-2008	50.2	1.30301411	25.521	21.9283	5.599203014	-999	-999	-999	23.462545
17-02-2008	19	1.423036951	25.521	21.9283	6.179203014	-999	-999	-999	23.462545
18-02-2008	24	3.209636236	28.434	20.4718	14.63920301	-999	-999	-999	24.212545
19-02-2008	12.6	1.761348864	25.521	20.666	7.899203014	-999	-999	-999	22.812545
20-02-2008	0.8	4.963710757	28.0456	19.4037	23.28920301	-999	-999	-999	23.462545
21-02-2008	0	4.457124888	28.9195	20.8602	20.45920301	-999	-999	-999	24.662545
22-02-2008	0	5.427653378	29.405	21.3457	24.87920301	-999	-999	-999	25.162545
23-02-2008	66.6	1.13000487	25.7152	19.9863	4.839203014	-999	-999	-999	22.562545
24-02-2008	104.4	1.194910181	27.463	21.0544	5.029203014	-999	-999	-999	24.012545
25-02-2008	23.8	2.675258779	28.434	21.0544	12.02920301	-999	-999	-999	24.512545
26-02-2008	1.4	2.667371861	28.2398	20.8602	12.02920301	-999	-999	-999	24.312545
27-02-2008	6.6	4.65156242	29.2108	19.695	21.52920301	-999	-999	-999	24.212545
28-02-2008	3	5.159371649	28.1427	20.3747	24.02920301	-999	-999	-999	24.012545
29-02-2008	0	3.898676184	28.434	19.7921	18.02920301	-999	-999	-999	23.862545
01-03-2008	8.8	4.840322381	27.8514	20.666	22.49257637	-999	-999	-999	24.0343745
02-03-2008	0.2	4.686255585	28.0456	19.1124	21.99257637	-999	-999	-999	23.3343745
03-03-2008	0.6	4.847540088	27.8514	20.8602	22.49257637	-999	-999	-999	24.1343745
04-03-2008	20.6	3.553024319	27.2688	19.9863	16.49257637	-999	-999	-999	23.3843745
05-03-2008	0.2	4.600402806	27.8514	19.7921	21.49257637	-999	-999	-999	23.5843745
06-03-2008	0.4	4.340984214	28.0456	20.0834	20.16257637	-999	-999	-999	23.8343745
07-03-2008	3.6	4.74677943	28.0456	20.0834	22.11257637	-999	-999	-999	23.8343745
08-03-2008	2.8	4.631633994	28.0456	20.1805	21.54257637	-999	-999	-999	23.8843745
09-03-2008	6.2	4.512021583	27.3659	19.3066	21.23257637	-999	-999	-999	23.0843745
10-03-2008	4.4	5.046960719	27.8514	18.8211	23.83257637	-999	-999	-999	23.0843745
11-03-2008	20.2	4.811592762	27.2688	19.1124	22.74257637	-999	-999	-999	22.9343745
12-03-2008	24.6	3.75309233	26.9775	19.0153	17.64257637	-999	-999	-999	22.7343745
13-03-2008	50.8	2.34015517	26.2007	19.3066	10.78257637	-999	-999	-999	22.4843745
14-03-2008	209.8	1.268978065	25.4239	19.9863	5.532576373	-999	-999	-999	22.4343745
15-03-2008	10.4	3.031679094	27.6572	19.4037	13.99257637	-999	-999	-999	23.2843745
16-03-2008	1	4.633972211	28.7253	20.5689	21.37257637	-999	-999	-999	24.4343745
17-03-2008	1.2	4.627673222	29.3079	19.9863	21.34257637	-999	-999	-999	24.4343745
18-03-2008	8.4	1.608650348	25.2297	19.9863	7.212576373	-999	-999	-999	22.3343745
19-03-2008	4.6	3.637714119	26.9775	20.8602	16.82257637	-999	-999	-999	23.6843745
20-03-2008	1.4	4.547461627	28.1427	20.9573	20.99257637	-999	-999	-999	24.3343745
21-03-2008	0	4.719262539	28.1427	20.3747	21.91257637	-999	-999	-999	24.0343745
22-03-2008	19.6	3.892725822	28.434	19.5979	18.02257637	-999	-999	-999	23.7843745
23-03-2008	37.8	2.521191988	26.7833	21.8312	11.37257637	-999	-999	-999	24.0843745
24-03-2008	32.8	3.549152076	28.1427	22.1225	16.08257637	-999	-999	-999	24.9343745
25-03-2008	53	1.216388231	24.1616	20.666	5.302576373	-999	-999	-999	22.1343745
26-03-2008	14.2	2.149690042	26.8804	21.2486	9.632576373	-999	-999	-999	23.8343745
27-03-2008	0	4.332962553	28.0456	19.5979	20.20257637	-999	-999	-999	23.5843745
28-03-2008	0	4.197440906	29.2108	19.5008	19.38257637	-999	-999	-999	24.1343745
29-03-2008	0	3.806930073	28.5311	17.753	17.86257637	-999	-999	-999	22.8843745
30-03-2008	6	2.953470118	26.6862	18.0443	13.88257637	-999	-999	-999	22.0843745
31-03-2008	0.4	3.335350905	26.8804	16.782	15.91257637	-999	-999	-999	21.5343745
01-04-2008	0	4.008234808	27.463	17.0733	19.12210527	-999	-999	-999	21.980332
02-04-2008	0.6	4.218083067	27.8514	18.0443	19.93210527	-999	-999	-999	22.680332
03-04-2008	0	3.777801053	28.2398	19.5008	17.51210527	-999	-999	-999	23.630332
04-04-2008	0.8	3.470068631	28.6282	22.0254	15.66210527	-999	-999	-999	25.130332
05-04-2008	0	2.884615687	28.2398	20.8602	13.06210527	-999	-999	-999	24.330332
06-04-2008	0.2	4.057044856	28.2398	20.4718	18.71210527	-999	-999	-999	24.130332
07-04-2008	0	4.080768901	27.1717	20.1805	19.03210527	-999	-999	-999	23.430332
08-04-2008	0	4.140532725	27.0746	19.8892	19.38210527	-999	-999	-999	23.230332
09-04-2008	0	4.102065623	27.463	17.4617	19.52210527	-999	-999	-999	22.180332
10-04-2008	2.6	4.031869866	27.8514	19.9863	18.72210527	-999	-999	-999	23.680332
11-04-2008	0	3.969492962	27.0746	19.695	18.58210527	-999	-999	-999	23.130332
12-04-2008	0	2.643203034	27.6572	19.7921	12.07210527	-999	-999	-999	23.480332
13-04-2008	0	3.976798154	27.1717	19.3066	18.66210527	-999	-999	-999	22.980332
14-04-2008	0	3.792426891	27.8514	18.9182	17.72210527	-999	-999	-999	23.130332
15-04-2008	0.8	3.781309836	27.463	19.695	17.61210527	-999	-999	-999	23.330332
16-04-2008	0	3.947805723	27.463	19.4037	18.46210527	-999	-999	-999	23.180332
17-04-2008	0.6	3.468968858	27.9485	18.1414	16.24210527	-999	-999	-999	22.780332
18-04-2008	0	3.574831783	28.434	17.8501	16.73210527	-999	-999	-999	22.880332
19-04-2008	0	3.852845216	27.5601	18.6269	18.10210527	-999	-999	-999	22.830332
20-04-2008	9.2	1.475114706	24.6471	20.4718	6.562105267	-999	-999	-999	22.280332
21-04-2008	0.6	3.47129984	27.7543	20.0834	16.02210527	-999	-999	-999	23.680332
22-04-2008	0.2	3.701756406	27.5601	20.2776	17.13210527	-999	-999	-999	23.680332
23-04-2008	0	3.684323028	27.463	18.9182	17.25210527	-999	-999	-999	22.930332
24-04-2008	0	3.336188869	27.8514	16.5878	15.81210527	-999	-999	-999	21.930332
25-04-2008	0.2	3.225582051	26.5891	17.9472	15.25210527	-999	-999	-999	21.980332
26-04-2008	0.4	3.384796846	27.48242	17.77242	15.94210527	-999	-999	-999	22.350332
27-04-2008	0	3.627112571	27.6572	19.5979	16.85210527	-999	-999	-999	23.380332
28-04-2008	0	3.527176098	27.8514	16.9762	16.70210527	-999	-999	-999	22.130332
29-04-2008	0	2.75190462	26.2978	16.9762	13.05210527	-999	-999	-999	21.330332
30-04-2008	0	2.929444416	27.7543	15.9081	13.89210527	-999	-999	-999	21.530332
01-05-2008	0	3.536941458	27.8514	17.9472	16.62043167	-999	-999	-999	22.6073475
02-05-2008	0	3.495188343	27.3659	16.6849	16.66043167	-999	-999	-999	21.7073475
03-05-2008	9.8	2.767516091	26.5891	18.1414	12.97043167	-999	-999	-999	22.0573475
04-05-2008	0	2.92530717	26.6862	18.724	13.67043167	-999	-999	-999	22.4073475
05-05-2008	0	3.205855259	25.6181	16.5878	15.47043167	-999	-999	-999	20.7573475
06-05-2008	0	2.952665491	25.7152	17.72387	14.04043167	-999	-999	-999	21.3923475
07-05-2008	3.8	2.652064541	25.8123	17.1704	12.59043167	-999	-999	-999	21.1573475
08-05-2008	41.4	1.698806517	24.7442	18.4327	7.800431668	-999	-999	-999	21.2573475
09-05-2008	2	2.223760907	26.6862	18.4327	10.25043167	-999	-999	-999	22.2573475
10-05-2008	8.2	2.110800726	24.55	19.2095	9.810431668	-999	-999	-999	21.5573475
11-05-2008	0	2.709648241	26.3949	19.2095	12.59043167	-999	-999	-999	22.5073475
12-05-2008	0	2.959461138	26.3949	19.5979	13.77043167	-999	-999	-999	22.7073475
13-05-2008	0	3.03287641	27.0746	18.2385	14.21043167	-999	-999	-999	22.3573475
14-05-2008	2.8	1.245895718	24.55	17.9472	5.570431668	-999	-999	-999	20.9073475
15-05-2008	0.6	2.639121393	26.6862	15.7139	12.59043167	-999	-999	-999	20.8573475
16-05-2008	0	2.776596877	25.63752	17.12185	13.24043167	-999	-999	-999	21.0423475
17-05-2008	0	2.876202648	25.63752	17.12185	13.74043167	-999	-999	-999	21.0423475
18-05-2008	0	2.994263606	25.7152	17.9472	14.22043167	-999	-999	-999	21.5073475
19-05-2008	0	2.71482835	25.6181	16.8791	12.96043167	-999	-999	-999	20.9073475
20-05-2008	0	2.609005649	25.2297	15.1313	12.67043167	-999	-999	-999	19.8073475
21-05-2008	0	2.039042468	23.6761	14.6458	9.940431668	-999	-999	-999	18.7573475
22-05-2008	0	2.600431552	24.8413	15.2284	12.66043167	-999	-999	-999	19.6573475
23-05-2008	0	2.973620909	26.1036	13.869	14.59043167	-999	-999	-999	19.6073475
24-05-2008	0	2.889796753	23.8703	15.0342	14.30043167	-999	-999	-999	19.0573475
25-05-2008	0.2	3.022925067	24.0645	15.7139	14.87043167	-999	-999	-999	19.5073475
26-05-2008	0.4	2.887414116	23.6761	13.3835	14.54043167	-999	-999	-999	18.1073475
27-05-2008	0	2.521864599	24.55	16.1994	12.18043167	-999	-999	-999	20.0073475
28-05-2008	5	3.007941532	23.2877	14.6458	15.05043167	-999	-999	-999	18.5573475
29-05-2008	28	2.429635832	23.2877	15.811	11.89043167	-999	-999	-999	19.1573475
30-05-2008	121.4	1.293566693	23.3848	16.9762	5.930431668	-999	-999	-999	19.8073475
31-05-2008	14.6	1.979157081	24.3558	15.811	9.460431668	-999	-999	-999	19.7073475
01-06-2008	1.8	2.520089507	26.0065	16.4907	11.98799054	-999	-999	-999	20.872351
02-06-2008	0	2.950570911	25.4239	15.7139	14.32799054	-999	-999	-999	20.172351
03-06-2008	0.2	1.718499576	26.5891	13.1893	8.157990544	-999	-999	-999	19.472351
04-06-2008	0.2	2.888353699	24.7442	15.7139	14.09799054	-999	-999	-999	19.822351
05-06-2008	16.4	2.675927288	24.3558	13.2864	13.35799054	-999	-999	-999	18.372351
06-06-2008	41.2	2.691098566	23.4819	16.3936	13.15799054	-999	-999	-999	19.522351
07-06-2008	63.8	1.348665217	21.1515	16.0052	6.417990544	-999	-999	-999	18.122351
08-06-2008	30	1.31892361	25.4239	16.782	5.957990544	-999	-999	-999	20.722351
09-06-2008	0	2.872582358	25.2297	16.9762	13.79799054	-999	-999	-999	20.722351
10-06-2008	0	2.956487811	25.7152	15.811	14.30799054	-999	-999	-999	20.372351
11-06-2008	0.2	2.449632359	23.4819	14.2574	12.15799054	-999	-999	-999	18.422351
12-06-2008	0.6	2.481399459	22.3167	12.3154	12.70799054	-999	-999	-999	16.822351
13-06-2008	4	2.329549441	22.9964	16.3936	11.34799054	-999	-999	-999	19.272351
14-06-2008	0.4	2.154018325	22.7051	16.0052	10.50799054	-999	-999	-999	18.922351
15-06-2008	12.2	2.101812362	22.8993	16.1023	10.20799054	-999	-999	-999	19.072351
16-06-2008	1.4	2.569360456	22.9964	16.3936	12.58799054	-999	-999	-999	19.272351
17-06-2008	0	2.74704464	23.579	16.6849	13.39799054	-999	-999	-999	19.722351
18-06-2008	0	2.854189629	23.2877	13.6748	14.38799054	-999	-999	-999	18.022351
19-06-2008	0	2.111799946	20.2776	12.5096	10.91799054	-999	-999	-999	15.872351
20-06-2008	5.6	1.97016222	20.9573	14.5487	9.857990544	-999	-999	-999	17.272351
21-06-2008	2	2.518939265	22.1225	14.7429	12.62799054	-999	-999	-999	17.972351
22-06-2008	2.8	1.840419075	21.7341	15.811	8.977990544	-999	-999	-999	18.322351
23-06-2008	6.4	1.731534637	21.7341	15.4226	8.437990544	-999	-999	-999	18.122351
24-06-2008	2.8	1.536577219	22.5109	15.6168	7.337990544	-999	-999	-999	18.622351
25-06-2008	0	2.87485637	24.2587	17.0733	13.91799054	-999	-999	-999	20.272351
26-06-2008	0.6	2.6186394	23.9674	15.7139	12.80799054	-999	-999	-999	19.422351
27-06-2008	2	2.300652534	23.1906	16.4907	11.16799054	-999	-999	-999	19.422351
28-06-2008	0	2.802376295	23.579	16.0052	13.76799054	-999	-999	-999	19.372351
29-06-2008	0	2.789369478	23.1906	14.6458	13.92799054	-999	-999	-999	18.472351
30-06-2008	0	2.82706083	23.1906	13.6748	14.25799054	-999	-999	-999	17.972351
01-07-2008	0	2.800152722	22.7051	14.2574	14.11300986	-999	-999	-999	17.9822725
02-07-2008	0	2.611787748	24.1616	13.3835	13.04300986	-999	-999	-999	18.2822725
03-07-2008	0	2.540739743	23.8703	13.4806	12.69300986	-999	-999	-999	18.1822725
04-07-2008	0	2.820949899	23.6761	13.2864	14.22300986	-999	-999	-999	17.9822725
05-07-2008	0	2.858188098	23.579	14.4516	14.27300986	-999	-999	-999	18.5322725
06-07-2008	0	2.792124716	23.3848	15.1313	13.86300986	-999	-999	-999	18.7822725
07-07-2008	0	2.117910372	23.9674	15.7139	10.23300986	-999	-999	-999	19.3822725
08-07-2008	0	2.417007085	23.1906	15.7139	11.86300986	-999	-999	-999	18.9822725
09-07-2008	0	2.663615692	24.0645	15.4226	13.07300986	-999	-999	-999	19.2822725
10-07-2008	0.6	2.864406026	23.7732	16.0052	14.07300986	-999	-999	-999	19.4322725
11-07-2008	0	3.00422512	25.521	15.2284	14.66300986	-999	-999	-999	19.9322725
12-07-2008	0	2.892436279	24.7442	12.7038	14.53300986	-999	-999	-999	18.2322725
13-07-2008	0	2.833763295	22.9964	13.0922	14.41300986	-999	-999	-999	17.5322725
14-07-2008	28.2	2.608465505	24.1616	13.9661	12.95300986	-999	-999	-999	18.5822725
15-07-2008	17	2.861899872	22.3167	16.0052	14.25300986	-999	-999	-999	18.6822725
16-07-2008	5	2.718331196	22.4138	15.9081	13.50300986	-999	-999	-999	18.6822725
17-07-2008	20.8	1.976922582	21.637	15.9081	9.703009862	-999	-999	-999	18.2822725
18-07-2008	1.4	2.574898485	22.5109	15.3255	12.81300986	-999	-999	-999	18.4322725
19-07-2008	8	2.981175295	22.0254	14.6458	15.11300986	-999	-999	-999	17.8322725
20-07-2008	0	1.910635503	20.3747	14.4516	9.613009862	-999	-999	-999	16.8822725
21-07-2008	0.4	2.817567636	21.7341	14.4516	14.31300986	-999	-999	-999	17.5822725
22-07-2008	4	2.624303556	21.7341	13.7719	13.37300986	-999	-999	-999	17.2322725
23-07-2008	3	2.189433685	20.7631	14.5487	11.06300986	-999	-999	-999	17.1322725
24-07-2008	1	2.780543987	21.9283	15.2284	13.98300986	-999	-999	-999	18.0822725
25-07-2008	12	2.042059958	21.0544	15.811	10.11300986	-999	-999	-999	17.9322725
26-07-2008	3.6	2.092774227	21.8312	15.9081	10.29300986	-999	-999	-999	18.3822725
27-07-2008	9	1.858388317	20.7631	15.4226	9.203009862	-999	-999	-999	17.5822725
28-07-2008	8.6	1.907002057	22.2196	15.1313	9.353009862	-999	-999	-999	18.1822725
29-07-2008	5.8	2.910524194	22.608	14.4516	14.68300986	-999	-999	-999	18.0322725
30-07-2008	3.2	3.065489779	22.8022	14.4516	15.47300986	-999	-999	-999	18.1322725
31-07-2008	4.4	3.160057584	22.8993	15.811	15.75300986	-999	-999	-999	18.8822725
01-08-2008	1.6	2.81324338	23.9674	16.1023	13.78151058	-999	-999	-999	19.544042
02-08-2008	4.4	3.150239132	23.8703	15.811	15.57151058	-999	-999	-999	19.344042
03-08-2008	2	1.927157763	22.8993	15.811	9.341510584	-999	-999	-999	18.844042
04-08-2008	0	2.90724301	23.4819	12.7038	14.80151058	-999	-999	-999	17.544042
05-08-2008	0	3.137106896	22.9964	13.869	15.92151058	-999	-999	-999	17.894042
06-08-2008	0	3.199180285	23.6761	14.7429	16.01151058	-999	-999	-999	18.694042
07-08-2008	0	3.203009572	23.8703	14.5487	16.03151058	-999	-999	-999	18.694042
08-08-2008	0.6	2.300312487	24.6471	16.1023	11.07151058	-999	-999	-999	19.894042
09-08-2008	3.4	2.096387982	25.521	17.8501	9.791510584	-999	-999	-999	21.244042
10-08-2008	1	2.719676616	25.1326	17.2675	13.02151058	-999	-999	-999	20.744042
11-08-2008	0	2.867006174	24.0645	15.5197	14.12151058	-999	-999	-999	19.294042
12-08-2008	0	3.195530956	22.4138	14.2574	16.26151058	-999	-999	-999	17.794042
13-08-2008	0	3.146844793	23.1906	14.9371	15.78151058	-999	-999	-999	18.544042
14-08-2008	1.2	3.253942422	23.8703	15.7139	16.12151058	-999	-999	-999	19.294042
15-08-2008	1.2	2.755487787	22.8022	16.1023	13.63151058	-999	-999	-999	18.944042
16-08-2008	1	2.06062716	22.0254	15.7139	10.13151058	-999	-999	-999	18.344042
17-08-2008	17	3.432388467	23.7732	15.1313	17.15151058	-999	-999	-999	18.944042
18-08-2008	3.4	1.42927372	20.8602	15.6168	6.901510584	-999	-999	-999	17.694042
19-08-2008	0	3.331427749	22.9964	12.898	17.11151058	-999	-999	-999	17.394042
20-08-2008	0	2.71643359	23.7732	13.4806	13.64151058	-999	-999	-999	18.094042
21-08-2008	0	2.943174685	22.9964	11.927	15.18151058	-999	-999	-999	16.894042
22-08-2008	0	1.641978473	20.7631	12.9951	8.261510584	-999	-999	-999	16.294042
23-08-2008	0	2.996863756	22.2196	12.3154	15.53151058	-999	-999	-999	16.694042
24-08-2008	13	3.329176694	23.8703	16.1023	16.45151058	-999	-999	-999	19.494042
25-08-2008	2.6	3.529323282	23.7732	16.3936	17.45151058	-999	-999	-999	19.594042
26-08-2008	27.8	1.907738064	21.2486	16.782	9.301510584	-999	-999	-999	18.494042
27-08-2008	10.8	1.489993339	19.5979	16.782	7.231510584	-999	-999	-999	17.644042
28-08-2008	0	3.698392764	22.9964	15.811	18.55151058	-999	-999	-999	18.894042
29-08-2008	0	3.73392096	23.2877	15.0342	18.82151058	-999	-999	-999	18.644042
30-08-2008	1.2	3.486754797	22.8022	16.4907	17.37151058	-999	-999	-999	19.144042
31-08-2008	0.8	3.433054128	24.4529	15.6168	16.97151058	-999	-999	-999	19.544042
01-09-2008	2.4	3.719472259	23.8703	15.4226	18.58730667	-999	-999	-999	19.1145895
02-09-2008	1.8	1.205887528	23.4819	16.4907	5.517306671	-999	-999	-999	19.4645895
03-09-2008	0	3.740688025	23.7732	15.5197	18.69730667	-999	-999	-999	19.1145895
04-09-2008	9.4	3.167591038	24.1616	14.6458	15.79730667	-999	-999	-999	18.8645895
05-09-2008	7.6	3.651007058	24.6471	16.6849	17.89730667	-999	-999	-999	20.1645895
06-09-2008	1	3.628823076	23.6761	15.6168	18.11730667	-999	-999	-999	19.1145895
07-09-2008	1.8	3.852305514	24.6471	15.0342	19.20730667	-999	-999	-999	19.3145895
08-09-2008	0	3.419136206	24.55	16.9762	16.68730667	-999	-999	-999	20.2645895
09-09-2008	1.2	3.942065558	24.6471	17.753	19.19730667	-999	-999	-999	20.7145895
10-09-2008	13.2	3.512242039	25.4239	16.782	17.05730667	-999	-999	-999	20.6145895
11-09-2008	7.4	3.574744277	23.579	16.1994	17.75730667	-999	-999	-999	19.3645895
12-09-2008	1.6	1.334590952	20.7631	16.3936	6.357306671	-999	-999	-999	18.0145895
13-09-2008	0	3.743234984	23.6761	15.5197	18.72730667	-999	-999	-999	19.0645895
14-09-2008	4.8	2.500909805	24.55	13.4806	12.41730667	-999	-999	-999	18.4645895
15-09-2008	18.6	3.741233528	23.8703	16.1994	18.56730667	-999	-999	-999	19.5145895
16-09-2008	20	2.231967269	21.2486	16.6849	11.01730667	-999	-999	-999	18.4145895
17-09-2008	0	2.932812958	24.55	18.6269	14.00730667	-999	-999	-999	21.1145895
18-09-2008	0.2	3.195623382	24.55	17.0733	15.53730667	-999	-999	-999	20.3145895
19-09-2008	3	1.38932721	23.2877	16.2965	6.487306671	-999	-999	-999	19.2645895
20-09-2008	2.4	3.495799197	24.2587	18.5298	16.88730667	-999	-999	-999	20.9145895
21-09-2008	0.6	4.116824216	24.4529	17.1704	20.21730667	-999	-999	-999	20.3145895
22-09-2008	0.2	3.0804238	24.3558	16.4907	15.05730667	-999	-999	-999	19.9145895
23-09-2008	3.4	3.880649662	24.8413	15.6168	19.21730667	-999	-999	-999	19.7145895
24-09-2008	6	2.957003286	22.608	16.5878	14.64730667	-999	-999	-999	19.0645895
25-09-2008	6.4	3.06333163	24.3558	16.8791	14.91730667	-999	-999	-999	20.1145895
26-09-2008	8.6	3.797512454	24.6471	16.782	18.62730667	-999	-999	-999	20.2145895
27-09-2008	5.8	3.504737799	23.7732	17.2675	17.19730667	-999	-999	-999	20.0145895
28-09-2008	4.6	3.996753167	24.9384	16.6849	19.60730667	-999	-999	-999	20.3145895
29-09-2008	10.6	1.733749574	20.666	16.4907	8.467306671	-999	-999	-999	18.0145895
30-09-2008	7.4	3.057446194	24.7442	16.4907	14.88730667	-999	-999	-999	20.1145895
01-10-2008	0.8	3.843464022	24.7442	16.5878	18.88200508	-999	-999	-999	20.150845
02-10-2008	2	2.684810598	24.55	16.0052	13.07200508	-999	-999	-999	19.750845
03-10-2008	1.6	4.243051087	24.8413	17.1704	20.79200508	-999	-999	-999	20.500845
04-10-2008	2.2	3.88333896	22.8022	17.8501	19.20200508	-999	-999	-999	19.800845
05-10-2008	1.2	4.465529943	26.0065	16.8791	21.75200508	-999	-999	-999	20.950845
06-10-2008	6	4.43654973	25.9094	16.1023	21.77200508	-999	-999	-999	20.500845
07-10-2008	4.8	4.191081386	23.9674	16.2965	20.85200508	-999	-999	-999	19.600845
08-10-2008	0.2	4.224847111	24.3558	16.2965	20.95200508	-999	-999	-999	19.800845
09-10-2008	0	3.745690583	24.9384	16.1023	18.43200508	-999	-999	-999	20.000845
10-10-2008	0	2.246811269	24.2587	19.1124	10.55200508	-999	-999	-999	21.200845
11-10-2008	6	2.560380059	23.6761	19.695	12.12200508	-999	-999	-999	21.200845
12-10-2008	2	1.049655967	21.0544	18.5298	4.73200508	-999	-999	-999	19.250845
13-10-2008	0	4.77981677	23.8703	17.4617	23.65200508	-999	-999	-999	20.150845
14-10-2008	0.8	3.548035554	24.4529	17.5588	17.27200508	-999	-999	-999	20.500845
15-10-2008	0.8	2.56456913	22.8993	15.811	12.67200508	-999	-999	-999	18.800845
16-10-2008	0	4.803674273	25.1326	16.5878	23.69200508	-999	-999	-999	20.350845
17-10-2008	0	4.280856882	24.8413	17.5588	20.91200508	-999	-999	-999	20.700845
18-10-2008	0.2	4.683283554	25.3268	16.782	23.00200508	-999	-999	-999	20.550845
19-10-2008	0.4	4.650335939	25.2297	17.753	22.66200508	-999	-999	-999	21.000845
20-10-2008	0	4.52600999	25.3268	17.2675	22.11200508	-999	-999	-999	20.800845
21-10-2008	0	4.787199373	25.1326	18.3356	23.25200508	-999	-999	-999	21.250845
22-10-2008	0	4.376551648	25.4239	18.6269	21.09200508	-999	-999	-999	21.550845
23-10-2008	19.4	0.818475375	22.608	18.724	3.47200508	-999	-999	-999	20.150845
24-10-2008	0.2	4.277059323	24.3558	18.8211	20.75200508	-999	-999	-999	21.100845
25-10-2008	0	3.799897317	25.2297	18.4327	18.28200508	-999	-999	-999	21.350845
26-10-2008	0	2.509562249	24.55	17.5588	12.00200508	-999	-999	-999	20.550845
27-10-2008	0	4.96107869	25.7152	17.6559	24.14200508	-999	-999	-999	21.200845
28-10-2008	0	3.61795886	26.1036	18.2385	17.27200508	-999	-999	-999	21.700845
29-10-2008	0	3.203269852	25.8123	17.8501	15.30200508	-999	-999	-999	21.350845
30-10-2008	0	5.016522845	26.5891	16.2965	24.52200508	-999	-999	-999	20.950845
31-10-2008	0	4.816714836	25.6181	18.2385	23.32200508	-999	-999	-999	21.450845
01-11-2008	0	3.616576828	27.1717	18.5298	17.06500577	-999	-999	-999	22.4097385
02-11-2008	0.2	4.728005938	26.2978	18.9182	22.61500577	-999	-999	-999	22.1597385
03-11-2008	0.6	4.700543793	26.2007	19.3066	22.42500577	-999	-999	-999	22.3097385
04-11-2008	3.2	4.453988158	26.5891	19.0153	21.19500577	-999	-999	-999	22.3597385
05-11-2008	0	3.464101385	24.4529	18.4327	16.71500577	-999	-999	-999	20.9597385
06-11-2008	0	5.127380539	26.5891	17.8501	24.74500577	-999	-999	-999	21.7597385
07-11-2008	0	2.415271119	25.6181	18.2385	11.34500577	-999	-999	-999	21.4597385
08-11-2008	0	4.61514354	27.463	17.0733	22.18500577	-999	-999	-999	21.8097385
09-11-2008	0	5.13731927	29.1137	16.8791	24.47500577	-999	-999	-999	22.5597385
10-11-2008	5.8	3.689670395	26.6862	15.7139	17.92500577	-999	-999	-999	20.7097385
11-11-2008	1	3.69371238	26.1036	18.0443	17.67500577	-999	-999	-999	21.6097385
12-11-2008	0	4.096540423	26.2007	17.8501	19.69500577	-999	-999	-999	21.5597385
13-11-2008	0	4.299209636	26.7833	16.5878	20.82500577	-999	-999	-999	21.2097385
14-11-2008	1.2	4.785867551	26.8804	17.9472	22.97500577	-999	-999	-999	21.9597385
15-11-2008	0	5.03457	27.3659	16.3936	24.42500577	-999	-999	-999	21.4097385
16-11-2008	0	5.036262376	28.1427	19.2095	23.71500577	-999	-999	-999	23.2597385
17-11-2008	0	4.763888389	27.463	17.9472	22.75500577	-999	-999	-999	22.2597385
18-11-2008	0	5.112362637	27.9485	19.5008	24.06500577	-999	-999	-999	23.3097385
19-11-2008	0	3.461139859	26.3949	18.9182	16.35500577	-999	-999	-999	22.2097385
20-11-2008	2	2.817829933	27.0746	19.5979	13.03500577	-999	-999	-999	22.9097385
21-11-2008	8.6	1.496659048	23.2877	20.0834	6.795005766	-999	-999	-999	21.2097385
22-11-2008	0	5.244623821	27.463	19.8892	24.72500577	-999	-999	-999	23.2597385
23-11-2008	1.6	4.512218065	27.463	19.5979	21.22500577	-999	-999	-999	23.1097385
24-11-2008	0	5.253106038	27.9485	20.4718	24.55500577	-999	-999	-999	23.8097385
25-11-2008	0	4.987675745	28.2398	18.8211	23.53500577	-999	-999	-999	23.1097385
26-11-2008	0	5.085892646	26.9775	19.3066	24.16500577	-999	-999	-999	22.7097385
27-11-2008	0	2.421107721	26.9775	18.9182	11.17500577	-999	-999	-999	22.5097385
28-11-2008	0	3.475955746	25.4239	19.695	16.45500577	-999	-999	-999	22.1097385
29-11-2008	12.4	5.202469495	28.2398	19.5979	24.42500577	-999	-999	-999	23.5097385
30-11-2008	34.8	1.609778802	24.2587	20.5689	7.265005766	-999	-999	-999	21.9597385
01-12-2008	1.4	1.212128575	24.6471	19.7921	5.31350168	-999	-999	-999	21.7982
02-12-2008	0	2.561233101	25.521	19.3066	11.96350168	-999	-999	-999	21.9982
03-12-2008	0	2.909762214	26.92895	17.753	13.70350168	-999	-999	-999	21.9232
04-12-2008	0	4.153279687	26.0065	18.8211	19.83350168	-999	-999	-999	21.9982
05-12-2008	0	5.144553665	27.8514	17.2675	24.67350168	-999	-999	-999	22.1482
06-12-2008	0	5.294286043	28.1427	19.695	24.85350168	-999	-999	-999	23.5482
07-12-2008	0	3.663585545	28.1427	19.695	16.98350168	-999	-999	-999	23.5482
08-12-2008	1.8	5.110126127	28.7253	19.695	23.85350168	-999	-999	-999	23.8482
09-12-2008	7	3.376831373	26.492	19.0153	15.90350168	-999	-999	-999	22.3482
10-12-2008	110.8	3.998134451	27.9485	19.9863	18.58350168	-999	-999	-999	23.5982
11-12-2008	29.4	3.368467351	27.6572	19.5979	15.63350168	-999	-999	-999	23.2482
12-12-2008	6.8	2.663078926	26.492	20.666	12.22350168	-999	-999	-999	23.1982
13-12-2008	0	3.509160279	26.492	19.5979	16.47350168	-999	-999	-999	22.6482
14-12-2008	1.8	5.027943875	27.9485	17.9472	23.94350168	-999	-999	-999	22.5482
15-12-2008	3.2	5.421886064	28.434	20.3747	25.27350168	-999	-999	-999	24.0482
16-12-2008	0	5.326052162	28.3369	20.3747	24.83350168	-999	-999	-999	23.9982
17-12-2008	0.4	5.413793339	28.5311	20.0834	25.27350168	-999	-999	-999	23.9482
18-12-2008	0	4.215207574	28.7253	20.4718	19.43350168	-999	-999	-999	24.2482
19-12-2008	0	5.148732667	28.5311	20.1805	23.98350168	-999	-999	-999	23.9982
20-12-2008	2	4.624307209	29.2108	20.666	21.27350168	-999	-999	-999	24.5982
21-12-2008	0	3.673191457	28.434	20.1805	16.92350168	-999	-999	-999	23.9482
22-12-2008	0.8	5.586704634	28.5311	20.666	25.98350168	-999	-999	-999	24.2482
23-12-2008	0.6	2.862300282	27.2688	21.3457	13.03350168	-999	-999	-999	23.9482
24-12-2008	43	4.946331218	29.0166	20.8602	22.80350168	-999	-999	-999	24.5982
25-12-2008	0.2	5.412190682	28.0456	18.4327	25.70350168	-999	-999	-999	22.8482
26-12-2008	0	5.453738842	28.434	19.695	25.56350168	-999	-999	-999	23.6982
27-12-2008	0	5.375095851	28.7253	19.1124	25.24350168	-999	-999	-999	23.5482
28-12-2008	0	5.443473382	28.8224	19.0153	25.57350168	-999	-999	-999	23.5482
29-12-2008	0	5.389249897	29.1137	21.8312	24.70350168	-999	-999	-999	25.1482
30-12-2008	0	3.886889819	29.405	22.1225	17.54350168	-999	-999	-999	25.4482
31-12-2008	0	5.205278454	29.6963	20.666	23.94350168	-999	-999	-999	24.8482
01-01-2009	0	5.039980294	31.1528	21.0544	22.81713622	-999	-999	-999	25.8579135
02-01-2009	0	3.883786044	30.4731	21.9283	17.39713622	-999	-999	-999	25.9579135
03-01-2009	0	2.362239411	29.1137	21.3457	10.46713622	-999	-999	-999	24.9579135
04-01-2009	0	4.089141384	29.5992	20.666	18.65713622	-999	-999	-999	24.8579135
05-01-2009	3.2	4.813397509	29.7934	21.3457	21.93713622	-999	-999	-999	25.3079135
06-01-2009	0.2	4.212140549	29.7934	21.637	19.06713622	-999	-999	-999	25.4579135
07-01-2009	0.2	3.535333274	29.5021	21.637	15.92713622	-999	-999	-999	25.3079135
08-01-2009	0	3.741111568	28.9195	20.4718	17.12713622	-999	-999	-999	24.4079135
09-01-2009	0.8	3.790708583	29.3079	20.5689	17.29713622	-999	-999	-999	24.6579135
10-01-2009	2.4	3.539827644	29.405	20.8602	16.05713622	-999	-999	-999	24.8579135
11-01-2009	0.4	4.94713547	29.5021	21.0544	22.66713622	-999	-999	-999	25.0079135
12-01-2009	2	5.1976791	29.2108	21.637	23.79713622	-999	-999	-999	25.1579135
13-01-2009	0	4.021124094	28.8224	20.666	18.44713622	-999	-999	-999	24.4579135
14-01-2009	0	4.761150794	27.2688	20.4718	22.27713622	-999	-999	-999	23.5579135
15-01-2009	0	5.000025493	28.434	19.695	23.35713622	-999	-999	-999	23.7579135
16-01-2009	0	5.691963036	30.2789	20.666	26.10713622	-999	-999	-999	25.2079135
17-01-2009	0.4	4.569042802	29.405	21.0544	20.89713622	-999	-999	-999	24.9579135
18-01-2009	15.8	0.205579207	25.2297	21.4428	0.302863785	-999	-999	-999	23.0079135
19-01-2009	10	1.286205519	28.9195	20.7631	5.417136215	-999	-999	-999	24.5579135
20-01-2009	21	5.164196752	28.434	21.4428	23.81713622	-999	-999	-999	24.6579135
21-01-2009	8.6	3.904668328	29.5021	21.5399	17.67713622	-999	-999	-999	25.2579135
22-01-2009	0	3.908227869	29.2108	21.4428	17.74713622	-999	-999	-999	25.0579135
23-01-2009	0	4.13502398	29.7934	21.3457	18.74713622	-999	-999	-999	25.3079135
24-01-2009	0	4.261507802	29.9876	22.8993	19.08713622	-999	-999	-999	26.2079135
25-01-2009	0	4.458115631	29.0166	23.0935	20.11713622	-999	-999	-999	25.8079135
26-01-2009	0	4.608357812	29.1137	21.4428	21.06713622	-999	-999	-999	25.0079135
27-01-2009	0	5.143999896	28.7253	20.9573	23.75713622	-999	-999	-999	24.5579135
28-01-2009	0	5.062205355	29.0166	22.1225	23.10713622	-999	-999	-999	25.3079135
29-01-2009	0	5.505095084	28.8224	22.1225	25.22713622	-999	-999	-999	25.2079135
30-01-2009	0.4	4.82510431	29.405	22.1225	21.92713622	-999	-999	-999	25.5079135
31-01-2009	0	4.938195732	29.6963	20.2776	22.72713622	-999	-999	-999	24.7079135
01-02-2009	0	3.922936019	29.405	20.7631	17.86920301	-999	-999	-999	24.862545
02-02-2009	0.4	4.807895135	29.6963	18.6269	22.37920301	-999	-999	-999	23.912545
03-02-2009	0	4.717905326	29.7934	20.5689	21.59920301	-999	-999	-999	24.962545
04-02-2009	5.4	4.898494348	31.347	19.7921	22.31920301	-999	-999	-999	25.362545
05-02-2009	27.2	2.526317187	27.463	22.7051	11.25920301	-999	-999	-999	24.862545
06-02-2009	2	1.665967303	26.8804	24.4529	7.119203014	-999	-999	-999	25.462545
07-02-2009	17.4	1.218865142	25.6181	22.1225	5.179203014	-999	-999	-999	23.612545
08-02-2009	16.6	1.999833896	26.0065	21.5399	8.959203014	-999	-999	-999	23.512545
09-02-2009	0.4	5.08050896	30.6673	22.7051	22.78920301	-999	-999	-999	26.512545
10-02-2009	0	4.402029712	28.7253	20.666	20.25920301	-999	-999	-999	24.462545
11-02-2009	0	4.638821343	26.7833	20.666	21.71920301	-999	-999	-999	23.462545
12-02-2009	0	4.322661623	27.8514	20.666	20.01920301	-999	-999	-999	24.012545
13-02-2009	0	4.181473492	27.463	21.9283	19.20920301	-999	-999	-999	24.462545
14-02-2009	0	5.113070932	28.8224	21.637	23.44920301	-999	-999	-999	25.012545
15-02-2009	0.2	4.730363816	28.6282	22.5109	21.52920301	-999	-999	-999	25.362545
16-02-2009	0	4.872380233	28.434	22.2196	22.27920301	-999	-999	-999	25.112545
17-02-2009	0	5.338231413	29.1137	21.1515	24.54920301	-999	-999	-999	24.912545
18-02-2009	0	5.279906266	29.1137	21.9283	24.12920301	-999	-999	-999	25.312545
19-02-2009	4.8	4.931756309	29.0166	21.637	22.55920301	-999	-999	-999	25.112545
20-02-2009	0.2	4.967589249	28.7253	21.637	22.77920301	-999	-999	-999	24.962545
21-02-2009	19.2	5.423615556	28.5311	21.4428	25.00920301	-999	-999	-999	24.762545
22-02-2009	14.4	5.233161721	28.1427	20.0834	24.43920301	-999	-999	-999	23.862545
23-02-2009	3.4	5.012482365	27.9485	20.2776	23.37920301	-999	-999	-999	23.862545
24-02-2009	0.2	4.710160292	28.1427	20.7631	21.80920301	-999	-999	-999	24.212545
25-02-2009	0	4.885502675	30.4731	18.1414	22.69920301	-999	-999	-999	24.062545
26-02-2009	0	4.540790951	28.434	19.4037	21.17920301	-999	-999	-999	23.662545
27-02-2009	0	4.228904991	27.8514	18.724	19.87920301	-999	-999	-999	23.012545
28-02-2009	0	4.022233228	27.8514	18.2385	18.94920301	-999	-999	-999	22.762545
01-03-2009	0	4.672510827	27.6572	18.6269	22.08257637	-999	-999	-999	22.8843745
02-03-2009	23.6	3.769279167	28.434	18.2385	17.62257637	-999	-999	-999	23.0843745
03-03-2009	75.2	2.353656325	26.5891	20.8602	10.67257637	-999	-999	-999	23.4843745
04-03-2009	2.2	4.515515001	29.0166	21.0544	20.68257637	-999	-999	-999	24.8343745
05-03-2009	2.4	4.673550077	28.5311	21.8312	21.38257637	-999	-999	-999	24.9843745
06-03-2009	3.8	4.987078173	28.7253	21.2486	22.93257637	-999	-999	-999	24.7843745
07-03-2009	17.8	3.557297151	28.3369	21.4428	16.18257637	-999	-999	-999	24.6843745
08-03-2009	1.8	4.142178118	27.3659	21.0544	19.16257637	-999	-999	-999	23.9843745
09-03-2009	2.8	4.013692795	27.2688	20.3747	18.66257637	-999	-999	-999	23.5843745
10-03-2009	7	3.444095127	27.3659	20.3747	15.90257637	-999	-999	-999	23.6343745
11-03-2009	0	3.747984435	27.6572	20.7631	17.27257637	-999	-999	-999	23.9843745
12-03-2009	2.4	1.011382434	27.463	20.666	4.162576373	-999	-999	-999	23.8343745
13-03-2009	47.4	2.308747916	26.8804	20.3747	10.47257637	-999	-999	-999	23.3843745
14-03-2009	12.8	1.051598379	26.8804	20.5689	4.382576373	-999	-999	-999	23.4843745
15-03-2009	3.8	2.557060664	27.3659	21.0544	11.56257637	-999	-999	-999	23.9843745
16-03-2009	0	3.902266931	27.2688	20.666	18.08257637	-999	-999	-999	23.7343745
17-03-2009	1.4	2.599925595	29.1137	19.8892	11.71257637	-999	-999	-999	24.2843745
18-03-2009	5.4	1.528570678	27.8514	21.4428	6.582576373	-999	-999	-999	24.4343745
19-03-2009	54	0.333615536	23.2877	20.4718	0.962576373	-999	-999	-999	21.5843745
20-03-2009	0.2	4.423893607	29.1137	21.8312	20.11257637	-999	-999	-999	25.2843745
21-03-2009	9.8	4.462050806	29.2108	19.5979	20.63257637	-999	-999	-999	24.1843745
22-03-2009	6.8	4.508640679	29.0166	20.666	20.71257637	-999	-999	-999	24.6343745
23-03-2009	4.2	4.565104812	28.1427	21.3457	21.01257637	-999	-999	-999	24.5343745
24-03-2009	0	4.463271111	28.5311	20.3747	20.62257637	-999	-999	-999	24.2343745
25-03-2009	0	4.073884209	28.434	18.8211	19.01257637	-999	-999	-999	23.3843745
26-03-2009	0	4.185645644	27.7543	19.695	19.52257637	-999	-999	-999	23.4843745
27-03-2009	0	4.076393033	28.7253	19.7921	18.83257637	-999	-999	-999	24.0343745
28-03-2009	0.6	4.275963273	28.2398	21.3457	19.62257637	-999	-999	-999	24.5843745
29-03-2009	29	1.786692229	26.7833	21.7341	7.862576373	-999	-999	-999	24.0343745
30-03-2009	19.4	1.941978621	26.8804	20.8602	8.662576373	-999	-999	-999	23.6343745
31-03-2009	1.8	3.428396617	27.6572	20.666	15.75257637	-999	-999	-999	23.9343745
01-04-2009	0	4.038204605	28.7253	20.666	18.52210527	-999	-999	-999	24.480332
02-04-2009	0	4.241650486	29.5021	21.5399	19.24210527	-999	-999	-999	25.330332
03-04-2009	19.8	2.838159634	29.0166	21.3457	12.71210527	-999	-999	-999	24.980332
04-04-2009	1	2.811170305	28.7253	20.666	12.68210527	-999	-999	-999	24.480332
05-04-2009	112	1.705984322	27.2688	21.637	7.452105267	-999	-999	-999	24.230332
06-04-2009	114	0.333943203	23.7732	21.637	0.942105267	-999	-999	-999	22.430332
07-04-2009	0.8	2.962894443	27.5601	19.3066	13.68210527	-999	-999	-999	23.180332
08-04-2009	12.8	2.085872877	27.3659	21.7341	9.252105267	-999	-999	-999	24.330332
09-04-2009	257.8	0.303156542	23.3848	19.5008	0.822105267	-999	-999	-999	21.130332
10-04-2009	56.2	0.91537536	25.7152	20.666	3.762105267	-999	-999	-999	22.930332
11-04-2009	6.6	3.273076436	28.9195	21.0544	14.81210527	-999	-999	-999	24.780332
12-04-2009	0	2.498628853	27.1717	21.1515	11.29210527	-999	-999	-999	23.930332
13-04-2009	0	3.346265787	26.7833	18.6269	15.73210527	-999	-999	-999	22.430332
14-04-2009	0	3.640166667	27.5601	19.5008	16.94210527	-999	-999	-999	23.280332
15-04-2009	0	4.068316941	26.5891	20.9573	18.94210527	-999	-999	-999	23.530332
16-04-2009	0	4.074471707	27.0746	20.666	18.94210527	-999	-999	-999	23.630332
17-04-2009	0	2.760027095	26.7833	18.9182	12.82210527	-999	-999	-999	22.580332
18-04-2009	2	2.762274725	25.521	20.3747	12.81210527	-999	-999	-999	22.680332
19-04-2009	0	3.391356465	25.6181	19.2095	16.03210527	-999	-999	-999	22.130332
20-04-2009	4.2	3.70770147	27.6572	18.8211	17.35210527	-999	-999	-999	22.980332
21-04-2009	0	3.607825888	28.5311	18.3356	16.81210527	-999	-999	-999	23.180332
22-04-2009	0	3.572780772	28.0456	18.2385	16.72210527	-999	-999	-999	22.880332
23-04-2009	0	3.30630423	25.6181	17.6559	15.82210527	-999	-999	-999	21.330332
24-04-2009	0	2.277309932	23.3848	18.6269	10.80210527	-999	-999	-999	20.680332
25-04-2009	0	3.303179231	24.7442	15.811	16.19210527	-999	-999	-999	19.930332
26-04-2009	22.2	2.036668354	24.3558	19.1124	9.462105267	-999	-999	-999	21.430332
27-04-2009	27.4	2.821920252	25.2297	19.695	13.21210527	-999	-999	-999	22.180332
28-04-2009	8.4	2.559851936	26.6862	19.2095	11.82210527	-999	-999	-999	22.680332
29-04-2009	0	1.169403341	25.4239	19.5979	5.062105267	-999	-999	-999	22.230332
30-04-2009	0	1.934285719	26.2978	19.2095	8.792105267	-999	-999	-999	22.480332
01-05-2009	0	3.367311141	25.521	17.5588	16.16043167	-999	-999	-999	21.2073475
02-05-2009	0	3.291117727	25.2297	16.9762	15.90043167	-999	-999	-999	20.7573475
03-05-2009	0	3.303322263	25.6181	17.1704	15.88043167	-999	-999	-999	21.0573475
04-05-2009	0	3.286381637	26.1036	18.0443	15.61043167	-999	-999	-999	21.7573475
05-05-2009	0	3.336130133	27.2688	16.1994	15.95043167	-999	-999	-999	21.4073475
06-05-2009	0	2.741596021	27.8514	17.1704	12.81043167	-999	-999	-999	22.2073475
07-05-2009	0	3.060387174	27.463	18.1414	14.31043167	-999	-999	-999	22.5073475
08-05-2009	34.4	3.202668742	27.6572	17.8501	15.02043167	-999	-999	-999	22.4573475
09-05-2009	20.4	2.936726632	27.3659	18.5298	13.67043167	-999	-999	-999	22.6573475
10-05-2009	0.2	3.090601337	27.0746	18.4327	14.47043167	-999	-999	-999	22.4573475
11-05-2009	0	3.169379166	27.3659	17.5588	14.93043167	-999	-999	-999	22.1573475
12-05-2009	0.6	2.628015874	27.463	18.9182	12.11043167	-999	-999	-999	22.9073475
13-05-2009	2	0.711067416	22.8022	19.0153	2.900431668	-999	-999	-999	20.5573475
14-05-2009	0	2.650657791	23.579	18.6269	12.67043167	-999	-999	-999	20.7573475
15-05-2009	1.2	2.988929156	24.4529	18.4327	14.29043167	-999	-999	-999	21.1073475
16-05-2009	1.2	3.154907345	24.2587	18.0443	15.20043167	-999	-999	-999	20.8073475
17-05-2009	0	3.213786651	24.4529	17.753	15.51043167	-999	-999	-999	20.7573475
18-05-2009	0	3.13161039	25.521	17.5588	14.98043167	-999	-999	-999	21.2073475
19-05-2009	0	2.964110232	26.3949	15.0342	14.35043167	-999	-999	-999	20.3573475
20-05-2009	0	2.73001042	25.6181	14.7429	13.29043167	-999	-999	-999	19.8073475
21-05-2009	0.2	2.357344257	25.2297	16.5878	11.23043167	-999	-999	-999	20.5573475
22-05-2009	52.4	1.014028856	23.579	17.8501	4.450431668	-999	-999	-999	20.3573475
23-05-2009	7.4	2.606038167	24.1616	18.724	12.37043167	-999	-999	-999	21.1073475
24-05-2009	18.4	1.700046712	24.0645	18.9182	7.820431668	-999	-999	-999	21.1573475
25-05-2009	103	0.187781856	20.5689	19.2095	0.269568333	-999	-999	-999	19.5073475
26-05-2009	0	2.992180264	25.1326	17.1704	14.38043167	-999	-999	-999	20.8073475
27-05-2009	0	2.962518777	26.5891	17.1704	14.05043167	-999	-999	-999	21.5573475
28-05-2009	0	2.470262917	26.8804	15.4226	11.75043167	-999	-999	-999	20.8073475
29-05-2009	8.8	2.667599875	25.7152	18.3356	12.55043167	-999	-999	-999	21.7073475
30-05-2009	2.6	1.645453873	25.2297	18.4327	7.500431668	-999	-999	-999	21.5073475
31-05-2009	5.8	2.596679705	26.0065	17.4617	12.26043167	-999	-999	-999	21.4073475
01-06-2009	0	2.650677772	27.0746	18.8211	12.27799054	-999	-999	-999	22.622351
02-06-2009	0	2.776833789	26.8804	18.6269	12.93799054	-999	-999	-999	22.422351
03-06-2009	15.4	2.781298064	27.8514	17.9472	12.92799054	-999	-999	-999	22.572351
04-06-2009	0	2.539760172	24.6471	17.6559	12.10799054	-999	-999	-999	20.772351
05-06-2009	0	2.66187552	24.0645	17.8501	12.76799054	-999	-999	-999	20.572351
06-06-2009	0	2.916699991	23.7732	16.8791	14.21799054	-999	-999	-999	19.922351
07-06-2009	0	2.907755804	23.579	16.4907	14.24799054	-999	-999	-999	19.622351
08-06-2009	1	2.595143296	24.55	17.6559	12.39799054	-999	-999	-999	20.722351
09-06-2009	0.2	1.594979591	23.6761	17.5588	7.417990544	-999	-999	-999	20.222351
10-06-2009	5.2	2.765749354	23.579	16.9762	13.45799054	-999	-999	-999	19.872351
11-06-2009	12.2	2.087055244	22.8993	16.9762	10.04799054	-999	-999	-999	19.522351
12-06-2009	52.6	2.795459997	23.9674	16.6849	13.59799054	-999	-999	-999	19.922351
13-06-2009	5.6	2.122071946	23.7732	17.2675	10.11799054	-999	-999	-999	20.122351
14-06-2009	0	2.626483569	24.55	17.4617	12.57799054	-999	-999	-999	20.622351
15-06-2009	0	2.799972848	24.0645	15.4226	13.76799054	-999	-999	-999	19.322351
16-06-2009	0	1.783600618	22.9964	15.0342	8.637990544	-999	-999	-999	18.572351
17-06-2009	5.4	1.532752742	22.1225	16.0052	7.317990544	-999	-999	-999	18.622351
18-06-2009	2.2	2.217104115	23.1906	14.4516	10.94799054	-999	-999	-999	18.372351
19-06-2009	0.2	2.714692937	22.8022	16.1994	13.38799054	-999	-999	-999	19.072351
20-06-2009	6.2	1.962915116	22.1225	14.9371	9.667990544	-999	-999	-999	18.072351
21-06-2009	6.2	2.456631246	23.1906	15.9081	12.03799054	-999	-999	-999	19.122351
22-06-2009	11.4	2.775456771	23.4819	16.5878	13.56799054	-999	-999	-999	19.622351
23-06-2009	3.4	1.038703863	22.7051	16.5878	4.677990544	-999	-999	-999	19.222351
24-06-2009	3.2	2.324011145	23.6761	16.1994	11.26799054	-999	-999	-999	19.522351
25-06-2009	19.6	0.796719143	21.5399	16.8791	3.457990544	-999	-999	-999	18.772351
26-06-2009	12.6	2.748503957	25.0355	18.2385	13.04799054	-999	-999	-999	21.272351
27-06-2009	49	2.591028089	23.2877	18.8211	12.38799054	-999	-999	-999	20.672351
28-06-2009	0.6	1.593733643	23.8703	17.8501	7.377990544	-999	-999	-999	20.472351
29-06-2009	3.6	2.8908108	26.2978	16.0052	13.87799054	-999	-999	-999	20.772351
30-06-2009	0.2	0.843887179	23.9674	16.6849	3.617990544	-999	-999	-999	19.922351
01-07-2009	0	2.754861191	22.2196	13.2864	14.07300986	-999	-999	-999	17.2322725
02-07-2009	0	2.229803518	21.7341	15.9081	11.02300986	-999	-999	-999	18.3322725
03-07-2009	0	2.170509105	21.5399	15.3255	10.79300986	-999	-999	-999	17.9322725
04-07-2009	4	2.251015833	21.7341	14.6458	11.27300986	-999	-999	-999	17.6822725
05-07-2009	6	2.326673402	21.0544	14.7429	11.74300986	-999	-999	-999	17.3822725
06-07-2009	1	2.144063692	21.4428	15.4226	10.65300986	-999	-999	-999	17.9322725
07-07-2009	12	2.528492872	21.4428	16.1994	12.59300986	-999	-999	-999	18.3322725
08-07-2009	1.6	0.981345035	21.7341	15.2284	4.493009862	-999	-999	-999	17.9822725
09-07-2009	3	2.068336543	21.5399	15.7139	10.21300986	-999	-999	-999	18.1322725
10-07-2009	2.8	2.729113106	22.1225	15.3255	13.67300986	-999	-999	-999	18.2322725
11-07-2009	5.4	2.900190768	22.0254	16.0052	14.49300986	-999	-999	-999	18.5322725
12-07-2009	7.2	2.867041863	21.637	16.5878	14.29300986	-999	-999	-999	18.6322725
13-07-2009	0.8	1.774182781	21.4428	15.9081	8.653009862	-999	-999	-999	18.1822725
14-07-2009	1.2	2.21972241	21.9283	15.0342	11.04300986	-999	-999	-999	17.9822725
15-07-2009	0.8	2.010634901	22.1225	15.811	9.843009862	-999	-999	-999	18.4822725
16-07-2009	0.8	2.881092896	22.8022	16.4907	14.22300986	-999	-999	-999	19.1822725
17-07-2009	3	2.692246837	23.1906	16.1994	13.23300986	-999	-999	-999	19.2322725
18-07-2009	0.4	2.901178951	24.1616	14.9371	14.35300986	-999	-999	-999	19.0822725
19-07-2009	0.2	1.488891059	21.2486	15.2284	7.213009862	-999	-999	-999	17.7322725
20-07-2009	0	2.95965703	22.1225	16.782	14.68300986	-999	-999	-999	18.9822725
21-07-2009	0	2.523371646	22.2196	16.1994	12.47300986	-999	-999	-999	18.7322725
22-07-2009	16.4	2.746549872	22.7051	15.5197	13.66300986	-999	-999	-999	18.6322725
23-07-2009	17.2	0.951241036	22.608	16.5878	4.233009862	-999	-999	-999	19.1322725
24-07-2009	1.6	2.999866478	24.0645	17.6559	14.51300986	-999	-999	-999	20.4322725
25-07-2009	0.8	3.009509574	24.6471	16.0052	14.70300986	-999	-999	-999	19.8822725
26-07-2009	0.2	2.822996514	23.2877	17.1704	13.77300986	-999	-999	-999	19.7822725
27-07-2009	6	2.966055199	23.7732	15.5197	14.66300986	-999	-999	-999	19.1822725
28-07-2009	8.4	2.878607214	22.1225	17.0733	14.22300986	-999	-999	-999	19.1322725
29-07-2009	0	2.973125948	23.8703	17.2675	14.45300986	-999	-999	-999	20.1322725
30-07-2009	0	3.036112935	23.1906	15.9081	15.05300986	-999	-999	-999	19.0822725
31-07-2009	0	3.122234226	24.3558	17.0733	15.17300986	-999	-999	-999	20.2822725
01-08-2009	0	2.900810122	23.1906	17.2675	14.18151058	-999	-999	-999	19.744042
02-08-2009	0	2.506890233	21.3457	14.6458	12.69151058	-999	-999	-999	17.444042
03-08-2009	0	2.249482923	20.7631	15.811	11.25151058	-999	-999	-999	17.744042
04-08-2009	1.8	2.474928427	22.0254	16.1994	12.25151058	-999	-999	-999	18.594042
05-08-2009	0	2.590979418	21.9283	15.2284	12.99151058	-999	-999	-999	18.044042
06-08-2009	4	2.682831275	22.0254	15.3255	13.45151058	-999	-999	-999	18.144042
07-08-2009	1.2	2.243461332	22.1225	15.811	11.07151058	-999	-999	-999	18.444042
08-08-2009	5.6	2.886475635	22.2196	15.5197	14.47151058	-999	-999	-999	18.344042
09-08-2009	1.8	2.05051061	22.1225	16.1994	10.02151058	-999	-999	-999	18.644042
10-08-2009	4.4	2.895396998	22.2196	15.7139	14.49151058	-999	-999	-999	18.444042
11-08-2009	3.4	3.119032372	22.1225	16.1023	15.62151058	-999	-999	-999	18.594042
12-08-2009	2.6	3.042905302	21.637	15.0342	15.45151058	-999	-999	-999	17.794042
13-08-2009	0	3.205942259	22.5109	15.811	16.06151058	-999	-999	-999	18.644042
14-08-2009	0.4	2.398670478	22.9964	15.3255	11.84151058	-999	-999	-999	18.644042
15-08-2009	0	3.03981614	23.4819	14.1603	15.29151058	-999	-999	-999	18.294042
16-08-2009	0	2.907771612	23.2877	13.9661	14.65151058	-999	-999	-999	18.094042
17-08-2009	3.4	2.89072169	23.7732	13.4806	14.56151058	-999	-999	-999	18.094042
18-08-2009	38.2	2.254191239	23.4819	13.7719	11.20151058	-999	-999	-999	18.094042
19-08-2009	51.2	1.51766988	22.2196	16.5878	7.201510584	-999	-999	-999	18.894042
20-08-2009	3.4	2.608718564	22.3167	15.9081	12.95151058	-999	-999	-999	18.594042
21-08-2009	7.2	2.272634443	22.0254	16.5878	11.15151058	-999	-999	-999	18.794042
22-08-2009	11.8	2.749133799	21.637	16.3936	13.71151058	-999	-999	-999	18.494042
23-08-2009	1	3.393125989	22.5109	16.6849	16.90151058	-999	-999	-999	19.094042
24-08-2009	0	3.261418282	23.4819	14.84	16.35151058	-999	-999	-999	18.644042
25-08-2009	0.8	2.431190905	23.7732	14.5487	12.01151058	-999	-999	-999	18.644042
26-08-2009	0	2.92363933	23.1906	14.1603	14.72151058	-999	-999	-999	18.144042
27-08-2009	0	3.514017097	22.5109	14.4516	17.90151058	-999	-999	-999	17.944042
28-08-2009	5.6	3.540077211	23.1906	15.7139	17.71151058	-999	-999	-999	18.944042
29-08-2009	0	3.594383842	24.1616	14.9371	17.96151058	-999	-999	-999	19.044042
30-08-2009	0	3.005801265	24.4529	13.9661	15.00151058	-999	-999	-999	18.694042
31-08-2009	0	3.582072035	24.3558	14.84	17.88151058	-999	-999	-999	19.094042
01-09-2009	3.8	3.348162445	23.9674	15.0342	16.70730667	-999	-999	-999	18.9645895
02-09-2009	8.8	2.300266419	23.3848	16.6849	11.14730667	-999	-999	-999	19.5145895
03-09-2009	30.4	2.605272898	22.2196	16.6849	12.85730667	-999	-999	-999	18.9145895
04-09-2009	1.2	3.421419558	22.4138	16.782	17.05730667	-999	-999	-999	19.0645895
05-09-2009	2.4	3.145481608	22.8022	17.0733	15.52730667	-999	-999	-999	19.4145895
06-09-2009	4.8	3.120997713	22.3167	16.1994	15.59730667	-999	-999	-999	18.7145895
07-09-2009	6.8	3.144815463	22.608	16.0052	15.70730667	-999	-999	-999	18.7645895
08-09-2009	3.2	3.461660738	22.8022	16.1994	17.29730667	-999	-999	-999	18.9645895
09-09-2009	0.4	3.515844444	22.8022	16.3936	17.54730667	-999	-999	-999	19.0645895
10-09-2009	0	3.904779563	22.8993	15.0342	19.79730667	-999	-999	-999	18.4145895
11-09-2009	0	3.98628845	23.4819	16.1023	19.91730667	-999	-999	-999	19.2645895
12-09-2009	0.8	3.893091468	23.2877	13.5777	19.93730667	-999	-999	-999	17.8645895
13-09-2009	6.8	3.89834061	23.3848	15.6168	19.56730667	-999	-999	-999	18.9645895
14-09-2009	0	3.194733548	23.6761	16.782	15.69730667	-999	-999	-999	19.7145895
15-09-2009	0.2	2.964795759	24.2587	16.1994	14.51730667	-999	-999	-999	19.7145895
16-09-2009	0	3.596393802	23.8703	16.1023	17.83730667	-999	-999	-999	19.4645895
17-09-2009	0	3.871361703	24.4529	14.1603	19.49730667	-999	-999	-999	18.7645895
18-09-2009	0.4	3.780595104	24.1616	17.1704	18.55730667	-999	-999	-999	20.1645895
19-09-2009	13.2	4.1136525	24.8413	15.811	20.37730667	-999	-999	-999	19.8145895
20-09-2009	1.6	3.38959608	23.8703	16.5878	16.69730667	-999	-999	-999	19.7145895
21-09-2009	0.2	3.39506055	23.579	17.4617	16.63730667	-999	-999	-999	20.0145895
22-09-2009	1.8	3.320635891	24.6471	17.8501	16.04730667	-999	-999	-999	20.7645895
23-09-2009	0	3.496832243	25.1326	14.2574	17.41730667	-999	-999	-999	19.1645895
24-09-2009	0	3.802070478	25.3268	14.6458	18.89730667	-999	-999	-999	19.4645895
25-09-2009	0.2	3.499821005	25.1326	16.1994	17.12730667	-999	-999	-999	20.1645895
26-09-2009	1.6	2.607499027	23.2877	17.6559	12.62730667	-999	-999	-999	19.9645895
27-09-2009	0	4.011093332	22.8022	16.3936	20.11730667	-999	-999	-999	19.0645895
28-09-2009	10.4	3.856413757	22.1225	15.5197	19.59730667	-999	-999	-999	18.2645895
29-09-2009	0.2	1.917755895	21.0544	15.811	9.467306671	-999	-999	-999	17.8645895
30-09-2009	1.6	2.546814015	22.5109	15.0342	12.71730667	-999	-999	-999	18.2145895
01-10-2009	0	3.344416935	23.8703	15.7139	16.60200508	-999	-999	-999	19.250845
02-10-2009	1.2	2.172735097	23.1906	16.5878	10.52200508	-999	-999	-999	19.350845
03-10-2009	0	3.318358743	23.579	15.9081	16.48200508	-999	-999	-999	19.200845
04-10-2009	0	4.264832915	24.55	14.9371	21.38200508	-999	-999	-999	19.200845
05-10-2009	0	3.738942403	25.0355	17.2675	18.19200508	-999	-999	-999	20.650845
06-10-2009	0	4.061357429	24.55	16.782	19.99200508	-999	-999	-999	20.150845
07-10-2009	0	1.862803612	23.579	17.2675	8.83200508	-999	-999	-999	19.900845
08-10-2009	0	3.968851899	23.579	16.782	19.69200508	-999	-999	-999	19.650845
09-10-2009	0	3.096663714	24.0645	17.753	15.01200508	-999	-999	-999	20.400845
10-10-2009	0.4	4.542568865	24.9384	17.3646	22.25200508	-999	-999	-999	20.650845
11-10-2009	3.8	4.392316155	24.4529	17.1704	21.62200508	-999	-999	-999	20.300845
12-10-2009	0	4.542873335	24.3558	16.3936	22.56200508	-999	-999	-999	19.850845
13-10-2009	0	4.423375243	24.6471	16.2965	21.91200508	-999	-999	-999	19.950845
14-10-2009	0	4.201516356	25.8123	16.9762	20.44200508	-999	-999	-999	20.900845
15-10-2009	13.8	2.510298641	25.6181	15.5197	12.11200508	-999	-999	-999	20.050845
16-10-2009	0	3.712403397	24.8413	16.1994	18.26200508	-999	-999	-999	20.000845
17-10-2009	0	4.582810786	24.8413	17.0733	22.53200508	-999	-999	-999	20.450845
18-10-2009	0	4.702095912	25.1326	17.8501	22.92200508	-999	-999	-999	21.000845
19-10-2009	1.2	4.802952216	25.3268	18.3356	23.29200508	-999	-999	-999	21.350845
20-10-2009	1.6	4.116853006	26.0065	17.8501	19.83200508	-999	-999	-999	21.450845
21-10-2009	0	4.024627183	26.2978	16.4907	19.55200508	-999	-999	-999	20.900845
22-10-2009	0	4.385218627	26.7833	18.2385	20.96200508	-999	-999	-999	22.050845
23-10-2009	0	4.77844306	27.0746	16.8791	23.11200508	-999	-999	-999	21.500845
24-10-2009	3.8	3.064990096	21.8312	19.0153	14.98200508	-999	-999	-999	19.900845
25-10-2009	46	1.244241506	21.0544	17.9472	5.77200508	-999	-999	-999	18.950845
26-10-2009	46	4.243482224	23.4819	18.4327	20.81200508	-999	-999	-999	20.450845
27-10-2009	8.2	4.665962558	23.8703	17.4617	23.07200508	-999	-999	-999	20.150845
28-10-2009	15.6	3.656147309	23.7732	16.0052	18.18200508	-999	-999	-999	19.350845
29-10-2009	6.6	4.449152373	24.7442	16.9762	21.89200508	-999	-999	-999	20.350845
30-10-2009	0	4.846794857	25.6181	18.2385	23.47200508	-999	-999	-999	21.450845
31-10-2009	0	4.370770731	26.8804	17.8501	20.94200508	-999	-999	-999	21.900845
01-11-2009	0.8	4.304172441	25.6181	17.9472	20.81500577	-999	-999	-999	21.3097385
02-11-2009	3.8	4.178064815	25.0355	19.695	19.98500577	-999	-999	-999	21.9097385
03-11-2009	4.8	3.842594818	25.521	18.8211	18.38500577	-999	-999	-999	21.7097385
04-11-2009	0	5.008445907	26.1036	17.4617	24.33500577	-999	-999	-999	21.3097385
05-11-2009	32	4.095239187	26.9775	18.2385	19.49500577	-999	-999	-999	22.1597385
06-11-2009	53.2	0.154186123	22.608	20.666	0.075005766	-999	-999	-999	21.1597385
07-11-2009	38.4	0.330601951	22.8022	18.6269	0.985005766	-999	-999	-999	20.2097385
08-11-2009	0	4.074788427	25.2297	18.2385	19.68500577	-999	-999	-999	21.2597385
09-11-2009	0	3.961182839	26.1036	15.4226	19.44500577	-999	-999	-999	20.2597385
10-11-2009	0	4.004319613	26.8804	16.3936	19.36500577	-999	-999	-999	21.1597385
11-11-2009	0	4.684593534	26.0065	18.2385	22.58500577	-999	-999	-999	21.6597385
12-11-2009	0	5.027956329	26.6862	18.724	24.05500577	-999	-999	-999	22.2597385
13-11-2009	6	4.905170885	26.2978	19.5008	23.37500577	-999	-999	-999	22.4597385
14-11-2009	0.4	5.1660295	25.8123	19.2095	24.81500577	-999	-999	-999	22.0597385
15-11-2009	0	4.984233917	26.1036	18.4327	24.01500577	-999	-999	-999	21.8097385
16-11-2009	0.2	5.285930395	26.492	18.9182	25.32500577	-999	-999	-999	22.2597385
17-11-2009	14.6	3.534725318	26.3949	17.2675	16.95500577	-999	-999	-999	21.3597385
18-11-2009	0	2.31484427	25.4239	18.5298	10.83500577	-999	-999	-999	21.5097385
19-11-2009	0	3.958417758	25.4239	18.3356	19.05500577	-999	-999	-999	21.4097385
20-11-2009	0	5.269299444	26.3949	18.6269	25.32500577	-999	-999	-999	22.0597385
21-11-2009	0	4.385281639	25.18115	17.1704	21.44500577	-999	-999	-999	20.6847385
22-11-2009	1.4	3.601637789	23.0935	14.4516	18.27500577	-999	-999	-999	18.2097385
23-11-2009	0	4.685289405	25.8123	17.2675	22.81500577	-999	-999	-999	21.0597385
24-11-2009	0	3.988877789	26.1036	17.8501	19.17500577	-999	-999	-999	21.5097385
25-11-2009	50	5.137666615	25.4239	19.5008	24.69500577	-999	-999	-999	22.0097385
26-11-2009	1.6	2.51682997	23.3848	19.1124	11.99500577	-999	-999	-999	20.7597385
27-11-2009	11.8	3.924878908	26.1036	19.1124	18.65500577	-999	-999	-999	22.1597385
28-11-2009	0	4.893898879	26.3949	19.7921	23.24500577	-999	-999	-999	22.6597385
29-11-2009	0	5.043735566	26.7833	20.0834	23.84500577	-999	-999	-999	23.0097385
30-11-2009	0	4.118298834	27.2688	18.3356	19.54500577	-999	-999	-999	22.3597385
01-12-2009	1.8	5.178677031	27.5601	18.724	24.60350168	-999	-999	-999	22.7482
02-12-2009	1	5.575819596	27.8514	19.695	26.27350168	-999	-999	-999	23.3982
03-12-2009	0.2	5.092062336	27.3659	20.1805	23.93350168	-999	-999	-999	23.3982
04-12-2009	15.8	4.875600572	28.434	21.637	22.43350168	-999	-999	-999	24.6982
05-12-2009	27	4.71580669	27.463	20.0834	22.11350168	-999	-999	-999	23.3982
06-12-2009	4.2	3.79542998	27.0746	20.1805	17.70350168	-999	-999	-999	23.2482
07-12-2009	8	3.666861244	26.8804	19.5008	17.20350168	-999	-999	-999	22.7982
08-12-2009	8.4	3.065570066	26.1036	20.5689	14.23350168	-999	-999	-999	22.9482
09-12-2009	2.8	4.066662334	26.492	21.0544	18.97350168	-999	-999	-999	23.3982
10-12-2009	0	4.196220746	27.1717	20.8602	19.52350168	-999	-999	-999	23.6482
11-12-2009	0	5.649908239	27.3659	19.9863	26.67350168	-999	-999	-999	23.2982
12-12-2009	15.2	5.007626981	26.9775	20.4718	23.54350168	-999	-999	-999	23.3482
13-12-2009	0	4.815642298	27.3659	19.1124	22.79350168	-999	-999	-999	22.8482
14-12-2009	0	4.269806991	27.6572	17.8501	20.29350168	-999	-999	-999	22.3482
15-12-2009	0	2.630387322	27.5601	18.4327	12.18350168	-999	-999	-999	22.5982
16-12-2009	0	5.106408793	27.5601	19.1124	24.17350168	-999	-999	-999	22.9482
17-12-2009	0	5.528473475	29.5992	18.9182	25.84350168	-999	-999	-999	23.8982
18-12-2009	0.6	5.339849445	29.1137	19.9863	24.82350168	-999	-999	-999	24.1982
19-12-2009	0.2	3.90160685	27.2688	21.7341	17.96350168	-999	-999	-999	24.1482
20-12-2009	4.4	5.383397462	28.0456	21.2486	24.99350168	-999	-999	-999	24.2982
21-12-2009	1.4	4.995227132	27.463	21.0544	23.28350168	-999	-999	-999	23.8982
22-12-2009	1.2	4.782950397	27.3659	20.7631	22.33350168	-999	-999	-999	23.6982
23-12-2009	0.4	5.268141658	27.5601	19.695	24.84350168	-999	-999	-999	23.2482
24-12-2009	16.6	5.519781468	27.3659	19.8892	26.06350168	-999	-999	-999	23.2482
25-12-2009	1.2	5.110991144	27.463	18.9182	24.25350168	-999	-999	-999	22.7982
26-12-2009	12.2	4.948608265	27.0746	19.5008	23.42350168	-999	-999	-999	22.8982
27-12-2009	8.4	5.109084917	26.9775	19.3066	24.26350168	-999	-999	-999	22.7482
28-12-2009	7	5.499155254	27.5601	19.695	25.96350168	-999	-999	-999	23.2482
29-12-2009	27	2.402181996	27.8514	20.5689	10.84350168	-999	-999	-999	23.8482
30-12-2009	29.6	3.430446582	27.7543	21.5399	15.67350168	-999	-999	-999	24.2982
31-12-2009	21	4.194234301	26.7833	21.4428	19.48350168	-999	-999	-999	23.7482
01-01-2010	2.8	3.954475553	26.2978	20.9573	18.45713622	-999	-999	-999	23.3079135
02-01-2010	0	4.665458522	27.7543	21.2486	21.59713622	-999	-999	-999	24.2079135
03-01-2010	138.6	2.732167703	27.5601	20.8602	12.41713622	-999	-999	-999	23.9079135
04-01-2010	42.4	2.954812319	27.8514	20.3747	13.50713622	-999	-999	-999	23.8079135
05-01-2010	8.4	4.76116534	27.9485	21.7341	21.93713622	-999	-999	-999	24.5579135
06-01-2010	7.6	4.534006404	29.3079	21.0544	20.74713622	-999	-999	-999	24.9079135
07-01-2010	40.4	3.174692777	26.7833	21.2486	14.58713622	-999	-999	-999	23.7079135
08-01-2010	0.8	2.215948897	25.4239	20.7631	10.12713622	-999	-999	-999	22.7579135
09-01-2010	6.2	2.263035361	27.463	21.0544	10.15713622	-999	-999	-999	23.9579135
10-01-2010	0	2.668257736	26.1036	21.2486	12.21713622	-999	-999	-999	23.3579135
11-01-2010	3.6	3.967754078	27.0746	21.8312	18.27713622	-999	-999	-999	24.1579135
12-01-2010	15.6	3.769809798	27.8514	21.1515	17.31713622	-999	-999	-999	24.2079135
13-01-2010	33.2	1.24300077	23.8703	21.4428	5.417136215	-999	-999	-999	22.3079135
14-01-2010	7.6	2.390507061	26.6862	21.7341	10.77713622	-999	-999	-999	23.9079135
15-01-2010	5	2.385513464	28.5311	21.9283	10.57713622	-999	-999	-999	24.9579135
16-01-2010	60.2	2.566353995	26.9775	22.1225	11.55713622	-999	-999	-999	24.2579135
17-01-2010	0.2	4.280798928	29.5021	21.5399	19.44713622	-999	-999	-999	25.2579135
18-01-2010	0	3.839864918	29.1137	20.8602	17.51713622	-999	-999	-999	24.7079135
19-01-2010	0	4.057697973	27.6572	19.4037	18.98713622	-999	-999	-999	23.2079135
20-01-2010	0.6	4.778683708	28.7253	20.8602	22.03713622	-999	-999	-999	24.5079135
21-01-2010	16.4	4.916493195	29.6963	20.3747	22.60713622	-999	-999	-999	24.7579135
22-01-2010	30.8	3.58478233	28.434	21.5399	16.30713622	-999	-999	-999	24.7079135
23-01-2010	12.8	3.550082891	27.3659	21.637	16.26713622	-999	-999	-999	24.2079135
24-01-2010	12.6	1.973698148	27.8514	21.2486	8.727136215	-999	-999	-999	24.2579135
25-01-2010	5	3.94768396	27.9485	21.0544	18.16713622	-999	-999	-999	24.2079135
26-01-2010	3.6	4.148890612	28.9195	21.637	18.89713622	-999	-999	-999	25.0079135
27-01-2010	0	4.989320445	29.0166	22.5109	22.69713622	-999	-999	-999	25.5079135
28-01-2010	0	3.368229066	29.5021	21.2486	15.18713622	-999	-999	-999	25.1079135
29-01-2010	1.2	5.468267577	29.405	21.0544	25.14713622	-999	-999	-999	24.9579135
30-01-2010	0	4.557561555	29.5992	19.7921	21.01713622	-999	-999	-999	24.4079135
31-01-2010	3.2	4.634108259	30.4731	20.9573	21.04713622	-999	-999	-999	25.4579135
01-02-2010	4	3.530915525	30.0847	20.7631	15.92920301	-999	-999	-999	25.212545
02-02-2010	47.8	4.581577749	29.405	21.0544	20.93920301	-999	-999	-999	25.012545
03-02-2010	36.6	3.863775161	27.9485	22.2196	17.58920301	-999	-999	-999	24.862545
04-02-2010	5.8	3.280391858	29.7934	22.0254	14.63920301	-999	-999	-999	25.712545
05-02-2010	0.2	4.721332928	28.8224	21.637	21.59920301	-999	-999	-999	25.012545
06-02-2010	0	4.939151924	28.7253	19.5979	23.00920301	-999	-999	-999	23.912545
07-02-2010	0.2	2.851833763	27.9485	21.5399	12.86920301	-999	-999	-999	24.512545
08-02-2010	23.6	2.805284593	27.9485	22.1225	12.58920301	-999	-999	-999	24.812545
09-02-2010	0	3.892826058	26.5891	21.4428	18.02920301	-999	-999	-999	23.762545
10-02-2010	0	4.551911889	27.5601	21.2486	21.06920301	-999	-999	-999	24.162545
11-02-2010	8.2	4.66327031	28.2398	21.8312	21.38920301	-999	-999	-999	24.812545
12-02-2010	67.2	3.310495783	27.9485	22.3167	14.95920301	-999	-999	-999	24.912545
13-02-2010	6.4	3.982618077	27.8514	22.1225	18.17920301	-999	-999	-999	24.762545
14-02-2010	0	2.83902458	27.7543	22.4138	12.73920301	-999	-999	-999	24.862545
15-02-2010	1.4	5.108566648	28.7253	20.9573	23.56920301	-999	-999	-999	24.612545
16-02-2010	16.2	5.049105214	28.3369	21.8312	23.19920301	-999	-999	-999	24.862545
17-02-2010	22	5.417830543	27.2688	21.4428	25.22920301	-999	-999	-999	24.112545
18-02-2010	53.6	4.052344445	27.2688	21.3457	18.70920301	-999	-999	-999	24.062545
19-02-2010	13	4.682240503	28.0456	20.9573	21.65920301	-999	-999	-999	24.262545
20-02-2010	0.2	4.733180884	28.0456	20.8602	21.91920301	-999	-999	-999	24.212545
21-02-2010	0	4.85581428	28.2398	20.0834	22.60920301	-999	-999	-999	23.912545
22-02-2010	0	4.384386306	28.2398	21.4428	20.12920301	-999	-999	-999	24.612545
23-02-2010	3.4	3.308641672	29.0166	20.666	15.01920301	-999	-999	-999	24.612545
24-02-2010	0	5.054343833	29.5021	20.8602	23.18920301	-999	-999	-999	24.962545
25-02-2010	72.6	4.780643701	30.5702	21.1515	21.66920301	-999	-999	-999	25.662545
26-02-2010	0.6	1.551937337	27.8514	20.8602	6.729203014	-999	-999	-999	24.112545
27-02-2010	0.2	4.810692162	28.8224	22.1225	21.93920301	-999	-999	-999	25.262545
28-02-2010	0	4.822984407	29.6963	22.3167	21.81920301	-999	-999	-999	25.812545
01-03-2010	0	3.869280634	30.2789	21.3457	17.41257637	-999	-999	-999	25.6343745
02-03-2010	15.8	3.891752958	29.5021	21.3457	17.62257637	-999	-999	-999	25.2343745
03-03-2010	36.8	2.024972516	29.1137	20.3747	8.932576373	-999	-999	-999	24.5343745
04-03-2010	10.4	1.367277715	27.2688	20.0834	5.912576373	-999	-999	-999	23.4343745
05-03-2010	59.6	0.360872732	23.9674	20.8602	1.082576373	-999	-999	-999	22.1343745
06-03-2010	25.4	2.882118433	26.6862	21.3457	13.16257637	-999	-999	-999	23.7843745
07-03-2010	38.8	0.209811926	23.9674	21.4428	0.332576373	-999	-999	-999	22.4343745
08-03-2010	25.2	2.063736982	29.0166	21.3457	9.052576373	-999	-999	-999	24.9843745
09-03-2010	103	3.324696661	29.0166	22.7051	14.85257637	-999	-999	-999	25.6843745
10-03-2010	100	0.251789945	22.8022	20.7631	0.557423627	-999	-999	-999	21.4843745
11-03-2010	7	3.918596104	27.463	21.1515	18.06257637	-999	-999	-999	24.0843745
12-03-2010	2.2	2.509075866	26.8804	20.4718	11.43257637	-999	-999	-999	23.4343745
13-03-2010	17.2	4.369785618	28.5311	21.5399	19.99257637	-999	-999	-999	24.8343745
14-03-2010	39.6	4.412964975	27.463	20.7631	20.49257637	-999	-999	-999	23.8843745
15-03-2010	1.6	4.143392076	28.434	21.1515	18.99257637	-999	-999	-999	24.5843745
16-03-2010	0.2	3.883297616	29.9876	19.9863	17.70257637	-999	-999	-999	24.7843745
17-03-2010	79	0.328287608	28.2398	21.3457	0.862576373	-999	-999	-999	24.5843745
18-03-2010	46.6	1.970429476	28.0456	21.7341	8.652576373	-999	-999	-999	24.6843745
19-03-2010	27.6	3.29244454	29.2108	21.5399	14.81257637	-999	-999	-999	25.1843745
20-03-2010	0	3.439193789	29.7934	21.637	15.42257637	-999	-999	-999	25.5343745
21-03-2010	0	4.400509344	29.405	21.5399	20.00257637	-999	-999	-999	25.2843745
22-03-2010	5	3.958257633	28.7253	21.9283	17.96257637	-999	-999	-999	25.1343745
23-03-2010	84.8	0.967327009	25.6181	21.637	3.982576373	-999	-999	-999	23.3843745
24-03-2010	4	4.4383448	27.1717	21.2486	20.58257637	-999	-999	-999	23.9843745
25-03-2010	22.2	3.506256135	28.3369	21.3457	15.95257637	-999	-999	-999	24.6343745
26-03-2010	9.6	3.945750444	27.463	21.1515	18.19257637	-999	-999	-999	24.0843745
27-03-2010	11.2	4.179547215	27.3659	20.2776	19.46257637	-999	-999	-999	23.5843745
28-03-2010	5	2.659840929	26.7833	20.9573	12.12257637	-999	-999	-999	23.6343745
29-03-2010	3	4.231882399	27.8514	19.3066	19.79257637	-999	-999	-999	23.3343745
30-03-2010	5.4	4.144553107	28.2398	21.2486	19.01257637	-999	-999	-999	24.5343745
31-03-2010	0	3.94229512	27.2688	20.2776	18.33257637	-999	-999	-999	23.5343745
01-04-2010	12.2	4.251478082	27.8514	21.0544	19.61210527	-999	-999	-999	24.230332
02-04-2010	18.6	3.879375703	27.9485	20.7631	17.86210527	-999	-999	-999	24.130332
03-04-2010	7.2	3.893726842	27.0746	20.1805	18.14210527	-999	-999	-999	23.380332
04-04-2010	16.8	2.702974305	27.2688	20.8602	12.29210527	-999	-999	-999	23.830332
05-04-2010	5.6	3.771209259	27.463	20.7631	17.41210527	-999	-999	-999	23.880332
06-04-2010	7	4.025266442	27.6572	20.5689	18.63210527	-999	-999	-999	23.880332
07-04-2010	0	3.998536235	27.57952	20.05427	18.59210527	-999	-999	-999	23.575332
08-04-2010	0	3.959298079	27.3659	19.2095	18.56210527	-999	-999	-999	23.030332
09-04-2010	4.6	3.48415786	27.8514	19.695	16.12210527	-999	-999	-999	23.530332
10-04-2010	0	4.080223034	27.463	21.0544	18.85210527	-999	-999	-999	24.030332
11-04-2010	0.8	3.646734617	27.8514	20.7631	16.76210527	-999	-999	-999	24.080332
12-04-2010	0	3.813906069	27.9485	18.2385	17.91210527	-999	-999	-999	22.830332
13-04-2010	0	3.160576095	27.463	18.3356	14.77210527	-999	-999	-999	22.630332
14-04-2010	0	3.080210565	27.0746	19.1124	14.33210527	-999	-999	-999	22.830332
15-04-2010	0	3.640046897	25.7152	18.1414	17.40210527	-999	-999	-999	21.630332
16-04-2010	0.8	3.776689703	26.2978	20.0834	17.70210527	-999	-999	-999	22.930332
17-04-2010	21.4	2.90167374	26.5891	20.666	13.34210527	-999	-999	-999	23.380332
18-04-2010	6.8	2.393994391	25.3268	19.5008	11.11210527	-999	-999	-999	22.130332
19-04-2010	10.2	2.982827461	26.8804	18.9182	13.90210527	-999	-999	-999	22.630332
20-04-2010	2.4	3.037995158	28.8224	19.3066	13.90210527	-999	-999	-999	23.830332
21-04-2010	28.2	2.624573776	27.2688	20.1805	11.98210527	-999	-999	-999	23.480332
22-04-2010	18.4	3.161638925	26.6862	21.0544	14.54210527	-999	-999	-999	23.630332
23-04-2010	5	2.761237273	27.5601	20.1805	12.61210527	-999	-999	-999	23.630332
24-04-2010	0	3.505418607	27.1717	19.7921	16.30210527	-999	-999	-999	23.230332
25-04-2010	0	3.217653664	28.0456	19.695	14.81210527	-999	-999	-999	23.630332
26-04-2010	21.8	3.45287653	26.492	18.724	16.28210527	-999	-999	-999	22.330332
27-04-2010	21.6	2.842813491	26.492	18.724	13.28210527	-999	-999	-999	22.330332
28-04-2010	22.2	2.522662972	26.2007	20.0834	11.60210527	-999	-999	-999	22.880332
29-04-2010	4	3.12088941	26.5891	20.0834	14.47210527	-999	-999	-999	23.080332
30-04-2010	0	3.114691646	26.8804	19.2095	14.51210527	-999	-999	-999	22.780332
01-05-2010	26.4	2.05843285	28.6282	19.2095	9.220431668	-999	-999	-999	23.6573475
02-05-2010	39.2	0.570722179	25.3268	20.7631	2.090431668	-999	-999	-999	22.7573475
03-05-2010	0	2.634219265	27.0746	18.724	12.20043167	-999	-999	-999	22.6073475
04-05-2010	14.2	3.364679748	27.3659	19.7921	15.60043167	-999	-999	-999	23.3073475
05-05-2010	1.8	3.312857897	28.3369	21.3457	15.04043167	-999	-999	-999	24.6073475
06-05-2010	0	2.989154128	26.6862	20.5689	13.77043167	-999	-999	-999	23.3573475
07-05-2010	0.6	3.243575656	26.7833	19.5979	15.11043167	-999	-999	-999	22.9073475
08-05-2010	0.4	3.105691282	26.492	20.3747	14.38043167	-999	-999	-999	23.1573475
09-05-2010	0	3.106374091	26.2978	19.5979	14.50043167	-999	-999	-999	22.6573475
10-05-2010	8.8	3.209708195	26.2007	19.5008	15.03043167	-999	-999	-999	22.5573475
11-05-2010	8.2	2.481552776	26.5891	18.724	11.50043167	-999	-999	-999	22.3573475
12-05-2010	0.4	3.170067315	26.2978	19.2095	14.86043167	-999	-999	-999	22.4573475
13-05-2010	20.6	2.607452731	27.1717	19.3066	12.00043167	-999	-999	-999	22.9573475
14-05-2010	0.2	2.986837477	26.7833	17.5588	14.10043167	-999	-999	-999	21.8573475
15-05-2010	0	2.810266059	26.3949	15.5197	13.51043167	-999	-999	-999	20.6073475
16-05-2010	16	3.06216154	26.5891	15.811	14.72043167	-999	-999	-999	20.8573475
17-05-2010	33	2.503855706	26.3949	19.0153	11.60043167	-999	-999	-999	22.4073475
18-05-2010	30.6	2.33807394	25.0355	19.7921	10.84043167	-999	-999	-999	22.1073475
19-05-2010	12.8	2.897162462	25.8123	20.7631	13.40043167	-999	-999	-999	23.0073475
20-05-2010	19.6	2.281894916	25.0355	18.5298	10.68043167	-999	-999	-999	21.4573475
21-05-2010	32.6	3.094621473	25.0355	18.6269	14.72043167	-999	-999	-999	21.5073475
22-05-2010	0.8	3.009907598	25.4239	18.1414	14.31043167	-999	-999	-999	21.4573475
23-05-2010	0.8	2.724539021	24.7442	18.5298	12.92043167	-999	-999	-999	21.3073475
24-05-2010	1	2.524505952	25.2297	18.1414	11.91043167	-999	-999	-999	21.3573475
25-05-2010	0	2.966265319	25.4239	19.4037	13.94043167	-999	-999	-999	22.1073475
26-05-2010	31.4	2.919683765	26.6862	18.9182	13.62043167	-999	-999	-999	22.5073475
27-05-2010	3.8	2.627749247	26.0065	18.6269	12.29043167	-999	-999	-999	22.0073475
28-05-2010	4.8	1.92505727	25.6181	18.3356	8.870431668	-999	-999	-999	21.6573475
29-05-2010	25.4	2.743073003	25.0355	19.5979	12.86043167	-999	-999	-999	22.0073475
30-05-2010	21.4	1.775576294	24.7442	19.3066	8.120431668	-999	-999	-999	21.7073475
31-05-2010	20	2.452198372	25.7152	18.2385	11.49043167	-999	-999	-999	21.6573475
01-06-2010	2.8	2.232993684	24.7442	18.3356	10.48799054	-999	-999	-999	21.172351
02-06-2010	0.8	2.305552585	25.521	18.4327	10.76799054	-999	-999	-999	21.622351
03-06-2010	62.8	1.121528681	24.6471	17.8501	4.947990544	-999	-999	-999	20.872351
04-06-2010	0.2	2.757701692	26.1036	18.8211	12.90799054	-999	-999	-999	22.122351
05-06-2010	0.2	2.424193477	26.7833	17.1704	11.35799054	-999	-999	-999	21.622351
06-06-2010	0	2.486631413	24.8413	15.9081	12.00799054	-999	-999	-999	19.972351
07-06-2010	0	2.807186008	25.0355	17.1704	13.46799054	-999	-999	-999	20.722351
08-06-2010	0	2.819656543	24.1616	14.6458	13.95799054	-999	-999	-999	18.972351
09-06-2010	0	2.498374201	24.3558	16.3936	12.06799054	-999	-999	-999	19.972351
10-06-2010	0	2.553547238	24.3558	16.5878	12.32799054	-999	-999	-999	20.072351
11-06-2010	0.8	1.586391229	24.55	17.9472	7.287990544	-999	-999	-999	20.872351
12-06-2010	0.6	2.509660928	23.8703	18.0443	11.99799054	-999	-999	-999	20.572351
13-06-2010	16.8	1.081214374	21.3457	17.9472	4.897990544	-999	-999	-999	19.222351
14-06-2010	1.4	2.392689107	23.9674	16.782	11.52799054	-999	-999	-999	19.972351
15-06-2010	7.8	2.096339087	25.4239	17.9472	9.777990544	-999	-999	-999	21.322351
16-06-2010	0.4	2.394794109	25.3268	17.5588	11.31799054	-999	-999	-999	21.072351
17-06-2010	4.4	2.57093698	26.2978	17.5588	12.09799054	-999	-999	-999	21.572351
18-06-2010	6.4	2.895059428	24.55	18.3356	13.82799054	-999	-999	-999	21.072351
19-06-2010	0	2.835277367	25.2297	17.0733	13.59799054	-999	-999	-999	20.772351
20-06-2010	0	2.739533875	25.1326	16.9762	13.13799054	-999	-999	-999	20.672351
21-06-2010	11.2	2.310505788	24.8413	15.7139	11.12799054	-999	-999	-999	19.872351
22-06-2010	0	2.090068568	25.1326	16.9762	9.857990544	-999	-999	-999	20.672351
23-06-2010	3	2.294016515	24.0645	18.0443	10.88799054	-999	-999	-999	20.672351
24-06-2010	101.6	1.211894974	24.1616	17.8501	5.427990544	-999	-999	-999	20.622351
25-06-2010	50.2	0.85886264	23.4819	18.1414	3.657990544	-999	-999	-999	20.422351
26-06-2010	4.8	2.346874534	24.4529	18.5298	11.06799054	-999	-999	-999	21.122351
27-06-2010	0	2.662930545	23.6761	16.4907	12.97799054	-999	-999	-999	19.672351
28-06-2010	0	2.8356447	26.2007	14.2574	13.82799054	-999	-999	-999	19.822351
29-06-2010	2.8	2.751742339	21.9283	16.0052	13.71799054	-999	-999	-999	18.522351
30-06-2010	3.4	1.895865772	21.0544	15.4226	9.367990544	-999	-999	-999	17.772351
01-07-2010	0	2.525633217	21.7341	15.1313	12.67300986	-999	-999	-999	17.9322725
02-07-2010	0	2.402306666	22.2196	14.4516	12.04300986	-999	-999	-999	17.8322725
03-07-2010	0	2.725074314	22.3167	14.7429	13.70300986	-999	-999	-999	18.0322725
04-07-2010	0	2.38029127	21.637	13.9661	12.05300986	-999	-999	-999	17.2822725
05-07-2010	0	2.713025669	22.1225	12.7038	13.94300986	-999	-999	-999	16.8822725
06-07-2010	0.6	2.485620814	22.0254	14.7429	12.47300986	-999	-999	-999	17.8822725
07-07-2010	19.8	2.483390967	22.608	15.9081	12.25300986	-999	-999	-999	18.7822725
08-07-2010	13.6	2.203425425	22.0254	16.6849	10.77300986	-999	-999	-999	18.8822725
09-07-2010	47.8	1.172735577	20.1805	15.6168	5.573009862	-999	-999	-999	17.3822725
10-07-2010	18.2	1.355638049	22.2196	15.811	6.403009862	-999	-999	-999	18.5322725
11-07-2010	0	2.653694827	22.8022	16.1023	13.09300986	-999	-999	-999	18.9822725
12-07-2010	0.6	2.641455189	22.29984	14.764705	13.12300986	-999	-999	-999	18.593141
13-07-2010	0	2.81394166	24.99984	12.864705	13.92300986	-999	-999	-999	18.993141
14-07-2010	0.6	2.659998358	24.69984	14.264705	12.99300986	-999	-999	-999	19.543141
15-07-2010	0.2	2.709717301	23.89984	15.964705	13.14300986	-999	-999	-999	19.993141
16-07-2010	10.2	2.835336016	23.59984	15.464705	13.88300986	-999	-999	-999	19.593141
17-07-2010	0.6	2.896207737	23.19984	16.364705	14.13300986	-999	-999	-999	19.843141
18-07-2010	3	2.187680778	24.29984	17.564705	10.29300986	-999	-999	-999	20.993141
19-07-2010	0	2.93030165	22.99984	16.364705	14.33300986	-999	-999	-999	19.743141
20-07-2010	12.6	2.874872909	23.29984	17.164705	13.91300986	-999	-999	-999	20.293141
21-07-2010	15.2	1.390493085	22.89984	16.164705	6.453009862	-999	-999	-999	19.593141
22-07-2010	0	2.717879572	21.99984	16.364705	13.36300986	-999	-999	-999	19.243141
23-07-2010	10.6	2.874011599	21.79984	15.164705	14.35300986	-999	-999	-999	18.543141
24-07-2010	6	1.968648904	20.59984	15.264705	9.713009862	-999	-999	-999	17.993141
25-07-2010	0	2.909571604	21.89984	15.864705	14.43300986	-999	-999	-999	18.943141
26-07-2010	0	2.680829713	21.99984	13.364705	13.54300986	-999	-999	-999	17.743141
27-07-2010	0.4	2.417864197	21.19984	14.364705	12.12300986	-999	-999	-999	17.843141
28-07-2010	3.4	2.710260456	21.49984	15.564705	13.48300986	-999	-999	-999	18.593141
29-07-2010	3.6	1.931391904	23.89984	15.064705	9.243009862	-999	-999	-999	19.543141
30-07-2010	8.6	1.701158204	22.59984	16.164705	8.073009862	-999	-999	-999	19.443141
31-07-2010	0	2.81405219	21.29984	12.664705	14.44300986	-999	-999	-999	17.043141
01-08-2010	0.2	2.804886725	20.957336	13.430748	14.33151058	-999	-999	-999	17.2675
02-08-2010	0	2.577740736	20.657336	14.230748	13.05151058	-999	-999	-999	17.5175
03-08-2010	0	2.890461129	21.757336	13.330748	14.69151058	-999	-999	-999	17.6175
04-08-2010	1.8	2.540561425	22.357336	13.530748	12.73151058	-999	-999	-999	18.0175
05-08-2010	8.6	1.842470408	21.557336	14.330748	9.041510584	-999	-999	-999	18.0175
06-08-2010	0	2.670656668	22.257336	14.330748	13.33151058	-999	-999	-999	18.3675
07-08-2010	7	2.284846358	22.957336	12.730748	11.40151058	-999	-999	-999	17.9175
08-08-2010	19.4	1.606442173	20.757336	15.030748	7.801510584	-999	-999	-999	17.9675
09-08-2010	19	1.528225673	20.157336	15.030748	7.431510584	-999	-999	-999	17.6675
10-08-2010	20.4	1.000378533	20.557336	15.730748	4.571510584	-999	-999	-999	18.2175
11-08-2010	0	2.013479539	23.257336	14.830748	9.741510584	-999	-999	-999	19.1175
12-08-2010	1	1.145351176	21.857336	13.030748	5.411510584	-999	-999	-999	17.5175
13-08-2010	1.8	2.076983635	21.157336	14.930748	10.26151058	-999	-999	-999	18.1175
14-08-2010	0.2	1.245654635	18.957336	15.030748	6.001510584	-999	-999	-999	17.0675
15-08-2010	0	3.134975222	21.657336	15.130748	15.74151058	-999	-999	-999	18.4675
16-08-2010	4.8	3.025878406	23.257336	13.730748	15.14151058	-999	-999	-999	18.5675
17-08-2010	18.4	2.959252166	22.657336	15.230748	14.67151058	-999	-999	-999	19.0175
18-08-2010	9	1.60966707	21.657336	15.830748	7.691510584	-999	-999	-999	18.8175
19-08-2010	10.6	2.103781347	21.857336	16.530748	10.18151058	-999	-999	-999	19.2675
20-08-2010	9.4	3.134114108	22.557336	15.530748	15.55151058	-999	-999	-999	19.1175
21-08-2010	18.4	2.233356273	22.257336	16.030748	10.86151058	-999	-999	-999	19.2175
22-08-2010	7.2	1.932311634	22.957336	16.530748	9.201510584	-999	-999	-999	19.8175
23-08-2010	12.4	2.509651502	21.657336	16.630748	12.29151058	-999	-999	-999	19.2175
24-08-2010	24.8	3.538828225	23.957336	15.530748	17.43151058	-999	-999	-999	19.8175
25-08-2010	13.4	2.664938581	22.557336	15.930748	13.07151058	-999	-999	-999	19.3175
26-08-2010	16.4	2.974593148	22.357336	15.230748	14.79151058	-999	-999	-999	18.8675
27-08-2010	6.6	2.04063844	21.257336	15.230748	10.03151058	-999	-999	-999	18.3175
28-08-2010	21.2	2.650421738	22.557336	15.130748	13.09151058	-999	-999	-999	18.9175
29-08-2010	3.4	3.179026655	22.557336	16.330748	15.67151058	-999	-999	-999	19.5175
30-08-2010	2.4	3.70237812	22.257336	17.030748	18.30151058	-999	-999	-999	19.7175
31-08-2010	0.6	3.57851846	23.157336	16.030748	17.68151058	-999	-999	-999	19.6675
01-09-2010	0	3.406617211	22.118066	16.111113	16.93730667	-999	-999	-999	19.206181
02-09-2010	47.6	2.746154824	21.918066	15.511113	13.61730667	-999	-999	-999	18.806181
03-09-2010	24.4	1.992990643	22.018066	16.011113	9.637306671	-999	-999	-999	19.106181
04-09-2010	1.4	3.363454902	23.518066	16.111113	16.50730667	-999	-999	-999	19.906181
05-09-2010	0	3.510316072	24.618066	13.911113	17.42730667	-999	-999	-999	19.356181
06-09-2010	0.6	3.598619643	24.418066	13.711113	17.94730667	-999	-999	-999	19.156181
07-09-2010	42.6	3.114972855	24.918066	15.911113	15.07730667	-999	-999	-999	20.506181
08-09-2010	0	3.14706681	24.718066	16.511113	15.18730667	-999	-999	-999	20.706181
09-09-2010	13.2	1.292023211	24.318066	17.411113	5.797306671	-999	-999	-999	20.956181
10-09-2010	4.4	1.053847344	22.218066	15.811113	4.767306671	-999	-999	-999	19.106181
11-09-2010	0	2.069069541	23.218066	14.111113	10.09730667	-999	-999	-999	18.756181
12-09-2010	6.6	1.868287046	23.818066	14.611113	8.957306671	-999	-999	-999	19.306181
13-09-2010	0	1.783521417	20.618066	14.211113	8.817306671	-999	-999	-999	17.506181
14-09-2010	2	2.632881799	22.218066	13.411113	13.24730667	-999	-999	-999	17.906181
15-09-2010	1.2	2.786758447	22.418066	14.011113	13.95730667	-999	-999	-999	18.306181
16-09-2010	0	3.573892885	23.218066	15.111113	17.78730667	-999	-999	-999	19.256181
17-09-2010	0	2.074864182	23.518066	15.211113	9.997306671	-999	-999	-999	19.456181
18-09-2010	0	2.648438996	22.618066	16.511113	12.90730667	-999	-999	-999	19.656181
19-09-2010	0	3.58061399	24.318066	15.511113	17.58730667	-999	-999	-999	20.006181
20-09-2010	0	1.724703899	23.118066	16.611113	8.117306671	-999	-999	-999	19.956181
21-09-2010	2.2	3.700914531	23.818066	14.311113	18.47730667	-999	-999	-999	19.156181
22-09-2010	13.6	2.346082279	22.618066	15.611113	11.44730667	-999	-999	-999	19.206181
23-09-2010	0	3.951567892	23.418066	16.911113	19.39730667	-999	-999	-999	20.256181
24-09-2010	0	2.911033072	23.218066	15.511113	14.30730667	-999	-999	-999	19.456181
25-09-2010	0	3.429061088	23.918066	15.011113	16.94730667	-999	-999	-999	19.556181
26-09-2010	0.2	2.142087955	23.318066	13.411113	10.53730667	-999	-999	-999	18.456181
27-09-2010	0.2	3.398812953	22.918066	15.111113	16.92730667	-999	-999	-999	19.106181
28-09-2010	0	2.292176758	23.718066	15.711113	11.04730667	-999	-999	-999	19.806181
29-09-2010	1.8	3.90959923	23.218066	16.611113	19.26730667	-999	-999	-999	20.006181
30-09-2010	6.8	3.040888034	23.318066	16.311113	14.85730667	-999	-999	-999	19.906181
01-10-2010	48.2	2.857297632	22.28896	15.51273	14.14200508	-999	-999	-999	19.0175
02-10-2010	5	3.561448917	22.88896	15.71273	17.67200508	-999	-999	-999	19.4175
03-10-2010	1.6	3.922282922	23.58896	16.01273	19.36200508	-999	-999	-999	19.9175
04-10-2010	29.2	3.485251507	23.98896	15.91273	17.08200508	-999	-999	-999	20.0675
05-10-2010	13.4	1.210329061	22.18896	17.61273	5.48200508	-999	-999	-999	20.0175
06-10-2010	1.2	3.638992966	23.48896	17.61273	17.68200508	-999	-999	-999	20.6675
07-10-2010	0	4.18954148	25.48896	17.61273	20.12200508	-999	-999	-999	21.6675
08-10-2010	0	2.890249675	24.78896	15.31273	14.02200508	-999	-999	-999	20.1675
09-10-2010	31.4	1.504867849	23.78896	17.01273	6.92200508	-999	-999	-999	20.5175
10-10-2010	0	3.122546117	23.88896	14.61273	15.42200508	-999	-999	-999	19.3675
11-10-2010	0	2.641160803	24.88896	13.91273	12.90200508	-999	-999	-999	19.5175
12-10-2010	0	3.923631149	24.18896	15.51273	19.35200508	-999	-999	-999	19.9675
13-10-2010	0	4.333113461	24.58896	17.61273	20.99200508	-999	-999	-999	21.2175
14-10-2010	0	4.287265607	24.08896	16.81273	20.99200508	-999	-999	-999	20.5675
15-10-2010	0	4.362039324	23.98896	16.41273	21.46200508	-999	-999	-999	20.3175
16-10-2010	0	4.276856286	24.68896	18.61273	20.52200508	-999	-999	-999	21.7675
17-10-2010	0.8	4.519130656	24.78896	17.91273	21.83200508	-999	-999	-999	21.4675
18-10-2010	0	4.413025168	24.78896	17.41273	21.39200508	-999	-999	-999	21.2175
19-10-2010	6.2	4.539832059	26.58896	18.21273	21.56200508	-999	-999	-999	22.5175
20-10-2010	1.4	4.560861827	24.78896	17.41273	22.13200508	-999	-999	-999	21.2175
21-10-2010	0.4	3.924499926	26.08896	17.61273	18.71200508	-999	-999	-999	21.9675
22-10-2010	4.8	4.122346185	24.08896	17.31273	20.07200508	-999	-999	-999	20.8175
23-10-2010	10.4	4.934320753	25.38896	16.31273	24.10200508	-999	-999	-999	20.9675
24-10-2010	6.4	4.304596725	23.28896	17.21273	21.15200508	-999	-999	-999	20.3675
25-10-2010	8.6	2.39543486	23.18896	16.91273	11.50200508	-999	-999	-999	20.1675
26-10-2010	0	4.838180792	24.88896	17.71273	23.44200508	-999	-999	-999	21.4175
27-10-2010	4.2	3.651866155	26.38896	15.81273	17.58200508	-999	-999	-999	21.2175
28-10-2010	0.4	2.821586195	24.08896	17.71273	13.47200508	-999	-999	-999	21.0175
29-10-2010	0	3.972511158	26.48896	16.81273	19.01200508	-999	-999	-999	21.7675
30-10-2010	3	3.14363519	26.08896	17.11273	14.91200508	-999	-999	-999	21.7175
31-10-2010	4.2	0.223816463	21.58896	17.51273	0.45200508	-999	-999	-999	19.6675
01-11-2010	0	2.696557316	23.876948	17.042529	12.93500577	-999	-999	-999	20.609773
02-11-2010	1.4	3.625185816	25.976948	15.842529	17.49500577	-999	-999	-999	21.059773
03-11-2010	0.2	3.957929613	25.076948	15.642529	19.34500577	-999	-999	-999	20.509773
04-11-2010	4.2	2.504687924	22.976948	17.942529	11.96500577	-999	-999	-999	20.609773
05-11-2010	1.6	4.112658865	24.776948	16.842529	19.97500577	-999	-999	-999	20.959773
06-11-2010	0.2	4.36560662	24.276948	18.942529	20.96500577	-999	-999	-999	21.759773
07-11-2010	6.6	3.876455506	23.476948	17.042529	18.96500577	-999	-999	-999	20.409773
08-11-2010	0	3.171904122	23.576948	16.542529	15.44500577	-999	-999	-999	20.209773
09-11-2010	0.4	3.806234936	24.676948	16.242529	18.54500577	-999	-999	-999	20.609773
10-11-2010	0.4	4.620090779	25.876948	17.742529	22.15500577	-999	-999	-999	21.959773
11-11-2010	1.6	4.803969261	24.576948	18.042529	23.25500577	-999	-999	-999	21.459773
12-11-2010	0	3.938032466	24.376948	17.942529	18.98500577	-999	-999	-999	21.309773
13-11-2010	0.6	5.220329558	25.276948	18.142529	25.16500577	-999	-999	-999	21.859773
14-11-2010	0	4.642026005	25.176948	17.942529	22.35500577	-999	-999	-999	21.709773
15-11-2010	12.6	3.940383877	25.176948	17.342529	18.96500577	-999	-999	-999	21.409773
16-11-2010	2.4	4.281183657	24.876948	16.442529	20.87500577	-999	-999	-999	20.809773
17-11-2010	0.4	4.083743199	25.076948	17.842529	19.61500577	-999	-999	-999	21.609773
18-11-2010	0	4.109299465	25.576948	15.942529	19.97500577	-999	-999	-999	20.909773
19-11-2010	12.4	4.209064396	27.876948	15.542529	20.15500577	-999	-999	-999	21.859773
20-11-2010	11.6	2.839636209	26.476948	17.442529	13.31500577	-999	-999	-999	22.109773
21-11-2010	0	4.932368339	25.476948	17.042529	23.91500577	-999	-999	-999	21.409773
22-11-2010	1.6	5.159993736	25.776948	18.242529	24.74500577	-999	-999	-999	22.159773
23-11-2010	4.4	1.31581345	23.876948	18.142529	5.895005766	-999	-999	-999	21.159773
24-11-2010	0.4	4.766542402	25.376948	18.642529	22.80500577	-999	-999	-999	22.159773
25-11-2010	0.4	3.556528617	24.376948	17.342529	17.16500577	-999	-999	-999	21.009773
26-11-2010	0.2	5.016569599	26.376948	16.742529	24.21500577	-999	-999	-999	21.709773
27-11-2010	1	5.198603884	26.376948	17.942529	24.87500577	-999	-999	-999	22.309773
28-11-2010	44.8	2.923709153	24.476948	18.442529	13.84500577	-999	-999	-999	21.609773
29-11-2010	2.2	3.503036312	24.776948	19.242529	16.57500577	-999	-999	-999	22.159773
30-11-2010	0	2.650787539	25.176948	18.242529	12.43500577	-999	-999	-999	21.859773
