date	rr	etp	tx	tn	rg	ux	un	vt	tm
08-05-1996	0	3.5	26.34	18.16	18.49	87.4	60.46	129.5	22
09-05-1996	0	4.1	25.78	17.75	18.57	80.8	58.23	207.5	21.78
10-05-1996	0	3.9	26.88	3.369	16.81	78.9	47.32	171.5	21.8
11-05-1996	0	3.5	26.6	16.48	17.52	86.2	55.95	131.5	21.58
12-05-1996	0	2.3	25.59	18.68	11.08	95.3	63.38	93	21.83
13-05-1996	0	2.8	26.52	18.26	13.92	94.2	69.48	122.5	21.71
14-05-1996	0	3.4	25.93	18.32	16.48	83.9	64.62	189	21.75
15-05-1996	0	3.6	25.18	18.39	18.04	90.9	62.16	222	21.55
16-05-1996	0	3.5	24.99	18.05	17.96	97.2	59.5	199.5	21.18
17-05-1996	0	3.3	24.18	17.81	15.92	97.9	57.62	215.5	20.49
18-05-1996	0	3	25.03	19.05	14.54	91.7	67.74	193	21.24
19-05-1996	0	2.5	25.58	18.14	13.21	93.5	69	97	21.26
20-05-1996	0	2.9	26.13	18.19	16.6	93.5	69.67	115	21.74
21-05-1996	0	2.9	26.4	17.9	15.9	94.5	65	121	21.05
22-05-1996	0	3.1	25.76	16.2	17.21	92.1	62.24	134.5	19.98
23-05-1996	0	3.2	22.07	15.89	17.36	96.6	60.05	247	19.45
24-05-1996	0	2.8	24.1	14.9	14.63	88	56.5	144.5	18.6
25-05-1996	0	3.2	24.5	16.62	17.41	85.4	51.96	156	20.06
26-05-1996	0	3.2	23.72	16.48	16.34	84.7	45.37	140.5	20.25
27-05-1996	0	2.6	23.81	17.85	13.62	92.6	66.48	119	20.4
28-05-1996	0	3	24.38	18.47	16.25	92.2	64.03	163	21.1
29-05-1996	0	3.5	21.79	16.36	16.4	92.7	52.56	344	20.06
30-05-1996	0	2.9	25.5	15.5	15.8	92	51.5	124.5	19.8
31-05-1996	0	2.7	25.7	15.9	14.15	87	53.5	118	19.85
01-06-1996	0	2.9	25.4	17.49	15.72	89.9	56.24	128	20.46
02-06-1996	0	2.5	23.79	16.61	13	89.6	60.66	124.5	20
03-06-1996	0	3.2	24.24	16.99	16.43	91.6	51.45	133	20.26
04-06-1996	0	2.6	23.17	17.22	15.05	90.9	72.5	141.5	19.74
05-06-1996	0	2	23.38	17.06	6.74	100.3	65.45	164.5	19.27
06-06-1996	0	2	21.77	17.68	9.74	98.4	77	221.5	19.08
07-06-1996	0	1.7	21.97	17.47	8.93	97.2	79.6	140.5	19.66
08-06-1996	0	2	24.82	18.51	10.58	94.4	69.54	91.5	20.99
09-06-1996	0	2.2	24.16	19.04	12.01	93	73.8	105.5	21.19
10-06-1996	0	2.5	23.45	16.7	11.8	93.3	69.83	117.5	19.86
11-06-1996	0	2.9	23.83	16.16	16.33	89.3	63.02	141	19.65
12-06-1996	0	2.4	23.71	17.36	14.63	88.5	66.39	119	20.04
13-06-1996	0	2.3	24.03	16.98	11.5	87.3	60.79	108.5	20.04
14-06-1996	0	2.7	23.87	17.48	14.5	88.7	59.48	131	20.14
15-06-1996	0	2.2	23.04	15.44	11.53	87.1	65.62	122.5	19.29
16-06-1996	0	2.4	23.42	16.66	14.63	91.2	62.82	116	19.7
17-06-1996	0	2.4	23.97	17.56	14.9	90.3	65.18	117.5	20.2
18-06-1996	0	2.9	24.8	16.1	16.69	90	62	193	20
19-06-1996	0	2.6	26	15.6	15.18	89.5	60.5	116	20.15
20-06-1996	1	2.9	23.6	14.6	17.53	99.5	60.5	178.5	19.5
21-06-1996	36	2.5	23.5	15.6	16.32	99	73	192.5	19.4
22-06-1996	0	1.9	19.68	16.36	9.08	98.5	75.6	220	17.76
23-06-1996	0	2.8	21.01	16.01	16.15	93.4	60.58	226.5	17.71
24-06-1996	0	3.1	21.23	15.75	16.43	85.2	56.23	249.5	18.11
25-06-1996	0	2.6	21.67	13.87	14.25	84.3	63.49	143	17.77
26-06-1996	0	2.4	22.61	15.69	13.74	85.5	57.17	120	18.66
27-06-1996	0	2.7	22.62	15.43	16	90.2	59.44	131.5	18.65
28-06-1996	0	2.4	23.17	16.01	12.52	95.6	56.41	131	19.32
29-06-1996	0	2	21.97	16.13	9.32	91.7	59.56	121	19.19
30-06-1996	0	2.9	23.08	16.12	15.19	84.3	46.06	131.5	18.75
01-07-1996	0	2.5	21.77	16.46	13.27	86.3	55.88	116.5	18.56
02-07-1996	0	2.4	20.8	15.75	14.8	90.4	67.17	145	18.03
03-07-1996	0	2.9	21.47	16.04	16.53	80.1	54.71	168	18.48
04-07-1996	0	2.6	20.69	16.24	15.04	85.4	57.99	162	17.96
05-07-1996	0	2.5	22.98	15.68	14.47	83.6	62.45	132.5	18.74
06-07-1996	0	2.8	23.03	14.26	16.61	83.9	56.04	137	18.65
07-07-1996	0	2.9	23.04	15.53	16.26	85	60.83	178	19.18
08-07-1996	0	2.8	22.06	15.93	13.87	93.3	56.55	210.5	18.73
09-07-1996	0	3.1	25.1	14.1	17.22	84.5	45	138.5	18.8
10-07-1996	0	2.5	22.02	16.12	10.81	85.6	56.97	159.5	18.65
11-07-1996	0	3	24.8	14.5	17.45	93	48	144.5	19.1
12-07-1996	0	3.1	24.38	16.61	16.83	90.1	60.79	182.5	20.03
13-07-1996	0	3.2	21.89	16.18	15.32	76.7	60	232	19.09
14-07-1996	0	2.8	22.99	15.48	14.78	86.7	61.3	150	18.9
15-07-1996	0	2.5	22.88	17.34	15.19	92.2	65.74	111	19.67
16-07-1996	0	2.8	23.55	15.91	16.3	91.5	55.59	116	19.42
17-07-1996	0	2.5	23.06	16.78	13.03	90.5	61.13	114	19.53
18-07-1996	0	2.8	22.36	16.25	16.28	89	61.86	184	18.96
19-07-1996	0	2.2	20.48	16.96	12.21	96.9	79.4	253	18.25
20-07-1996	0	2.6	19.89	15	14.19	93.7	69.21	244.5	17.32
21-07-1996	0	2.5	21.35	14.07	13.62	91.1	57.85	131	17.58
22-07-1996	0	2.4	22.59	15.53	13.56	93	61.99	112	18.5
23-07-1996	0	2.7	22.48	15.27	16.12	95.4	59.31	110	18.71
24-07-1996	0	2	18.5	13.32	6.73	94.8	55.87	158.5	16.17
25-07-1996	0	2	18.83	12.78	10.87	95.2	70.4	124	15.4
26-07-1996	0	2.3	20.55	14.27	14.86	96.7	68.37	165.5	17.13
27-07-1996	0	2.9	21.36	13.16	18.37	96.7	57.35	228	17.7
28-07-1996	0	3	21.39	15.56	17.7	97	59.16	251.5	17.96
29-07-1996	0	3.3	21.96	13.82	18.08	81.3	53.94	184.5	17.72
30-07-1996	0	2.7	22.21	13.52	12.28	86.8	59.85	140	17.87
31-07-1996	0	2.9	22.23	12.71	16.64	90.1	42.59	136	17.77
01-08-1996	0	2.9	23.06	15.37	17.34	83.7	56.13	108	18.93
02-08-1996	0	2.9	24.01	14.9	14.71	81.6	51.04	114	18.9
03-08-1996	0	3	22.79	15.6	15.54	75.8	48.24	125	18.78
04-08-1996	0	3.1	21.82	15.04	14.98	95.4	47.81	153	18.57
05-08-1996	0	2.8	20.28	15.6	15.27	97.5	55.14	131.5	18.03
06-08-1996	0	3.3	20.9	14.71	16.57	75.8	50.76	197	17.54
07-08-1996	0	3.1	21.52	13.6	16.92	72.9	51.09	133.5	17.36
08-08-1996	0	2.8	22.39	14.63	15.75	85.7	58.11	123	17.96
09-08-1996	0	3	22.74	14.75	16.76	86	58.73	134	18.15
10-08-1996	0	2.7	22.17	14.6	12.07	82.3	57.99	130	18.51
11-08-1996	0	2.8	22.12	14.74	14.02	85	54.48	135.5	18.17
12-08-1996	0	3.3	23.9	14	18.07	89	59	210	19.1
13-08-1996	0	3.5	25.6	14.9	18.58	91.5	47.5	152.5	19.4
14-08-1996	0	3.4	24.73	16.39	18.58	87.2	54.73	138.5	19.39
15-08-1996	0	2.9	23	15.84	14.02	89.3	51.67	112	19.33
16-08-1996	0	4	23.68	16.09	20.04	89.5	44.03	198.5	19.96
17-08-1996	0	3.1	23.18	15.71	15.67	90.3	61.88	122.5	18.87
18-08-1996	0	3.2	23.87	15.79	16.38	90.4	52.67	133	19.3
19-08-1996	0	3.2	22.93	15	14.21	85.1	52.65	132.5	18.68
20-08-1996	0	3.8	23.75	15.77	20.25	68.36	43.36	136	19.41
21-08-1996	0	3.4	23.44	14.96	17.73	86.7	47.34	125.5	19.08
22-08-1996	0	2.5	23.24	16.04	11.95	90.2	55.44	105	19.02
23-08-1996	0	3.2	23.25	16.75	18.85	91.7	64.83	120.5	19.97
24-08-1996	0	3.1	23.24	15.69	15.58	100.4	68.09	129	18.54
25-08-1996	0	2.9	21.52	15.07	15.35	97.8	60.96	118	18
26-08-1996	0	3.6	21.51	14.55	21.6	85.6	63.47	171.5	18.11
27-08-1996	0	4.1	22.4	13.75	21.86	84.1	49.37	172	17.95
28-08-1996	0	3.6	23.46	13.34	19.42	81.3	47	145	18.19
29-08-1996	0	3.4	23.21	16.5	18.47	78.7	53.91	127.5	19.33
30-08-1996	0	3.4	24.6	15.1	18.96	92.5	58	119	19.25
31-08-1996	0	3	22.56	16.22	14.15	91.1	66.95	124	19.21
01-09-1996	0	3.8	23.88	14.99	19.93	92.6	53.95	133	18.97
02-09-1996	0	3.4	23.51	15.99	18.91	92.6	53.17	114	19.52
03-09-1996	0	3.8	24.42	15.84	19.95	94	56.86	149.5	19.71
04-09-1996	0	3.8	22.62	15.74	21.59	92.8	57.39	145	19.08
05-09-1996	0	3.7	23.46	16.16	17.87	83.4	52.19	152	19.4
06-09-1996	0	4.1	22.4	15.32	21.57	84.5	43.57	167.5	18.84
07-09-1996	0	3.1	22.76	15.64	15.94	87.5	57.46	108.5	19.14
08-09-1996	0	3.5	23.86	15.69	19.58	96.6	62.57	148	19.55
09-09-1996	0	3.5	24.73	15.93	16.17	94.6	57.71	157	20.08
10-09-1996	0	4.2	24.38	16.19	21.68	90.4	54.51	179.5	19.94
11-09-1996	0	4.4	23.49	16.88	23.12	82.7	58.07	196.5	19.76
12-09-1996	0	3.8	22.56	15.22	16.72	85.2	62.56	141.5	19.05
13-09-1996	0	3.3	22.49	15.85	15.54	91.2	61.92	132.5	18.89
14-09-1996	0	4.1	23.58	16.68	22.78	88.8	60.13	146.5	19.79
15-09-1996	0	2.8	22.26	16.65	13.06	83.3	65.81	112.5	19.51
16-09-1996	0	4	24.46	16.57	21.22	97.2	53.87	127.5	20.13
17-09-1996	0	4.5	22.59	16.06	23.47	96	50.05	185	18.78
18-09-1996	0	4.4	20.45	14.85	22.72	80.2	51.61	231.5	17.52
19-09-1996	0	4.5	21.78	15.29	24.42	75.4	53.87	274.5	18.08
20-09-1996	0	3.7	22.1	14.41	20.71	83.5	58.14	146	18.12
21-09-1996	0	4.2	21.7	15.92	24.84	82.1	58.69	170.5	18.46
22-09-1996	0	3.8	23.16	16.11	22.89	92	72.9	165.5	19.01
23-09-1996	0	4.6	23.1	14.2	25.76	90.5	43	176	18.15
24-09-1996	0	4.4	21.66	15.1	24.82	91.2	51.64	171.5	18.14
25-09-1996	0	4.4	22.33	15.06	26.69	93.4	63.32	242	18.65
26-09-1996	0	5.4	23.38	16.51	26.55	89.9	51.06	366.5	18.91
27-09-1996	0	5.1	23.6	13.94	26.37	77.5	44.76	184.5	18.68
28-09-1996	0	4.2	23.12	14.52	20.01	79.3	45.89	142	18.83
29-09-1996	0	3.8	22.96	14.85	16.81	77	42.48	134.5	18.7
30-09-1996	0	5.2	23.81	14.71	26.46	79.6	44.02	195.5	19.17
01-10-1996	0	5.2	23.59	14.72	27.18	90.3	50.61	234.5	19.43
02-10-1996	0	4.7	23.77	15.24	26.14	90.5	63.9	199	19.29
03-10-1996	0	4.4	22.93	15.36	22.18	77.1	51.88	163	19.13
04-10-1996	0	4.7	24	15.48	21.9	78.5	51.09	235	19.48
05-10-1996	0	4.6	23.79	16.4	23.21	80.9	54.75	228.5	19.77
06-10-1996	0	5.3	25.11	17.09	26.48	83.1	48.28	186.5	20.47
07-10-1996	0	5.2	24.85	16.89	25.12	84.8	46.29	209	20.37
08-10-1996	0	3.3	22.5	15.51	12.7	82.9	58.98	141	19.01
09-10-1996	0	3.5	22.83	15.87	14.5	88	56.29	131	19.47
10-10-1996	0	3.9	23.86	16.17	15.26	88.6	52.89	139	20.06
11-10-1996	0	3.6	23.86	16.62	14.82	90.8	53.18	135.5	19.93
12-10-1996	0	3.7	23.82	16.47	16.53	89.2	56.82	137	19.87
13-10-1996	0	4.2	23.67	16.12	20.57	87.5	55.35	170	19.95
14-10-1996	0	5.1	27.1	15.5	26.1	88	49	180.5	20.55
15-10-1996	0	4.9	26.6	15.2	25.15	88	51	148	20.3
16-10-1996	0	4.4	26.2	15.5	22.94	95.5	55	150	20.15
17-10-1996	8.3	4.4	26.4	16.4	22.03	96	51	145	20.85
18-10-1996	0	4.1	24.3	16	24.24	97.5	76	222.5	20.45
19-10-1996	0	4.8	28.1	16.7	24.24	95	55	178	21.4
20-10-1996	0	2.8	25.3	17.3	12.52	95.5	70.5	119.5	21
21-10-1996	0	2.8	26.8	18.5	13.15	97.5	67.5	97	21.35
22-10-1996	0	3.6	27	17.7	18.14	95	63	112.5	22.25
23-10-1996	0	3.1	26.8	18.2	14.75	95.5	69.5	99	21.9
24-10-1996	0	6	27.3	17.8	29.38	90	45	239	22.25
25-10-1996	0	5.2	26.8	16.9	26.87	93	57	188	21.55
26-10-1996	0	5.8	27.7	16.7	29.77	95.5	41.5	169	21.35
27-10-1996	0	3.8	24.8	15.8	17.4	88	61	166	19.95
28-10-1996	0	4.8	27.3	16.6	25.52	87	60	163	21.25
29-10-1996	0	3.2	25.6	15.8	13.2	89	59	132.5	20.15
30-10-1996	0	4.6	26.8	16.4	23.54	90	52.5	149.5	21.3
31-10-1996	0	5.4	27.7	16.4	27.56	87.5	51	173	21.75
01-11-1996	0	3.8	25.9	17	17.73	90.5	58	132.5	21.35
02-11-1996	0	2.6	25.3	18.4	10.5	90	65	104.5	21.85
03-11-1996	0	4.7	27.4	18.4	23.48	87.5	61.5	152	22.05
04-11-1996	0	5.9	27.5	17.2	30.52	89	54.5	232	22.05
05-11-1996	0	6.2	27.3	16.7	30.61	86	48.5	262	22.05
06-11-1996	0	5.3	27.9	17	25.5	90.5	51	187	21.7
07-11-1996	0	4.1	27.7	16.7	19.22	90.5	59.5	144.5	21.45
08-11-1996	0	6.3	28.5	16.8	31.07	84.5	40.5	204	22.4
09-11-1996	0	5	27.8	16.8	22.02	89	44.5	166.5	21.75
10-11-1996	0	6.3	27.8	17.2	30.44	88.5	43.5	250.5	22.15
11-11-1996	0	6	27	16.1	29.45	80.5	52.5	246	21.6
12-11-1996	0	5.4	26.9	18.2	26.06	85.5	56.5	267	21.75
13-11-1996	0	5.3	26.9	16.4	26.08	88	54	187	21.5
14-11-1996	0	4.8	27.4	17.3	24.9	92.5	58.5	144	21.65
15-11-1996	0	4.4	27.2	18.3	22.42	97	62.5	133	22.25
16-11-1996	0	4	27	18	18.28	93.5	64	151	21.75
17-11-1996	0	5	27.3	18.1	25.62	89.5	60.5	154.5	22.3
18-11-1996	0	4.8	27.8	17.5	24.33	93	64.5	147	22.2
19-11-1996	0	3.8	27.7	18	17.47	94.5	65	136.5	22.2
20-11-1996	0	5.1	28.4	18.6	27.15	91.5	65	151.5	23.25
21-11-1996	0	6	28.7	20	30.67	94	59	217	24.05
22-11-1996	0	5.8	29.6	19.2	27.66	92	50	147.5	23.5
23-11-1996	0.3	3.8	27.6	18.6	17.66	93.5	68.5	143.5	22.35
24-11-1996	0	5.2	28.9	19.2	25.01	90	54.5	159.5	23.4
25-11-1996	0	4.7	28.1	18.5	21.93	85.5	60.5	155	23
26-11-1996	0	5	29.5	18.6	22.05	88.5	54	174.5	23.25
27-11-1996	0	5.1	29.3	19.2	25.39	90	61	143.5	23.55
28-11-1996	0	6.1	29.7	19.7	29.83	94.5	49	156	23.85
29-11-1996	0	4	28.5	19.9	17.79	98.5	55	129	23.25
30-11-1996	0	5.5	29.4	19.2	27.82	95.5	63	176.5	23.5
01-12-1996	0.5	3.8	28.2	19.7	17.27	93	66.5	125.5	23.1
02-12-1996	0.5	4.7	28.8	20	22.88	93.5	64.5	158.5	23.95
03-12-1996	39.3	4.6	29	20.4	22.15	101.5	64	140	24.2
04-12-1996	0	6.1	30.2	20.1	29.38	100	59	235	24.3
05-12-1996	0	5.8	28.9	19.7	28.41	92.5	59.5	205	23.8
06-12-1996	0	6.3	30.4	19.5	30.18	94.5	55	249.5	24.4
07-12-1996	2.3	3.9	29	21.4	15.32	96	66	301.5	24.65
08-12-1996	42.5	2.7	23.5	20.6	4.83	101.5	63.5	397.5	22.1
09-12-1996	3	3.7	26.8	19.9	19.63	99.5	78.5	151.5	22.6
10-12-1996	0	4.2	27.7	19.3	21.55	98.5	70	117.5	23.35
11-12-1996	0	6	28.1	19.8	31.82	92.5	65	208	23.65
12-12-1996	0	5.9	27.1	18.2	32.12	93.5	65	213	22.55
13-12-1996	0	6.3	26.6	16.7	32.23	93.5	42	209.5	21.8
14-12-1996	0	5.8	26.7	17.5	30.33	90.5	53.5	189.5	22.05
15-12-1996	0	3.7	27.5	17.8	16.5	93	56	113.5	22
16-12-1996	0	5	27.6	18.6	26.09	94.5	63	132	23
17-12-1996	0	5.2	29.5	20	26.51	92.5	59.5	122.5	24.1
18-12-1996	0.8	4.2	28.2	19.7	19.67	97.5	64.5	117	23.4
19-12-1996	0	4.8	29	20.7	24.18	94.5	67.5	121.5	24.4
20-12-1996	0	5.3	29.3	20.9	26.9	93	68.5	127	24.6
21-12-1996	0	4.5	29.2	20.6	20.57	94	61.5	127.5	24.45
22-12-1996	0	6.1	30.5	21.2	30.59	88	57.5	129.5	25.6
23-12-1996	0	6.1	31.8	21.4	28.48	91	53.5	133	26.05
24-12-1996	0	6.1	31	21.1	29.06	93.5	61	154	25.55
25-12-1996	0	5	30.9	20.1	23.02	94.5	60.5	110.5	24.95
26-12-1996	1.5	3.1	27.6	22.9	13.68	96	74	77.5	24.65
27-12-1996	0	3.7	29.1	21.7	16.62	94.5	69.5	95.5	24.7
28-12-1996	0	5.1	31.5	20.9	23.12	95	54.5	121	25.35
29-12-1996	0	4.1	30.2	21.8	18.5	95	62	99.5	25.2
30-12-1996	0	6.3	30.6	21.1	30.65	95.5	54	162.5	25.05
31-12-1996	0	6.1	30	19.8	29.11	92.5	53.5	150.5	24.45
01-01-1997	0	6	30.1	20.1	29.36	91	53	131.5	24.5
02-01-1997	0	6.3	30.8	19.7	30.78	88	52	134	24.85
03-01-1997	0	5.9	31.1	19.8	28.57	89.5	54.5	123.5	24.95
04-01-1997	0	4.9	29.5	19.5	23.27	93.5	58.5	107.5	24.55
05-01-1997	0	5.5	31.3	21.2	26.87	96	59	114.5	25.6
06-01-1997	0	5	30.4	21.1	23.45	93.5	62	99	25.3
07-01-1997	1.3	4	31	22.8	18.44	97	66	74	25.6
08-01-1997	0	4.1	31.1	21.4	17.6	96.5	58	75.5	24.8
09-01-1997	0	5.2	30.9	20.2	23.39	92	50	133.5	25.15
10-01-1997	0	6.6	30.2	20.4	31.23	86	46.5	151.5	24.65
11-01-1997	0	5.9	30.4	19.4	27.12	86	54.5	162	24.5
12-01-1997	0	4.7	31.1	19.8	21.16	93.5	54.5	111	24.9
13-01-1997	0	5.8	32.1	21.4	28.23	96	57.5	103.5	25.9
14-01-1997	0.8	4.8	30.8	21.4	22.57	96	62	85.5	25.45
15-01-1997	0	4.2	31.1	21.8	18.92	96	60	76	25.55
16-01-1997	0	5.3	31.1	20.5	23.56	89.5	49	110	24.95
17-01-1997	13.5	4.6	31.3	20.3	18.35	101	52.5	149	24.15
18-01-1997	0.5	3.5	30.4	22.1	16.35	99.5	70.5	91	25.85
19-01-1997	0.3	5.4	31.2	22.2	25.95	96.5	60.5	77	26.15
20-01-1997	24.5	3.3	30.5	22.6	13.7	101.5	67	52.5	24.6
21-01-1997	5.8	3	29.8	22.1	13.01	97.5	66.5	65	25.35
22-01-1997	2	2.5	28.8	21.3	6.7	98.5	57.5	129	24.1
23-01-1997	20.5	2.9	30.1	23.5	11.59	100.5	62.5	93	25.2
24-01-1997	7	2.6	28.4	22.8	8.93	103.5	62.5	100.5	24.65
25-01-1997	0.8	3.8	29.7	22.6	18.49	100.5	68	56.5	25.5
26-01-1997	0	3.6	28.7	22.6	16.19	102	65	59	24.95
27-01-1997	3.5	4.7	30.5	22.3	22.27	97	60.5	77	24.9
28-01-1997	6.3	5.7	30.1	20.5	28.51	97	58	100.5	24.55
29-01-1997	0.3	4.3	29.9	20.4	19.77	96.5	62.5	84.5	24.05
30-01-1997	0	5.8	29.2	20.3	30.31	97	66.5	198.5	24.9
31-01-1997	0	5.9	28.9	20.8	30.55	97	66.5	170	25.05
01-02-1997	0	5.4	28.6	20.5	27.81	101.5	71.5	89.5	24.7
02-02-1997	0	3.7	30	21.7	17.35	101.5	70	55	25.2
03-02-1997	0	4.2	30.2	21.5	19.45	100	63.5	79	25.4
04-02-1997	24.8	3.1	28.9	21.2	12.75	102	69	56	23.75
05-02-1997	0	5.4	29.4	20.3	28.1	99	68	176	24.2
06-02-1997	28.8	3.5	30.1	20.6	15.7	101.5	62.5	62	23.3
07-02-1997	0	3.1	28.9	21.2	14.41	97	67.5	69.5	24.45
08-02-1997	0	3.6	29.3	22.2	15.6	89	69	103	24.9
09-02-1997	4	4.2	31	20.3	19.07	98.5	69	120	24.55
10-02-1997	0	5	30.1	20.8	25.29	97.5	67	94.5	25.35
11-02-1997	0	4	29.7	20.4	17.6	98	58	79	24.6
12-02-1997	0	5.6	30.9	20.9	28.54	98.5	66	92.5	25.45
13-02-1997	0	3.7	29.5	21.2	17.34	99.5	66.5	65	25.05
14-02-1997	0	5	30.4	21.5	25.25	97.5	66	75	25.4
15-02-1997	0	4.1	29.7	21.1	19.23	94.5	64	80	24.65
16-02-1997	0	5	30.7	21.8	24.81	98	58.5	87	24.95
17-02-1997	0	5.3	30.5	20.7	25.55	96	58	120.5	24.85
18-02-1997	0	5.8	30.8	21.3	28.47	97	55.5	138	25.25
19-02-1997	0	4.8	31.7	21.6	22.52	97	59.5	102	25.3
20-02-1997	0	5.8	30.3	20.4	27.15	95.5	46	168	24.75
21-02-1997	0	5.5	29.5	19.1	26.22	97	55	208	24.15
22-02-1997	15.5	4.1	28.1	19.8	20.75	102	77	156	23.65
23-02-1997	1.5	3.2	27.6	22.4	16.06	103.5	80.5	127.5	24.2
24-02-1997	0.8	4.3	28.5	19.6	20.11	95.5	60	133	23.45
25-02-1997	0	3.6	28.2	19.7	16.81	97	66	134	23.15
26-02-1997	0	4	30.2	19.5	19.46	93.5	64	117	24.3
27-02-1997	2.3	3	29.6	21.7	13.24	99	65.5	89.5	24.6
28-02-1997	0	5.5	31.3	21.1	27.28	99.5	60	145	25.4
01-03-1997	0	5.6	30.7	20.25	27.745	99	59.5	153	24.7
02-03-1997	0	4.6	29.35	20.25	22.19	94	60.5	122.5	24.05
03-03-1997	0	5.3	29.45	19.85	26.205	91	53	147.5	24
04-03-1997	0	4.85	30.4	19.8	24.515	96	56.5	116	24.55
05-03-1997	1.25	3	30.8	21.4	10.69	97	44	91.5	24.65
06-03-1997	0	3.95	31.6	21.25	16.42	97.5	52.5	117.5	24.9
07-03-1997	0	4.05	30.25	21.55	18.12	93.5	61	121.5	24.95
08-03-1997	0	3.3	28.85	20.4	14.215	91	64.5	97	24.5
09-03-1997	0.75	3.35	30.2	20.8	14.27	97.5	64.5	112	24.15
10-03-1997	0	4.75	30.4	20.3	23.72	98	57	118	24.55
11-03-1997	0	5.2	30.4	20.3	25.465	92	58	149	24.65
12-03-1997	0	5.55	29.55	20.15	27.23	91.5	57	191.5	24.15
13-03-1997	0	5.55	28.7	19.55	27.395	87.5	54	189.5	23.4
14-03-1997	0	4.35	28.3	18.75	21.125	91.5	61.5	147.5	22.65
15-03-1997	0	5	29.15	19.85	25.355	83	58	152	23.95
16-03-1997	0	4.3	29.3	20.55	21.005	90	58.5	122	24.2
17-03-1997	0	3.55	29.55	20.05	15.895	98	62.5	125	23.8
18-03-1997	2	3.6	29.55	21.4	17.065	99.5	64	120.5	24.6
19-03-1997	1.5	2.55	30.05	22.35	8.565	101	54.5	103	24.6
20-03-1997	0	4.7	30	21.75	23.965	99	63	139	25.1
21-03-1997	0	4.15	30.25	21.1	19.98	102	64.5	115.5	25.1
22-03-1997	0	4.7	30.6	22.05	23.54	103.5	64	124.5	25.7
23-03-1997	0	3.45	29.85	21.35	14.01	103.5	65.5	130.5	24.7
24-03-1997	0	5.35	32.15	20.8	24.52	105	52	167	25.5
25-03-1997	0	4.55	31.25	20.65	20.195	105	57.5	152.5	25.55
26-03-1997	0	3.45	29.9	21.8	15.45	104.5	71	112	25.4
27-03-1997	8.25	2.9	29.4	22	12.175	108	78	129.5	24.7
28-03-1997	0	3.95	29.35	20.4	18.345	107.5	63.5	131.5	24.25
29-03-1997	0	3.8	29.5	20.5	18.41	104	73.5	154	24.4
30-03-1997	6	4.05	29.6	21.4	18.78	106	62.5	137.5	24.5
31-03-1997	0	3.95	29.55	20.6	17.655	103	62	146.5	24.2
01-04-1997	0	4.15	29.15	20.65	20.06	103	60	134.5	24.45
02-04-1997	40.25	4.05	29.25	20.95	19.705	104.5	64.5	126	24.4
03-04-1997	2.25	3.5	26.1	20.25	16.245	111	72.5	156.5	22.4
04-04-1997	1.75	4.15	26.85	20.3	17.25	96.5	45.5	194.5	22.7
05-04-1997	0	4.45	26.9	18.4	21.84	106	60	239	22.65
06-04-1997	0	2.9	27.95	20.25	12.07	97	54.5	109.5	23.2
07-04-1997	0	4.3	29.1	19.05	20.795	96.5	46	131	23.55
08-04-1997	0	4.05	29.2	19.1	18.215	95.5	47.5	137.5	23.3
09-04-1997	0	3.7	28.45	18.9	19.13	94	57	109.5	23.2
10-04-1997	0	2.65	27.45	19.4	10.155	91	55	106	22.8
11-04-1997	0	3.1	27.75	21.05	14.97	102.5	61	105.5	23.5
12-04-1997	0	4.1	27.85	18.5	21.505	97.5	61.5	133.5	22.9
13-04-1997	18.5	4.1	28.95	19.8	19.235	109.5	49.5	139	23.4
14-04-1997	0	2.75	25.9	20.15	11.715	110	66.5	102.5	22.15
15-04-1997	0	4.2	28.1	18.05	20.145	100	48.5	165	22.85
16-04-1997	0	4.3	26.25	20.34	24.3365	80.5	56.7	206.5	23.39
17-04-1997	0	4.15	28.38	20.43	25.0367	84.2	53.36	116	23.88
18-04-1997	0	2.65	27.34	20.81	12.556	87.6	63.67	102.5	24.11
19-04-1997	0	3.6	29.1	22.35	18.3645	93.3	57.73	116	24.86
20-04-1997	0	3.05	27.25	21.46	16.3919	93.6	67.82	104.5	24
21-04-1997	0	3.5	27.57	20.99	15.2949	94.6	65.31	130.5	23.6
22-04-1997	0	3.7	27.42	21.13	17.9215	87.3	64.29	117.5	23.81
23-04-1997	0	2.85	27.11	20.98	11.71	92.1	66.36	103	23.65
24-04-1997	7.5	3.65	27.67	21.14	16.1923	94.2	64.74	131.5	23.51
25-04-1997	0	3.4	27.63	20.62	14.4144	93	59.33	111	23.54
26-04-1997	0	3.2	27.7	20.9	13.1474	90.2	67.01	110.5	23.69
27-04-1997	0.5	2.5	26.8	21.55	11.5122	95.7	73.2	94.5	23.6
28-04-1997	0	2.45	26.68	21.4	12.2793	96.3	76.9	98	23.8
29-04-1997	3.5	2.75	26.61	21.92	10.0684	95.7	75.4	94	23.61
30-04-1997	13.5	2.8	27.74	21.17	12.6905	97.1	69.69	103.5	23.48
01-05-1997	0	2.6	26.9	21.2	12.18	96	71.9	101	23.75
02-05-1997	0	2.4	26.4	21.23	10.3708	93	58.52	99	23.6
03-05-1997	23.5	2.55	26.92	21.41	10.5517	98	66.62	100	23.61
04-05-1997	1.5	3	26.28	20.38	12.9703	97.7	74.7	112	22.56
05-05-1997	0	3.5	25.91	20.07	18.8115	92.7	71.4	150.5	22.42
06-05-1997	0	3.7	26.5	19.24	17.4642	84.7	46.42	143.5	22.59
07-05-1997	0	2.95	25.87	20.64	14.0293	82.9	64.31	132	23.01
08-05-1997	0	2.1	26.02	20.64	8.2303	91	65.74	76.5	23.08
09-05-1997	21	2.3	23.06	19.95	7.2796	96.9	73.9	214	21.11
10-05-1997	0	3.5	22.75	19.36	14.909	89.2	60.51	320	20.82
11-05-1997	0	2.35	22.51	18.96	8.8735	87.3	62.77	189.5	20.7
12-05-1997	0	2.4	25.48	18.99	11.1409	86.6	60	92	21.62
13-05-1997	1.5	1.7	24.04	19.9	6.2808	89.4	74.5	88	21.74
14-05-1997	0	2	24.6	19.87	9.2558	96.2	79.9	92.5	22.2
15-05-1997	0	2.75	26.23	19.89	15.0694	92.5	68.42	94.5	23.1
16-05-1997	25.5	1.7	25.41	20.26	6.0646	96.8	74.7	77.5	22.27
17-05-1997	0	2.3	24.72	19.61	10.8814	96	71.2	93	21.91
18-05-1997	13	3	24.85	19.05	16.8561	97.6	76.1	188	21.32
19-05-1997	8	3.1	23.57	18.66	17.9396	91.8	70.1	227	20.68
20-05-1997	0.5	3.15	23.93	19.34	16.7034	92.5	64.8	229.5	21.37
21-05-1997	0	3.3	25.92	19.5	15.5844	86.3	51.46	164	22.1
22-05-1997	0	2.85	25.65	19.21	11.3281	85.3	57.76	124.5	21.73
23-05-1997	0	2.45	25.22	18.34	11.3652	92.8	62.73	109	21.39
24-05-1997	0	2.35	24.36	18.27	10.7104	91.7	68.97	102	21.12
25-05-1997	0	2.7	25.66	17.87	12.2566	91.2	57.16	115	21.21
26-05-1997	0	3	24.62	18.37	16.0665	90.6	62.94	134.5	20.92
27-05-1997	0	2.55	24.15	17.9	14.6958	90.1	70.1	122.5	20.58
28-05-1997	0	2.95	25.85	17.49	15.7479	90.3	57.5	124	20.99
29-05-1997	0	3.85	26.14	17.56	16.5504	84.5	39.1	180	21.11
30-05-1997	0	3.3	25.66	16.6	16.4496	85.6	45.47	130	20.92
31-05-1997	0	3.5	25.84	18	16.3815	81.9	49.31	172.5	21.48
01-06-1997	0	2.5	24.77	17.52	12.2062	91.1	66.04	105	20.69
02-06-1997	0	2.6	25.15	17.53	11.5081	85.8	51.35	112	20.75
03-06-1997	0	2.7	24.95	17.68	13.5614	91.6	63.22	117.5	20.57
04-06-1997	0	2.95	25.39	17.43	15.0309	92.8	59.36	131.5	20.98
05-06-1997	0	2.9	24.58	17.79	14.1536	91	69.07	149	20.72
06-06-1997	0	2.25	24.07	17.6	10.3242	89.2	66.39	104.5	20.51
07-06-1997	0	2.6	24.19	16.99	12.4127	87.9	54.43	112	20.24
08-06-1997	0	2.95	26.25	17.76	14.4124	87.4	51.93	130	21.02
09-06-1997	0	2.7	25.07	17.5	13.192	89.4	58.5	130	21.17
10-06-1997	0	2.85	25.98	17.18	14.4469	91.2	58.26	118	20.84
11-06-1997	0	2.6	25.53	17.25	13.5131	84.9	64.01	111	20.8
12-06-1997	1	2.5	24.83	18.08	12.1661	88.9	62.12	116.5	20.64
13-06-1997	0	3	24.58	17.81	14.2557	84.5	57.63	139	21.13
14-06-1997	0	3.35	24.17	18.48	15.9281	80.7	58.5	199.5	20.73
15-06-1997	3	3.35	24.51	16.29	15.9714	96.6	50.95	180.5	20.18
16-06-1997	1.5	1.8	23.41	18.19	7.5747	96.3	75.4	108.5	20.06
17-06-1997	0	2.5	23.75	16.26	11.9868	92.6	59.08	134	19.41
18-06-1997	0	2.85	24.56	16.62	14.9865	88.2	57.19	124	19.98
19-06-1997	0	2.35	24.06	16.8	8.8784	85	49.7	109	19.56
20-06-1997	0	2.25	23.12	16.41	9.8553	90.2	64.27	119.5	19.57
21-06-1997	0	2.65	23.39	16.48	13.0872	87.2	51.99	140	19.7
22-06-1997	0	3.45	23.58	15.71	16.0787	76.2	46.74	191.5	19.7
23-06-1997	0	3.1	25.59	16.25	14.7694	82.3	56.82	165.5	20.43
24-06-1997	0	2.85	23.88	17.25	13.8934	85.9	62.52	199	20.22
25-06-1997	0	3.45	25.03	16.14	15.8373	77.2	47.08	180.5	19.98
26-06-1997	0	3	24.34	15.67	15.1962	88.9	62.2	148	19.63
27-06-1997	0	3.25	24.23	15.49	15.4974	86	50.24	171.5	19.75
28-06-1997	0	2.7	24.13	16.43	13.1155	88.7	55.01	129.5	19.75
29-06-1997	0	3.65	25	16.56	15.8916	84.5	45.63	208.5	20.47
30-06-1997	0	3.5	24.37	16.74	16.0216	85.5	53.51	196.5	20.05
01-07-1997	0	3.35	23.75	17.19	16.0104	82.9	62.08	233	20.47
02-07-1997	0	4.95	24.11	18.46	16.0863	80.9	20.4	302.5	20.84
03-07-1997	0	2.65	24.57	17.3	12.8224	91.7	60.16	113	20.5
04-07-1997	0	2.55	23.69	16.76	11.342	90.4	64.07	125.5	19.89
05-07-1997	0	2.05	23.34	16.5	8.9187	89	62.96	101.5	19.76
06-07-1997	0	2.95	24.3	16.64	15.9392	90.2	52.38	119	20.12
07-07-1997	9	1.75	19.9	16.13	4.8267	98.9	59.08	139	17.88
08-07-1997	2.5	2.4	21.35	15.67	12.859	94.9	61.93	139.5	17.65
09-07-1997	0.5	2.75	20.41	15.8	14.2877	86.9	63.22	207	17.4
10-07-1997	3.5	3.1	20.39	15.4	15.9468	88.9	60.31	277	17.36
11-07-1997	0	3.8	22.13	16.03	16.9431	82.1	46.97	314.5	18.59
12-07-1997	0	3.35	22.17	15.38	16.8916	84.3	56.25	235.5	18.64
13-07-1997	0	2.6	22.46	14.85	12.0591	85	64.22	172	18.34
14-07-1997	3	3.35	21.85	16.72	17.1685	84.3	57.62	302.5	18.86
15-07-1997	1	3.5	21.56	16.93	17.2591	91.4	56.37	353	18.97
16-07-1997	0	3.5	23.95	14.5	18.11	83.5	53	250.5	18.9
17-07-1997	0	3.05	22.97	15.44	15.6471	84.7	57.54	168	18.91
18-07-1997	0	2.55	22.93	15.14	12.1099	91.6	59.06	128	18.6
19-07-1997	0	3.15	23.15	15.46	16.1795	87.2	62.12	183.5	19.19
20-07-1997	0	3.1	24.4	15.98	15.6782	90.1	57.72	139.5	19.29
21-07-1997	0	3.05	23.59	14.85	15.5902	85.6	59.13	135.5	18.74
22-07-1997	0	2.6	23.1	14.08	12.1075	86.2	53.5	122.5	18.31
23-07-1997	0	3	23.13	15.05	16.2799	88.8	61.2	169	18.83
24-07-1997	0	2.85	23.92	14.26	15.8212	85.5	61.97	138	19.04
25-07-1997	0	3.2	24.09	14.68	17.1183	90	56.88	147.5	18.92
26-07-1997	0	3.2	24.56	14.22	17.0405	93.4	58.26	130.5	18.76
27-07-1997	0	3.65	23.68	14.54	17.9064	82	49.87	211	18.93
28-07-1997	0.5	3.05	23.9	16.16	14.9434	97.4	67.28	190.5	19.73
29-07-1997	26	2	23.82	17.95	10.2783	96.8	76.8	96.5	20.75
30-07-1997	0	2.4	23.88	17.44	11.5826	100.3	70.1	112.5	20.09
31-07-1997	0	3.2	22.89	17.08	17.4874	88.9	64.57	198	19.49
01-08-1997	0	2.75	23.73	15.21	15.0618	90.6	62.65	112	19.37
02-08-1997	1.5	2.35	24.21	16.52	11.2577	93.9	65.66	90.5	19.84
03-08-1997	0	2.65	25.33	17.75	10.1107	95.4	51.42	154.5	21.04
04-08-1997	0	2.95	25.06	17.13	15.5355	92.5	65.11	123.5	20.58
05-08-1997	0	2.75	23.19	16.85	12.1663	96.1	71.1	134	19.53
06-08-1997	0	2.55	23.53	15.49	11.9454	93.3	61.22	113.5	19.12
07-08-1997	0	2.3	23.45	15.95	11.87	92.5	63	122	19.35
08-08-1997	2	2.75	22.27	15.76	13.5536	94.4	66.47	134.5	18.91
09-08-1997	4	3.25	22.77	16.23	18.3849	97.3	64.45	142.5	19.32
10-08-1997	0	3.6	21.01	16.52	19.5124	95.4	61.19	240	18.44
11-08-1997	0	2.8	21.91	14.14	13.9287	87.6	61.1	144	17.81
12-08-1997	0	3.55	23.86	15.13	18.8894	84.6	51.28	154.5	18.93
13-08-1997	0	3.3	23.27	14.86	17.0071	79.8	55.2	140	18.8
14-08-1997	0	3.2	22.58	15.82	15.7232	86.2	61.41	143	18.98
15-08-1997	0	3.7	23.35	16.05	19.8312	87.9	56.78	153.5	19.21
16-08-1997	0	3.7	23.11	15.82	20.0733	91	62.92	183	18.91
17-08-1997	0	3.4	23.73	16.05	16.5484	93.3	56.71	147	19.42
18-08-1997	0	3.2	23.64	17.18	17.1904	90.3	67.49	117.5	20.04
19-08-1997	0	3.55	23.21	16.9	18.8118	91	64.88	134	19.56
20-08-1997	0	3.75	23.28	15.38	20.1892	91.1	50.85	147.5	19.13
21-08-1997	0	3.2	22.95	15.64	13.9643	83.9	54.27	138	19.19
22-08-1997	0	3.75	22.66	14.65	17.4232	79.9	56.69	155.5	18.57
23-08-1997	0	4.1	23.49	15.1	19.3237	81	45.48	150.5	19.47
24-08-1997	0	3.65	24.53	16.6	18.05	86.2	57.04	150	19.95
25-08-1997	0	4.05	23.61	15.89	21.3271	88.2	69.21	244.5	19.74
26-08-1997	1.5	3.8	23.31	16.49	16.1253	92.4	61.7	253	19.09
27-08-1997	0	4.25	23.53	15.54	21.4645	86.5	52.26	181.5	19.21
28-08-1997	0	4.1	23.09	15.2	21.1265	85.1	52	167	18.34
29-08-1997	0	3.05	21.68	14.33	12.5209	88.7	51.02	134	18.02
30-08-1997	0	3.65	21.92	14.93	15.3357	88.2	50.95	177	18.34
31-08-1997	0	4.45	23.66	14.69	21.5304	89.1	38.83	199.5	19.25
01-09-1997	0	4.45	24.84	16.29	22.1198	91.4	51.66	193.5	19.69
02-09-1997	0	3.2	22.68	14.92	14.026	87.8	57.63	130	18.74
03-09-1997	0	3.4	23.03	16.01	17.1608	87.6	62.03	124	19.11
04-09-1997	0	3.45	22.59	15.57	16.9009	90.6	62.68	136	19
05-09-1997	5.5	2.3	22.76	16.26	9.7608	97.2	66.27	97	19.34
06-09-1997	0	3.45	24.57	16.96	15.798	98	51.41	136.5	19.86
07-09-1997	0	4.55	24.09	15.69	22.9145	90.8	55.47	189.5	19.77
08-09-1997	0	3.45	23.51	15.73	16.442	89	59.86	144.5	19.09
09-09-1997	0	4	23.54	14.79	18.5468	85.6	54.66	155	19.11
10-09-1997	0	4.1	24.03	16.27	20.6397	87.4	66.29	175	19.69
11-09-1997	4	3.75	21.9	17.02	19.9584	92.8	70.8	221	18.72
12-09-1997	3.5	4.1	21.57	16.6	22.1991	92	64.41	264.5	18.46
13-09-1997	0	4.4	20.91	16.22	22.5821	91.1	57.84	286.5	17.99
14-09-1997	0.5	4.75	22.15	14.77	24.3031	92.1	41.88	212	18.14
15-09-1997	0.5	3.65	21.27	14.84	20.1494	96	65.47	166.5	17.44
16-09-1997	0	3.05	23.95	14.1	14.495	87	50.5	128	18.3
17-09-1997	0	3.95	23.8	14.62	19.7577	89.3	53.69	129	18.85
18-09-1997	0	3.6	23.64	16.2	15.3294	92.9	63.57	143.5	19.51
19-09-1997	0	3.3	23.47	16.51	14.5982	91.9	66.17	124.5	19.75
20-09-1997	0	2.95	22.58	16.44	12.1157	95.5	67.4	121	19.42
21-09-1997	0	4.3	23.45	15.9	22.3089	95	63.09	141	19.75
22-09-1997	0	4.15	24.07	17.16	20.5827	94.7	64.14	131	20.46
23-09-1997	0	3.85	23.44	16.23	15.8493	94.1	69	121	19.91
24-09-1997	0	3.9	23.78	15.92	18.8539	97	67	142	19.88
25-09-1997	0	3.95	23.48	16.07	15.6859	91.9	66.42	138.5	19.84
26-09-1997	2	4.85	25.31	17.28	23.9846	91.2	55.42	161.5	21.34
27-09-1997	6	3.65	23.53	18	16.466	98	69.75	135	20.17
28-09-1997	0	5	22.41	16.36	24.3277	90.8	53.57	255	18.92
29-09-1997	0	4.3	22.49	15.41	19.9015	86.3	57.28	201	18.53
30-09-1997	0	4.1	22.78	16	18.3599	84.4	52.84	130.5	19.41
01-10-1997	9.5	4.8	22.73	16.1	24.9452	98.1	61.1	185	19.47
02-10-1997	3.5	3.65	23.66	16.95	14.9247	97.9	51.88	136	19.13
03-10-1997	0	5.5	22.37	16.13	26.0177	91.5	44.72	267	19
04-10-1997	0	5.1	22.68	15.24	26.1002	82.2	58.39	243	18.69
05-10-1997	0	3.8	22.18	14.7	16.3323	86.5	56.08	148	18.84
06-10-1997	0	3.65	23.13	15.99	15.8334	87.7	56.49	143	19.56
07-10-1997	0	4.8	26.35	15.9	24.52	86	43.5	153	20.45
08-10-1997	0	3.1	23.22	16.94	13.1845	89.5	63.84	126.5	20.11
09-10-1997	0	3.95	23.06	17.5	19.209	90.7	70.3	147	20.24
10-10-1997	0	4.3	22.8	16.83	19.9253	89.9	65.06	158.5	19.88
11-10-1997	0	4.65	23.9	17.32	17.9427	90.7	65.7	243	19.95
12-10-1997	0	4.9	24.12	16.95	25.9489	88.8	60.14	145	20.59
13-10-1997	0	5.2	24.56	17.77	25.6221	85.5	49.91	141.5	20.88
14-10-1997	0	5.2	24.34	16.9	25.8237	88.1	50.01	140.5	20.39
15-10-1997	0	2.7	20.95	16.8	7.997	90.9	68.48	126	18.92
16-10-1997	12.5	4.45	24.48	16.42	23.2298	94.6	61.08	151	20.05
17-10-1997	6.5	2	20.15	17.63	7.1023	100.3	67.96	85	18.82
18-10-1997	0.5	4.35	22.44	16.23	21.1476	90.3	58.21	175.5	18.97
19-10-1997	0.5	2.4	20.6	17.73	7.1877	86.9	56.97	164.5	18.8
20-10-1997	0	3.4	22.97	17.12	13.889	89.1	71.6	136	19.62
21-10-1997	0	5.55	24.5	18.28	27.6796	86.9	53.65	239.5	20.99
22-10-1997	0	5.8	24.9	17.3	27.899	83.8	50.87	227	20.37
23-10-1997	0	5.7	25.48	16.23	24.8823	84.4	42.73	195.5	20.45
24-10-1997	0	5.6	25.4	16.67	23.8958	90.4	52.06	163	20.6
25-10-1997	0	5.75	26.01	16.67	26.6459	85.4	41.99	147	21.33
26-10-1997	0	5.5	24.83	18.16	26.9309	86.8	61.19	139	21.7
27-10-1997	0	5.45	25.16	19.04	26.535	88.6	57.75	133	22.44
28-10-1997	0	4.7	25.98	20.37	21.4488	94.9	70.7	114.5	22.71
29-10-1997	18	2.95	25.12	19.98	11.6596	100	76.6	135.5	22.08
30-10-1997	6.5	3.3	21.31	18.21	13.3051	100.3	77.1	255	19.37
31-10-1997	4.5	2.35	21.43	18.68	11.3192	99.3	84.1	262	19.91
01-11-1997	2.5	4.05	24.53	19.26	16.2764	96.6	70.7	296.5	20.88
02-11-1997	0	4.8	23.58	18.6	22.861	97.6	75.1	311	20.39
03-11-1997	0	5.4	23.54	17.68	28.2219	88.2	68.56	275.5	20.17
04-11-1997	3.5	5.45	24.88	17.86	26.8444	93	55.7	183	21.03
05-11-1997	0	4.35	24.87	17.52	18.1835	87.7	66.58	182	21.11
06-11-1997	0	5.65	24.83	17.94	29.6973	85.5	62.56	194	21.43
07-11-1997	0	5.55	25.08	17.24	27.6617	86.9	53.66	143.5	21.25
08-11-1997	0	5.45	24.71	18.03	26.6573	93	64.12	158	21.56
09-11-1997	0	3.6	23.91	18.47	15.6528	95.9	77	129	21.37
10-11-1997	0	4	24.69	18.64	17.0929	88.4	72.9	138	21.68
11-11-1997	0	3.5	24.67	19.3	15.0325	93.2	74.5	136.5	21.86
12-11-1997	0	3.35	24.98	19.64	12.5408	96.4	77.2	136.5	22.37
13-11-1997	0	2.9	25.11	19.63	11.2476	96.6	76.8	94.5	22.07
14-11-1997	0.5	4.1	25.89	20.19	18.3361	92.1	71.1	130	22.89
15-11-1997	0	5.1	26.23	20.89	25.868	94	73	140.5	23.32
16-11-1997	0	5.25	26.67	19.85	22.4255	94.9	70.1	164.5	22.77
17-11-1997	0.5	3.65	23.66	17.57	12.8484	96.1	63.83	143	20.55
18-11-1997	0	5.35	22.26	16.25	19.5538	93.1	48.71	150	19.04
19-11-1997	0	5.35	23.24	15.34	26.3983	79	53.34	157.5	19.79
20-11-1997	8.5	4.8	30.97	19.29	15.8557	98.5	49.65	204	23.1
21-11-1997	0	6.4	28.75	17.3	29.915	92	20.5	160.5	23.2
22-11-1997	0	5.85	27.86	20.34	28.9527	80.4	54.2	115	24.15
23-11-1997	0	6.15	28.91	21.46	29.7722	93	63.84	138.5	25.09
24-11-1997	0.5	4.45	27.7	22.46	17.0664	99.3	75	100	24.61
25-11-1997	15	3.35	25.1	22.33	7.2799	98.9	79.2	69	23.55
26-11-1997	0	4.7	26.93	20.98	24.278	95.5	76.5	134	23.85
27-11-1997	0	5.5	27.38	20.45	27.7366	95.9	71.3	134.5	23.89
28-11-1997	0	5.7	27.37	21	24.2403	93.8	71.2	135	24.4
29-11-1997	0	4.6	27.63	21.26	20.1767	94.4	73	132	23.96
30-11-1997	0	5.85	28.36	21.41	26.2741	93.6	69.17	154.5	24.84
01-12-1997	20	4.3	28.12	21.87	16.8064	99.7	72.1	122	24.23
02-12-1997	0	5.35	27.58	21.18	23.4373	97.3	69.41	147	24.4
03-12-1997	0	4.4	29.5	21.9	19.725	100.5	60	131	25.4
04-12-1997	0	5.65	29.8	21.4	27	96	56.5	150	25.3
05-12-1997	0	6.7	31.15	20.65	30.83	103	35	152.5	25.4
06-12-1997	0	4.25	28.65	20.15	18.36	101	61	124	23.75
07-12-1997	0	5.25	30.55	19.25	24.185	100	54	159.5	24.2
08-12-1997	0	4.8	30	20.5	19.72	94.5	40.5	144	24.5
09-12-1997	4	4.35	29.8	20.7	18.06	104	53	125.5	24.15
10-12-1997	24.25	4.3	29.55	20.3	17.745	107.5	51	121	23.6
11-12-1997	5.5	4.75	28.8	19.05	22.91	109	65	132	23.4
12-12-1997	14	2.3	25.55	20.15	9.605	109	87.5	91.5	21.8
13-12-1997	0	5.65	27.15	18.5	27.05	108	44	203	22.5
14-12-1997	0	4.9	28.15	18.5	24.115	104	64.5	252.5	23.4
15-12-1997	0	4.65	27.75	21.3	21.235	104.5	62	240	23.45
16-12-1997	0	6.15	28.4	17.8	31.33	99.5	59.5	263.5	23.35
17-12-1997	0	6.3	28.45	18.2	31.05	95	42.5	211	23.6
18-12-1997	0	4.8	28.45	18.85	20.52	91.5	44.5	153	23.35
19-12-1997	0	7.15	29.95	19.7	31.18	92.5	22.5	226.5	24.1
20-12-1997	0	5	28.35	19.05	21.405	93	45.5	182.5	23.35
21-12-1997	1.5	5.35	27.6	18.75	23.74	101	45	215	22.5
22-12-1997	0	5.9	28.3	18.55	28.305	95	41.5	200	23.45
23-12-1997	0	4.65	28.45	19.05	19.85	98.5	43	139.5	23.2
24-12-1997	0	4.25	28.85	18.75	18.475	96.5	46.5	131	23.8
25-12-1997	0	4.45	29.05	19.55	20.12	91	52.5	128	24.1
26-12-1997	0	5.9	29.9	19.75	28.87	101	50.5	146.5	24.45
27-12-1997	0	3.75	29.9	21	15.96	107	60.5	102.5	24.65
28-12-1997	2.25	1.95	26	21.55	6.69	109	88	97.5	23.1
29-12-1997	0	5.55	30.8	21.7	27.9	96	58.5	142.5	25.7
30-12-1997	0	4.55	31.4	22.15	18.54	87	51	123.5	25.85
31-12-1997	6.5	3.45	29.4	23.05	13.305	108.5	61.5	105.5	25.2
01-01-1998	0	5.25	31.45	22.25	23.47	95.5	40.5	118	26.4
02-01-1998	0.25	5.1	31.35	23.15	22.585	101.5	54.5	114.5	26.35
03-01-1998	0	6.15	31.8	22.15	27.585	101	41	133.5	26.25
04-01-1998	0	5.75	32.65	21.9	23.975	102.5	38	125.5	26.1
05-01-1998	0	6.45	31.5	21.65	29.235	105.5	37	138	26.3
06-01-1998	0	3.4	29.2	21.55	12.755	99	58.5	115.5	25
07-01-1998	0	6	31.55	21.85	27.625	97.5	36	128	26.15
08-01-1998	0	5.45	31.55	21.2	23.205	87.5	44.5	134.5	25.95
09-01-1998	18	5.8	31.65	21.9	25.17	108	49.5	144	25.65
10-01-1998	0.75	4.95	31	21.95	22.32	101.5	58.5	127.5	25.1
11-01-1998	0	5.25	31.4	22	24.415	106.5	54.5	113	25.9
12-01-1998	0	5.45	32.15	22.85	22.225	101.5	44.5	163	26.1
13-01-1998	0	6.15	30.5	20.8	28.865	97	54.5	188	25.5
14-01-1998	0	4.95	30.65	20.55	20.495	97.5	46.5	162	25.15
15-01-1998	0	7.65	32.65	20.4	31.18	87.5	7	185	25.85
16-01-1998	0	6.2	31.45	19.45	27.99	94	44	153	25.15
17-01-1998	0	6.65	31.55	20.2	30.545	96.5	38	184.5	25.65
18-01-1998	0.25	5.9	32.15	21.8	26.83	100	49.5	138.5	26.05
19-01-1998	0	6.3	32.8	21.85	27.715	91	36	145.5	26.85
20-01-1998	0	6.55	32.3	22.4	30.085	98	44	135.5	26.85
21-01-1998	0	6.3	32.8	23.3	27.73	99	41.5	139	27.05
22-01-1998	0	6.3	31.8	22.2	28.755	95.5	50	154	26.45
23-01-1998	0	5.95	31.85	22.3	27.205	99.5	46	129	26.4
24-01-1998	0	5.45	32.65	22.9	23.78	100.5	53.5	145.5	27.05
25-01-1998	1.75	3.95	30.85	23.75	15.275	107	62.5	134.5	26.4
26-01-1998	0	6.1	33.1	23.4	27.06	104	47.5	134.5	27.2
27-01-1998	0	6.3	32.9	23.45	28.755	100.5	50	135	27.5
28-01-1998	0	4.6	31.35	22.7	18.16	97	53.5	136.5	26.2
29-01-1998	0	6.05	31.95	22	26.255	100.5	42	168	26.25
30-01-1998	0	3.95	30.65	22	14.595	94.5	48	126.5	25.6
31-01-1998	0	6.4	28.85	22.62	26.6859	91.7	69.43	158.5	25.67
01-02-1998	0	5.65	28.85	22.62	26.6041	91.7	69.43	150.5	25.67
02-02-1998	0	5.1	28.8	23.64	23.0961	89.6	69.44	128	26.24
03-02-1998	22	3.2	28.43	24.37	13.0559	90.3	74.1	99	26.33
04-02-1998	4	1.85	26.69	22.69	6.4716	97.9	84.3	70.5	24.77
05-02-1998	0	3.4	29.11	24.63	15.9531	96.6	78.1	103	26.63
06-02-1998	7.5	3.6	29.28	24.46	14.6706	95	76.4	96.5	26.36
07-02-1998	0	3.95	29.34	24.41	17.0801	93.8	77.3	101	26.73
08-02-1998	0	5.1	29.85	24.16	19.7832	91.2	70.2	118	26.62
09-02-1998	0	5.7	30.61	24.03	26.7402	91.5	68.82	115	27.11
10-02-1998	0	5.85	30.55	23.73	26.3997	95	72.5	143.5	27.11
11-02-1998	30.5	3.75	27.07	23.67	13.0404	99.9	80.8	188.5	25.25
12-02-1998	4	4.55	29.31	24.09	23.3454	99.8	74.7	104	25.93
13-02-1998	21	5.4	28.83	23.67	26.9588	94.3	78	166	26.05
14-02-1998	4.5	4.55	28.49	23.55	20.1085	98.1	75.9	220.5	25.53
15-02-1998	5	5.25	29.53	23.35	24.7557	97.3	70.1	160	25.83
16-02-1998	0.5	4.2	29.57	23.35	17.7346	97.6	74.7	97	26.06
17-02-1998	4.5	3.9	28.83	24.31	17.9498	96.9	77.7	96	26.62
18-02-1998	48.5	2.85	28.98	23.33	11.6622	97.8	77.5	86	25.72
19-02-1998	0	3.55	27.64	23.95	10.5167	97.5	82.1	84	25.49
20-02-1998	1	2.3	28.2	23.89	9.1522	96.5	72.7	81.5	25.81
21-02-1998	18.5	2.45	28.39	22.93	9.9005	97.6	77.1	71.5	25.42
22-02-1998	33.5	1.6	26.35	22	5.235	110.5	99	76	23.75
23-02-1998	7	2.45	28.45	22.55	11.09	109	83	77	24.95
24-02-1998	62.75	1.7	27.1	22.35	6.63	110.5	97	77	24.25
25-02-1998	41.25	3	29.95	22.65	11.175	111	77	201	25.2
26-02-1998	5.25	5.75	32.05	24	24.185	108.5	45.5	207	27.35
27-02-1998	12.5	2.95	29.85	23.6	11.59	110	76	69.5	25.45
28-02-1998	2.75	3.85	29.6	23.25	18.82	110	84	112	25.8
01-03-1998	0	4.5	29.05	22.35	21.885	110	76	116	24.85
02-03-1998	3.75	2.9	26.65	21	13.295	109.5	85	93.5	23.55
03-03-1998	0.25	5.25	28.3	19.8	28.055	115	74	156.5	24.1
04-03-1998	0.5	5.3	29.05	21.75	26.21	110	69.5	251	24.7
05-03-1998	0	5.3	28.05	22	27.66	106.5	71	324.5	24.8
06-03-1998	0.25	5.05	28.35	19.95	24.46	102	58	219.5	24.4
07-03-1998	0.25	5.4	29.2	19.9	25.715	105.5	54.5	213	24.3
08-03-1998	1	5.15	27.95	19.7	26.925	104.5	66.5	187.5	24.15
09-03-1998	0	5.7	29.4	20.4	27.15	107	51.5	231	24.6
10-03-1998	0	5.1	28.4	18.95	26.395	105.5	64	174.5	24.2
11-03-1998	0	5.25	28.3	20.85	27.22	105.5	65.5	169.5	24.05
12-03-1998	0	5.2	28.8	18.35	23.705	98.5	39	158.5	23.1
13-03-1998	0	4.95	30.85	19.55	22.89	101.5	44.5	144.5	24.25
14-03-1998	0	4.7	29.2	19.25	22.76	100	61.5	181.5	24
15-03-1998	0	5.2	28.85	18.65	25.89	100	57.5	207.5	23.95
16-03-1998	0	4.95	29.3	19.15	23.985	103	55.5	197	24.4
17-03-1998	0	5.65	30	21.55	25.79	97	47.5	252.5	25.15
18-03-1998	16.75	4.9	28.75	19.8	24.375	106	69	201	24.2
19-03-1998	24.25	4	28.55	21.25	20.59	109	87	154	24.55
20-03-1998	27	2.35	28.55	22.85	10.54	107	95	75	24.3
21-03-1998	0.75	4.55	28	22.1	24.705	106	79	177	24.6
22-03-1998	66	4.1	27.4	19.9	21.085	103	79	198	23.75
23-03-1998	12.5	4.5	29.85	19.8	22.99	109	82	155.5	24.5
24-03-1998	0.25	3.85	32.25	22.1	18.04	100	62	108.5	25.25
25-03-1998	43.5	2.55	29.15	20.65	8.62	97.5	69	109.5	23.5
26-03-1998	0	3.35	29.75	21.4	16.37	96	65.5	89.5	25.05
27-03-1998	0	3.2	30.05	20.7	13.96	89	61.5	97	25
28-03-1998	0	4.4	30.45	21.15	22.075	94	59.5	110	25.45
29-03-1998	0	4	29.15	21.45	20.065	93.5	62.5	86	25.1
30-03-1998	0	3.75	29.35	21.05	17.985	95	62.5	98	24.55
31-03-1998	0	4.55	29.4	19.5	21.38	88.5	53	147.5	23.85
01-04-1998	0	3.75	29.95	20.45	18.245	91.5	57	98	24.75
02-04-1998	0	3	29.3	20.9	14.015	93.5	65.5	83.5	24.95
03-04-1998	0	4.1	30.1	21.65	20.29	93	63.5	116	24.9
04-04-1998	0	4.4	29.9	19.55	21.615	90	53.5	116	24.1
05-04-1998	0	2.65	29.15	20.45	10.66	90	60.5	97.5	24.45
06-04-1998	0	4.35	29.9	21.55	22.48	90.5	59	126	25.3
07-04-1998	0	4.65	28.35	20.7	21.035	90	61	284.5	24.45
08-04-1998	0	4.35	30.3	19.25	21.415	90	57.5	136.5	24.7
09-04-1998	0	4.7	30.9	19.7	22.07	92	56	175	24.25
10-04-1998	0.25	3.8	29.55	20.9	16.49	91.5	61.5	196	24.3
11-04-1998	11	3.05	29.65	20.05	12.13	96	59	109.5	23.1
12-04-1998	0	4.2	29.3	19.55	20.515	89.5	60.5	198	24.2
13-04-1998	0	4.5	29.65	20.3	22.04	90	50	152	24.45
14-04-1998	0	4	29.45	20.15	19.55	89.5	53	109.5	24.15
15-04-1998	0	3.85	28.65	19.95	19.23	95	61.5	130	23.45
16-04-1998	0	3.25	27.5	19.45	16.585	94	70.5	124.5	22.75
17-04-1998	60.5	2.3	27.4	18.75	8.01	98.5	67	125.5	21.45
18-04-1998	17.25	1.85	22.75	17.65	6	98.5	67.5	118	19.8
19-04-1998	15.25	3.35	24.35	17.85	18.335	97	58	155	20.15
20-04-1998	6.5	3.15	24.5	17.6	16.55	97	67.5	247	20.65
21-04-1998	0.25	3.25	24.95	19.4	17.02	91	69	295.5	22.15
22-04-1998	0.5	1.95	29.6	19.6	7.42	94.5	59.5	79	23.15
23-04-1998	0	2.55	28.8	20.95	12.68	93.5	69.5	88	24.15
24-04-1998	0	3.15	27.5	21.45	15.53	92.5	74	184.5	23.55
25-04-1998	0.75	3.2	27.75	18.7	14.46	90	64.5	170	22.95
26-04-1998	0.5	2.95	28.2	19.1	13.84	93.5	65.5	113.5	23
27-04-1998	0.5	3	29.3	20.1	13.65	99	66	103	23.8
28-04-1998	0	3.3	28.1	22	18.81	96	69	80	24.1
29-04-1998	0	3.4	28.1	19.2	17.145	92.5	58.5	113	22.95
30-04-1998	0	3.85	24.46	20.26	20.1876	91.3	66.9	183	22.14
01-05-1998	0	3.5	24.59	20.19	20.4427	83.8	62.74	227	22.18
02-05-1998	0	3.65	25.37	19.73	20.8932	83.6	49.06	232	22.27
03-05-1998	0	3.8	24.06	19.36	20.9289	82.8	63.98	175	21.74
04-05-1998	0	3.8	25.17	18.95	19.9228	73.9	56.68	249.5	22.09
05-05-1998	0	3.85	24.57	19.25	9.7368	80.3	58.5	178.5	21.58
06-05-1998	0	2.4	25.5	20.55	13.6263	88	59.85	108	22.57
07-05-1998	0	2.7	25.55	21.05	18.8658	86.3	63.55	114.5	22.93
08-05-1998	0	3.1	24.91	20.11	18.734	84.4	58.91	109	22.66
09-05-1998	0	3.25	25.42	20.02	19.8556	85.6	65.49	113	22.57
10-05-1998	0	3.25	24.74	20.15	15.5298	80.8	62.83	115	22.04
11-05-1998	0	3.1	26	19.65	20.0228	87.5	41.88	133.5	22.34
12-05-1998	0	3.55	25.25	19.83	19.457	79.5	56.9	141	22.52
13-05-1998	0	3.55	25.68	21.03	16.8805	89.8	56.5	149	22.74
14-05-1998	0	3.1	25.28	21.11	16.236	75.3	59	119	22.84
15-05-1998	0	3.1	24.83	19.83	15.6328	86.9	62.79	119	22.21
16-05-1998	0	2.95	25.21	20.01	18.2111	86.3	51.45	117	22.51
17-05-1998	0	3.25	25.73	19.84	18.664	85	63.99	122	22.31
18-05-1998	0	3.35	25.52	20.15	16.1672	83.8	59.66	150.5	22.47
19-05-1998	0	2.95	25	19.67	15.8916	80.3	61.06	109	22.29
20-05-1998	0	2.85	24.7	20	17.3004	78.4	57.68	103.5	22.12
21-05-1998	0	3.15	25.05	18.64	17.4068	80.2	57.46	157.5	21.67
22-05-1998	0	3.45	24.04	18.23	17.7355	81.9	57.69	168	21.27
23-05-1998	0	3.25	24.11	17.55	14.6191	84.3	57.4	161.5	21.38
24-05-1998	0	2.9	26.65	17.05	14.395	86.5	56	129	21.1
25-05-1998	0	2.9	24.76	20.33	11.8566	90.6	58.07	137.5	22.51
26-05-1998	0	2.5	26.36	20.84	15.919	88.8	67.89	129.5	23.35
27-05-1998	11	2.7	24.24	19.57	6.8256	98.4	75.2	109	21.79
28-05-1998	0	1.95	24.11	20.33	15.5289	91.4	79.9	125.5	21.98
29-05-1998	0	2.55	24.35	20.39	17.1802	86.7	66.07	225.5	22.18
30-05-1998	0	2.95	24.78	19.75	17.3003	80	62.44	230	22.34
31-05-1998	0	3.05	25.35	19.91	17.5018	85	63.05	126.5	22.39
01-06-1998	0	2.85	23.79	20.54	6.2115	86.8	61.21	104.5	21.95
02-06-1998	0	2.15	24.17	20.45	14.2477	83.7	63.27	83.5	22.26
03-06-1998	0	2.4	24.79	20.66	15.9445	87.8	67.89	99.5	22.42
04-06-1998	0	2.65	24.59	19.79	15.0284	85.5	63.64	104	21.92
05-06-1998	0	2.65	23.66	19.96	13.0766	87.8	70.9	109.5	21.57
06-06-1998	0	2.35	24.1	19.95	16.36	82.6	60.4	103.5	21.86
07-06-1998	0	2.7	25.83	19.93	16.6008	79.2	51.6	126.5	22.87
08-06-1998	34	3.1	22.58	19.17	3.9554	96.8	66.35	134	20.44
09-06-1998	16.5	1.45	21.99	19.08	5.9518	92.6	72.4	115	20.34
10-06-1998	0	1.4	22.43	18.42	17.1198	90.8	70.8	133.5	20.19
11-06-1998	0	2.6	22.15	17.35	17.3836	78.5	58.57	225	19.66
12-06-1998	0	3	21.71	17.32	17.6435	79	52.89	213.5	19.41
13-06-1998	0	3.05	22.92	17.24	17.8373	76.4	46.72	220.5	19.67
14-06-1998	0	3.5	24.2	15	16.785	83	43.5	229.5	19.45
15-06-1998	0	2.3	22.8	18.63	15.7573	83.4	54.32	111	20.73
16-06-1998	0.5	2.5	22.4	18.67	16.9172	80.6	53.1	122.5	20.38
17-06-1998	0.5	2.8	21.37	17.4	11.5304	89.6	59.62	136.5	19.11
18-06-1998	0	2.15	21.27	17.35	17.1477	74.6	56.52	140.5	18.9
19-06-1998	0	2.95	21.79	17.05	10.3129	74.6	54.65	202.5	19.6
20-06-1998	0	2.2	22.36	17.58	13.8301	80.5	52.45	121.5	19.71
21-06-1998	0	2.75	22.63	17.3	17.6826	79.2	44.99	157.5	19.68
22-06-1998	0	3.15	21.36	17.01	14.1012	93.6	50.74	177	19.38
23-06-1998	0	2.75	21.36	18	12.9389	93.6	58.83	204.5	19.45
24-06-1998	0	3.15	23.24	18	16.5254	83.6	49.42	248	19.94
25-06-1998	0	2.8	22.08	16.96	15.0713	87	55.73	204	19.54
26-06-1998	9	2.5	20.77	17.39	15.6122	92.9	65.2	221	18.98
27-06-1998	0	2.95	22.17	17.44	16.1153	92	62.78	246.5	19.34
28-06-1998	0	2.6	22.9	16.7	13.9535	76.6	48.7	141	19.83
29-06-1998	1	2.9	22.09	17.49	17.576	84.4	51.77	181.5	19.52
30-06-1998	22	2	20.82	17.22	12.0343	93.3	76.9	200	18.53
01-07-1998	7	2.75	20.05	16.02	17.327	92.8	62.94	245	17.49
02-07-1998	2	2.6	19.02	15.71	15.2345	91.3	58.07	276	16.96
03-07-1998	1	2.4	18.95	15.62	13.5136	86.7	59.89	300.5	17.01
04-07-1998	0	2.3	22.27	16.71	15.5987	80.6	59.97	122.5	19.24
05-07-1998	0	2.25	22.37	17.44	14.545	85.1	62.92	119	19.7
06-07-1998	0	2.55	21.79	16.99	17.0153	87.4	70.4	187	19.1
07-07-1998	0	2.8	23.46	17.13	16.9286	86.1	58.02	182.5	19.81
08-07-1998	5	2.85	22.87	17.85	15.6166	92.7	59.24	212	19.95
09-07-1998	0	3	26.5	16.75	15.93	90.5	44.5	135.5	20.55
10-07-1998	0	2.7	25.35	15.75	13.755	90.5	55.5	126.5	19.65
11-07-1998	0	1.8	22.32	17.36	8.2005	94.6	63.7	102	19.78
12-07-1998	0	3	24.12	17.75	17.0745	84.2	45.36	129.5	20.32
13-07-1998	0	3.15	23.06	17.05	18.2201	83.3	52.46	177.5	19.56
14-07-1998	3	2.5	20.96	17.46	17.5449	88.9	75.8	185	19.1
15-07-1998	26.25	2.45	22.45	17.35	13.335	97	72.5	272	18.85
16-07-1998	5	2.15	19.79	17.03	8.9498	89.9	61.35	345	18.47
17-07-1998	0.5	2.6	20.46	16.66	11.3526	82.3	50.21	227.5	18.49
18-07-1998	26	2.9	20.14	16.28	18.1033	94.5	63.17	254	17.79
19-07-1998	33.5	2.8	21.6	16.64	17.0152	97.1	70.2	270	18.56
20-07-1998	7.5	1.9	23.49	17.36	9.2003	94.1	69.58	79.5	19.39
21-07-1998	1	2.8	24.42	18.08	17.1172	95.5	64.52	190	21.03
22-07-1998	16	2.65	21.95	19.3	17.0792	96.4	87.7	246.5	20.22
23-07-1998	0	2.7	22.78	18.41	17.2985	96.4	70.5	163	20.16
24-07-1998	0.5	2.75	20.78	16.52	18.8483	93.8	73.3	153	18.69
25-07-1998	2.25	1.85	20.75	16.55	8.385	99	73	166.5	18.35
26-07-1998	0	3.35	20.6	16.61	19.3794	76.2	51.81	245.5	18.49
27-07-1998	3	3.45	21.98	16.08	19.2419	91.3	46.48	241	18.98
28-07-1998	0	3.3	20.64	16.78	19.3927	91.4	58.4	315.5	18.45
29-07-1998	0	3.05	22.88	16.1	18.5559	80	55.06	145	18.83
30-07-1998	0	2.8	21.7	15.55	15.4571	81.1	48.74	142	18.86
31-07-1998	13	2.85	21.19	16.72	16.3427	89.6	59.86	195.5	18.4
01-08-1998	3.5	2.4	20.11	15.49	14.2814	92.8	69.12	184	17.76
02-08-1998	0	3.05	21.43	16.49	19.9359	89.9	65.28	253	18.81
03-08-1998	4	3.2	21.05	16.56	18.236	93.1	55.97	319	18.49
04-08-1998	0	3.9	21.67	14.64	20.2243	77	47.39	272.5	18.36
05-08-1998	0	3.35	23.74	17.47	19.9921	75.2	47.23	189	19.94
06-08-1998	0	3.65	23.48	17.2	20.3284	81.2	55.73	219	19.71
07-08-1998	0	3.25	21.38	17.6	19.0032	86	61.19	315	19
08-08-1998	0	3.05	22.08	16.32	15.5704	81.2	46.44	141	19.04
09-08-1998	0	3.35	22.59	16.04	19.9815	82.9	52.3	146	19.27
10-08-1998	0	3.35	22.39	15.02	20.259	75.8	54.48	149	19.1
11-08-1998	0	4.3	24.79	17.95	21.057	72.2	37.14	199	20.43
12-08-1998	0	4.2	22.59	16.93	21.1682	75.9	44.15	275.5	19.45
13-08-1998	0	3.3	22.71	16.11	18.9422	75.6	53.74	141.5	19.11
14-08-1998	0	2.35	21.52	17.02	10.9959	74.4	62.88	127	18.99
15-08-1998	0	3.4	22.21	17.32	20.8906	74.2	52.25	148.5	19.62
16-08-1998	0	3	22.22	15.22	15.8025	76.3	55.08	143.5	19.5
17-08-1998	0	3.3	24.35	15	18.24	92	47	136.5	19.25
18-08-1998	0	3.25	21.1	16.38	20.5868	85.8	61.08	133	18.77
19-08-1998	0	3.5	23.9	14.15	20.11	88.5	65	213.5	18.55
20-08-1998	0	3.4	20.55	15.97	21.05	79.1	61.59	241	18.14
21-08-1998	2	3.7	20.53	16.93	22.3689	90	54.4	301	18.37
22-08-1998	0	3.45	22	16.99	20.6241	91.8	63.88	251	19.12
23-08-1998	0	3.3	21.9	16.08	18.729	83.1	52.29	140.5	18.96
24-08-1998	0	3.85	22.19	15.77	15.8679	88.4	57.28	221	19.01
25-08-1998	0	3.25	22.76	16.26	19.1629	83	62.84	131	19.37
26-08-1998	0	3.8	24.51	17.44	22.4462	92.1	43.37	127	20.36
27-08-1998	0.5	3.65	22.49	17.82	23.0233	86	60.05	154.5	19.94
28-08-1998	26	2.05	20.19	18.42	8.725101	97.2	69.57	301.5	19.08
29-08-1998	0.5	1.3	21.01	18.61	6.2142	94.8	85.4	66	19.78
30-08-1998	1.5	1.45	21.96	18.96	6.6806	95.8	77.7	63	20.07
31-08-1998	0	2.15	24	18.05	10.795	98	78.5	101.5	20.4
01-09-1998	0	2.65	22.55	18.25	15.0767	85.6	70.6	110	20.43
02-09-1998	0	2.95	25.3	16.7	16.165	96	68	110	20.25
03-09-1998	0	2.7	22.34	18.28	15.1992	92.2	68.23	97.5	19.7
04-09-1998	0	3.45	22.75	17.52	20.7425	85.7	69.79	132	19.84
05-09-1998	0.5	3.95	21.94	15.73	24.5747	84.4	64.11	227	18.96
06-09-1998	0	4	22.28	16.95	24.7158	93.2	68.35	279	19.44
07-09-1998	0	4.5	21.32	16.59	24.9495	76.9	55.72	274.5	18.47
08-09-1998	0	3.5	23.7	14.2	18.96	87.5	56.5	134.5	18.75
09-09-1998	0	2.35	20.39	16.69	11.6554	80	63.87	110	18.6
10-09-1998	0	3.4	21.71	16.43	19.2521	76	56.23	131.5	18.93
11-09-1998	0	3.7	21.82	17.39	22.3363	81.4	60.83	136.5	19.52
12-09-1998	27	2.45	22.71	17.47	11.3396	97.5	64.15	94	19.44
13-09-1998	43.5	1.65	20.02	15.86	5.5588	98.4	64.15	159.5	17.65
14-09-1998	0	3.5	20.28	15.65	21.3138	89	64.6	233.5	17.65
15-09-1998	0	2.15	20.27	16.12	9.3465	88.2	62.89	110.5	18.45
16-09-1998	0	3.1	23.2	17.76	17.4595	88.1	57.59	91	19.77
17-09-1998	0	3.7	23.19	17.08	20.2572	84.8	57.4	119	19.77
18-09-1998	0	3.65	22.49	17.99	22.8773	87.3	66.81	114	20.03
19-09-1998	0	3.5	21.98	16.38	18.6463	88.7	62.62	123	19.58
20-09-1998	2.5	4.15	22.56	17.15	24.2227	98.2	57.2	150.5	19.37
21-09-1998	0	4.3	20.16	15.78	25.0249	90.3	57.27	241.5	17.88
22-09-1998	0	5	21.04	16.64	27.0845	75.4	53.22	349.5	18.49
23-09-1998	0	4.35	22.19	15.53	26.0893	79.8	57.43	225	18.8
24-09-1998	0	4.5	22.04	15.37	27.2508	80.4	52.17	137.5	18.9
25-09-1998	0	3.45	22.07	16.11	17.6372	83.9	56.97	146.5	19.02
26-09-1998	0	3.95	22.11	15.53	22.0135	82.3	58.91	165.5	18.97
27-09-1998	0	4.5	24.45	15.7	24.895	89.5	57.5	209.5	19.7
28-09-1998	0	4.75	25.45	16.35	26.155	90	56	227.5	20.5
29-09-1998	0	3.65	25.3	15.4	17.465	91.5	54.5	136	19.75
30-09-1998	0	3.7	22.6	17.38	20.4397	87.2	61.6	119.5	19.89
01-10-1998	0	3.25	22.31	17.44	15.5562	84	61.43	122.5	19.87
02-10-1998	0	5	23.37	17.28	29.0083	86	50.08	218	20.05
03-10-1998	0	5.3	24.39	16.52	28.2846	77.1	40.51	188	20.13
04-10-1998	0	3.75	23.51	17.25	19.1627	94.3	55.41	143	19.87
05-10-1998	0.5	4.45	24.11	17.77	28.8058	97.5	74.7	222	20.78
06-10-1998	30	2.25	23.7	19.2	10.8122	97.1	78.7	72.5	21.32
07-10-1998	0	4.25	24.02	18.83	23.6658	97	63.7	119	21.28
08-10-1998	0	4.1	22.79	16.99	18.171	85.6	60.93	150	20.3
09-10-1998	0	4.1	23.31	17.37	19.7366	74.7	51.79	142	20.3
10-10-1998	0	4.7	22.59	18.02	28.0281	82.3	55.88	165	20.23
11-10-1998	0	4.45	22.91	17.76	22.9025	78.4	59.11	152	20.08
12-10-1998	0	4.7	23.91	16.79	24.7229	75.4	55.11	167	20.19
13-10-1998	0	5.15	23.67	17.66	29.7752	80.5	58.85	185.5	20.46
14-10-1998	0	5.25	24.02	16.91	28.916	81.7	52.23	184.5	20.28
15-10-1998	0	4.9	23.8	18.24	25.7744	80.8	47.27	166.5	20.9
16-10-1998	0	3.05	21.91	18.28	13.5763	90.3	70.1	118	20.1
17-10-1998	0	3.6	23.39	18.86	16.6665	84.5	56.48	128.5	20.68
18-10-1998	0	5.75	24.77	17.41	29.8655	84	43.84	215	20.79
19-10-1998	0	4.9	24.85	17.57	23.959	79.1	53.22	164	20.91
20-10-1998	0	4.75	24.94	17.31	24.3922	86.2	59.24	135.5	20.86
21-10-1998	0.5	3.85	23.17	18.59	18.7959	86.3	67.04	130	20.51
22-10-1998	0	3.1	22.49	17.71	12.5815	86	64.77	125	20.12
23-10-1998	0	4.45	23.62	18.46	20.8432	87.1	59.72	144.5	20.69
24-10-1998	0	5.05	23.18	18	25.8575	85.9	61.78	149	20.53
25-10-1998	0	5.45	24.13	18.27	30.7887	82.3	62.73	218	21.26
26-10-1998	0	4.55	23.7	17.87	22.4766	86.4	60.96	158	20.57
27-10-1998	0	4.75	23.1	15.68	24.594	85.5	56.66	160.5	20.35
28-10-1998	0	4.7	22.94	18.25	22.9023	82.4	58.3	156.5	20.62
29-10-1998	0	4.5	23.68	18.21	21.7523	78.9	53.73	142.5	20.96
30-10-1998	0	4.95	24.59	18.66	25.5776	80.1	63.35	162.5	21.2
31-10-1998	0	4.45	23.27	18.45	20.5609	83.4	62.35	156.5	20.61
01-11-1998	0	5.8	23.55	18.43	30.1258	82.4	54.96	179.5	21.03
02-11-1998	0	5.4	25.62	17.72	27.8821	83.3	48.73	180	21.32
03-11-1998	0	4.7	23.77	18.89	22.4539	83.1	57.3	154	21.28
04-11-1998	0	4.15	24.18	18.86	17.0934	85	65.87	148	21.46
05-11-1998	0	5.3	24.68	18.09	27.844	79.9	53.42	171.5	21.51
06-11-1998	0	5.8	25.17	18.02	30.3599	79.9	38.74	166.5	21.61
07-11-1998	0	5.85	24.74	18.44	28.2461	79.5	44.4	160	21.59
08-11-1998	0	5.05	24.45	18.45	25.6341	79.4	44.57	155	21.4
09-11-1998	0	5.65	24.57	17.91	28.3092	77.4	57.87	191.5	21.24
10-11-1998	0	6.05	24.73	18.2	32.2343	83	54	201	21.24
11-11-1998	1	3.25	23.17	19.11	14.703	95.7	63.95	139.5	20.88
12-11-1998	0	5.4	25.32	19.48	31.2888	88.1	67.92	141	22.16
13-11-1998	0	5.05	24.65	17.73	26.0727	83.8	62.51	153	21.66
14-11-1998	2.5	2.45	23.47	19.48	9.6405	94.1	68.71	113	21.2
15-11-1998	0	3.45	24.01	19.47	16.2753	84.2	67.84	127	21.79
16-11-1998	0	5.15	25.96	17.96	26.0477	80.6	54.98	155.5	22.3
17-11-1998	0	6.5	26.79	19.33	32.3924	81.3	48.45	208.5	22.69
18-11-1998	0	6	25.85	18.76	30.2003	86	51.03	166.5	22.12
19-11-1998	0	5	24.57	18.76	22.7985	84.2	58.44	152.5	21.96
20-11-1998	0	5.5	29.45	17.7	25.225	85.5	43	152.5	23.45
21-11-1998	0	6.9	25.96	18.52	32.1107	72.7	34.98	213.5	22.07
22-11-1998	0	3.8	23.29	17.7	14.3409	86.3	62.17	155	20.95
23-11-1998	0	4.15	23.98	19.03	18.8198	83.6	58.97	138	21.58
24-11-1998	0	6.8	28.7	18.95	28.41	87	51	172	23.1
25-11-1998	0	4.75	28.65	18.2	20.525	82.5	50.5	156	22.7
26-11-1998	0	4.95	28.65	18	22.565	85	48.5	156	23.05
27-11-1998	0	4.9	28.75	17.4	22.27	88.5	52	172	22.95
28-11-1998	0	4.6	29.35	18.55	20.68	90.5	54.5	150	23.3
29-11-1998	0	4.6	28.05	19.35	21.46	91.5	57	148	23.15
30-11-1998	0	5.95	29.15	18.35	29.56	89	49.5	163.5	23.6
01-12-1998	0	4.45	27.9	19.6	20.185	88	59.5	161.5	23.1
02-12-1998	0	5.35	29.1	19.65	24.53	84	46.5	154.5	23.55
03-12-1998	0	5	28.8	19.55	23.25	88.5	53	146.5	23.75
04-12-1998	0	5.1	25.14	21.29	23.9204	83.2	66.53	159	23.15
05-12-1998	0	3.85	25.09	21.09	17.0925	87.8	67.34	131	23.09
06-12-1998	0	2.6	24.21	20.96	10.8337	98	74.4	118.5	22.47
07-12-1998	0	3.45	24.85	20.94	16.682	97.8	76.2	86.5	22.42
08-12-1998	26	2.05	23.05	19.98	7.5415	99.4	79	102	21.74
09-12-1998	0	3.7	24.56	21.38	18.7076	87.5	73	121	23.01
10-12-1998	0	3.9	24.37	21.05	17.7978	83.7	64.02	149	22.87
11-12-1998	0	5.45	25.96	20.26	17.6954	85.9	54.69	158.5	22.89
12-12-1998	0	5.9	25.94	20.27	29.3444	73.1	57.99	153.5	23.28
13-12-1998	0	3.85	24.94	21.11	16.184	87.8	58.3	144.5	22.82
14-12-1998	0	5.8	26.24	20.52	29.6165	82.8	51.94	152	23.28
15-12-1998	0	4.75	24.8	20.6	22.4695	80.3	58.17	144.5	22.8
16-12-1998	0	4.65	26.32	21.18	20.3837	90.6	55.22	145.5	23.55
17-12-1998	0	4.2	25.22	21.81	16.9097	86.5	65.85	118	23.5
18-12-1998	0	4.7	25.53	20.79	22.4189	83.6	64.08	139.5	23.4
19-12-1998	0	5.9	25.68	21.13	30.1542	87.9	62.37	154.5	23.4
20-12-1998	0	5.35	25.19	21.09	29.256	83	65.74	145	23.22
21-12-1998	0	4	25.5	21.15	18.0421	88.7	63.36	124	23.3
22-12-1998	0	5.5	25.85	21.47	26.8159	82.5	59.96	151	23.64
23-12-1998	0	4.9	26.85	21.18	22.1733	88.2	55.99	139.5	23.48
24-12-1998	0	5.25	27.16	21.23	22.7987	80.2	55.06	148	23.64
25-12-1998	0	6.15	26.74	20.76	31.1995	84.9	57.3	177	23.71
26-12-1998	3	6.25	27.38	20.09	31.9471	91.3	53.81	151	23.35
27-12-1998	0	4.2	28	19.4	19.01	93	60	120	23.6
28-12-1998	0	3.85	26.41	21.86	18.8588	89.6	55.1	103.5	23.65
29-12-1998	0	5.8	24.97	21.32	30.6244	82	63.53	157.5	23.17
30-12-1998	0	4.95	24.76	20.31	23.1626	86.4	57.38	146	22.41
31-12-1998	0	4.75	25.2	20.55	25.5716	88.3	66.43	148.5	23.04
01-01-1999	0	5.85	26.28	21.14	28.847	80.1	59.45	137.5	23.75
02-01-1999	0	6.35	26.72	21.49	31.7519	82.7	54.57	152.5	23.88
03-01-1999	0	4.1	26.02	21.29	17.5672	85.5	64.95	112	23.46
04-01-1999	0	4.05	25.53	21.97	17.3635	91.5	68.03	125	23.46
05-01-1999	0	5.8	26.15	21.69	31.1669	86.5	67.6	135	24.01
06-01-1999	0	5.65	30.65	22.4	27.265	92	63	144	25.7
07-01-1999	0	6.75	32.7	20.85	30.8	90	43.5	159.5	26.05
08-01-1999	0	5.15	27.15	20.95	25.2686	85.1	58.87	123.5	23.99
09-01-1999	1	5.45	26.86	20.92	26.275	82.7	58.81	135.5	23.71
10-01-1999	1	5.6	27.64	21.26	26.9099	86.7	54.34	136	24.2
11-01-1999	0	4.05	25.14	20.06	17.8291	80.2	64.57	117	23.18
12-01-1999	0	5.7	27.37	20.11	24.5321	82.4	53.51	155.5	23.93
13-01-1999	0	4.8	24.73	20.88	19.851	81.7	60.85	147.5	23
14-01-1999	15	3.95	25.41	20.39	16.3631	92	65.41	140	22.65
15-01-1999	0	6.05	27.24	20.97	32.3593	89.3	56.28	151	23.6
16-01-1999	0	6.2	27.23	21.82	30.0234	80.8	49.1	141	24.3
17-01-1999	0	4.95	27.2	22.42	23.2702	85	60.86	118	24.32
18-01-1999	0	5.55	28.89	21.69	24.8415	87.6	50.31	148.5	24.47
19-01-1999	2	4.55	25.61	21.32	19.2262	91.5	63.12	143.5	23.46
20-01-1999	0	4.7	25.13	21.16	21.0373	88	64.64	150.5	23.28
21-01-1999	0	5.7	25.91	19.94	27.8133	84.6	64.61	162	23.42
22-01-1999	0	6.3	26.79	19.92	30.4388	79.7	55.98	207.5	23.54
23-01-1999	0	3.9	25.74	20.48	16.3452	91.6	59.55	123.5	22.95
24-01-1999	0.5	3.95	25.97	20.67	16.0492	95.3	65.61	139	22.78
25-01-1999	0.5	4.05	25.44	21.24	15.8616	86.3	59.31	144.5	23.18
26-01-1999	0	4.7	26.12	21.12	20.9008	84.8	67.47	162	23.27
27-01-1999	4.5	4.15	25.42	21.49	18.3509	88.1	63.9	142.5	23.13
28-01-1999	0	5.95	27.63	21.58	29.5668	84.8	58.03	168.5	24.18
29-01-1999	0	6.75	27.17	21.32	32.5443	82.4	49.21	239.5	24.03
30-01-1999	0	5.6	30.85	20.3	25.345	89.5	52	181	25.05
31-01-1999	13.75	4.8	30	20.05	21.485	94.5	52	124.5	24.4
01-02-1999	0	5.4	30.7	19.85	26.02	93	53	137.5	25.2
02-02-1999	0	5.95	32.4	22	25.91	89.5	50	190	25.85
03-02-1999	1	6.45	28.24	20.25	31.348	88.4	56.82	202	24.41
04-02-1999	40.5	1.65	25.37	21.24	5.0261	97.4	79	96	23.31
05-02-1999	0.5	5.1	29.87	23.09	22.5369	92.5	50.15	146	25.25
06-02-1999	0.5	5.45	28.98	23.14	25.2512	91.3	65.14	114.5	25.05
07-02-1999	0	3.65	26.18	23.21	15.2985	86.5	74.7	107	24.63
08-02-1999	0	4.9	26.09	21.86	23.2417	87.4	73.2	149.5	23.96
09-02-1999	0	3.5	25.51	21.85	14.5311	84.1	66.87	107.5	23.59
10-02-1999	0	3.8	25.92	21.63	16.6564	90.8	64.66	109.5	23.78
11-02-1999	0	4.35	25.74	22.1	17.5122	87.2	75.4	126.5	24.06
12-02-1999	0	4.5	26.69	22.86	21.373	85.1	65.88	114.5	24.53
13-02-1999	0	5.8	26.43	21.44	29.4112	81.8	57.85	145.5	24.33
14-02-1999	2	4.9	26.93	21.85	25.9222	93.2	72.1	128.5	24.18
15-02-1999	0	4.05	26.28	22.48	16.3093	89.3	72.3	120	24.42
16-02-1999	0	4.95	26.37	22.15	24.9913	85	68.59	161.5	24.09
17-02-1999	0	5.3	27.34	21.23	23.3841	86.1	61.53	150.5	24.14
18-02-1999	0	5.3	27.22	21.21	23.6414	82.1	61.12	133.5	24.08
19-02-1999	0	5.6	27.63	21.97	27.8828	88.4	61.21	159	24.74
20-02-1999	0	4.1	26.73	21.47	17.9392	88.1	64.79	126.5	24.25
21-02-1999	0	5.65	27.18	22.07	25.842	85.4	64.9	148	24.24
22-02-1999	0	5.6	26.94	20.09	26.9288	82.1	57.3	150.5	23.81
23-02-1999	0	5.15	26.83	21.37	23.5365	82.6	55.43	128.5	24.06
24-02-1999	0	5.35	27	21.66	25.8889	80.2	59.15	156	23.92
25-02-1999	0	5.95	27.28	20.76	29.2203	85	57.17	158.5	23.79
26-02-1999	0	5.3	26.15	19.6	25.2061	83	56.32	158.5	23.36
27-02-1999	0	5	25.68	21.41	23.2763	84.2	59.84	158	23.35
28-02-1999	0	3.9	25.94	21.55	17.0809	80.7	61.29	116.5	23.83
01-03-1999	0	4.95	26.33	21.73	22.0055	89.2	68.52	128.5	24.24
02-03-1999	0	5.6	27.95	22.45	27.6726	84.4	59.52	136.5	24.85
03-03-1999	0	5	26.78	21.23	22.0538	84.9	61	134.5	24.07
04-03-1999	0	5.25	27.84	20.8	23.6215	85.1	60.15	156	24.25
05-03-1999	0	5.75	26.33	21.4	28.6725	82.9	57.7	177	23.83
06-03-1999	27.5	4.2	25.55	19.85	14.0076	96.5	64.98	135	22.13
07-03-1999	0	5.2	26.21	20.64	26.4584	82.2	63	131	23.57
08-03-1999	0.5	4.8	30.5	21	23.025	91	61	160	25.2
09-03-1999	51.75	4.65	30.65	21.45	21.01	96.5	66.5	241.5	24.9
10-03-1999	6	4.3	32.9	21.9	8.495	103	55.5	407	26.95
11-03-1999	12	3.65	30.25	24.2	15.55	94.5	64	100.5	26.1
12-03-1999	1.25	3.45	29.4	22.9	15.7	99.5	72	88.5	25.5
13-03-1999	0	3.55	29.25	22.95	17.245	101	76.5	90	25.25
14-03-1999	0.5	4	29.95	22.65	19.595	97	68	95	25.8
15-03-1999	0	2.9	28.85	22.5	12.78	100	78	90.5	24.7
16-03-1999	0	4.05	26.35	21.78	21.6092	87.9	70.3	114.5	23.99
17-03-1999	0	3.05	25.78	22.38	13.0298	91.3	69.33	106.5	24.03
18-03-1999	0	3.65	25.63	22.29	20.2001	91.6	75	104	23.81
19-03-1999	0	4.05	26.55	21.55	21.4786	88.4	53.87	115.5	23.75
20-03-1999	0	5.4	26.77	21.18	27.2587	87.1	57.66	219	23.63
21-03-1999	0	5.4	25.67	20.45	27.0631	84.9	42.23	226.5	23.05
22-03-1999	0	5.2	25.63	19.87	27.0413	83	55.03	211.5	22.61
23-03-1999	0	4.95	25.17	19.5	27.2146	84.5	59.18	178	22.41
24-03-1999	0	3.6	24.97	20.49	18.758	83.1	64.17	106	22.46
25-03-1999	0	4.75	25.78	21	25.6263	79.1	53	130	23.11
26-03-1999	0	5.05	26.9	20.31	26.3971	73.7	56.39	170	23.29
27-03-1999	1	4.85	26.03	21.02	25.2544	92.7	55.12	213	23.43
28-03-1999	0.5	4.85	27.96	20.85	25.7272	84.3	58.08	197.5	24.05
29-03-1999	18	4.3	26.44	21.61	20.7168	95.3	67.99	196.5	23.69
30-03-1999	0	4.45	24.41	20.83	25.3201	95.2	75.9	159.5	22.46
31-03-1999	10	4.35	25.04	20.14	24.4331	92.8	69.69	179.5	22.42
01-04-1999	1.5	3.85	24.53	20.9	21.1669	95.2	71.3	160	22.27
02-04-1999	0	3.5	26.19	21.21	18.2037	88.3	67.63	155.5	23.11
03-04-1999	0	4.25	24.83	21.18	24.7802	91.6	74.2	229.5	22.83
04-04-1999	1	3.2	25.06	20.44	16.0323	91.8	67.65	107	22.33
05-04-1999	4	3.95	26	20.1	22.8124	86	63.94	160	23.16
06-04-1999	0	4.3	25.43	20.76	24.5997	95.3	69.33	240	22.97
07-04-1999	0	4.4	25.59	19.74	23.9489	87.7	56.65	160.5	22.53
08-04-1999	0	3.9	25.19	20.82	23.4708	89	73.7	156.5	22.73
09-04-1999	0	4.25	26.13	19.92	23.3236	90.3	63.51	152.5	22.91
10-04-1999	0	4.3	25.39	19.06	24.0357	83.3	60.48	158	22.3
11-04-1999	0	3.8	24.79	20	21.3575	86.4	69.29	127.5	22.35
12-04-1999	25	4.25	26.27	19.77	21.5968	98.6	54	142.5	22.72
13-04-1999	12.5	2.9	23.15	19.26	14.2012	98.3	78	161.5	20.78
14-04-1999	0	3.65	23.44	19.02	20.3318	84.9	66.67	180.5	21.02
15-04-1999	0.5	3.9	24.83	19.09	21.9872	85.8	57.35	188	21.9
16-04-1999	0	3.4	25.41	20.62	19.3327	92.6	70.9	125.5	22.76
17-04-1999	0	4.2	25.6	19.94	22.4315	87.6	57.36	140.5	22.72
18-04-1999	0	3.9	24.62	19.58	22.0674	91.2	62.25	163.5	21.83
19-04-1999	0	3.65	24.3	18.71	17.9702	89.4	49.04	147	21.35
20-04-1999	0	3.5	25.55	19.29	20.843	85.2	45.75	139.5	22.33
21-04-1999	0	4.45	26.2	18.85	21.8307	82.7	39.07	168.5	22.34
22-04-1999	0.5	3.35	24.75	20.53	16.0263	89.4	57.33	183	22.31
23-04-1999	1.5	3.55	25.21	20	19.3914	92.1	63.71	178.5	22.24
24-04-1999	0	3.45	24.9	19.47	16.7947	85.3	60.64	119	21.99
25-04-1999	0	3.65	25.75	19.06	20.6783	85.7	57.32	134.5	22.28
26-04-1999	0	3.2	25.71	20.36	17.3672	84.7	67.21	116	22.74
27-04-1999	0	4.05	24.83	19.59	21.3893	82	48.04	175.5	22.02
28-04-1999	0	3.8	24.47	19.12	21.453	80	52.66	183	21.67
29-04-1999	1.5	3.5	24.81	19.17	16.3179	89.4	62.34	216	21.71
30-04-1999	8	2.45	25.22	19.75	11.2833	92.3	66.97	105.5	21.93
01-05-1999	0	3.05	25.37	19.81	18.0203	94.7	69.14	84	22.58
02-05-1999	0	3.1	25.29	21.02	17.0661	93.9	73.6	97.5	23.05
03-05-1999	0	2.7	24.86	21.1	10.4708	94.9	67.46	101.5	22.61
04-05-1999	4	2.55	23.18	18.78	13.7622	95.6	79.1	110.5	21.21
05-05-1999	0	3.6	23.04	17.45	20.2644	85.8	62.98	162	20.25
06-05-1999	0	3.5	23.46	17.98	20.4585	85.2	55.14	148	20.47
07-05-1999	38.5	3.3	24.89	18.19	14.296	97.4	42.66	141.5	20.46
08-05-1999	0	2.95	22.1	17.77	17.7504	97.1	65.86	127	19.72
09-05-1999	0	3.4	22.09	17.5	20.0405	79.5	57.3	170.5	19.81
10-05-1999	0	3.6	22.75	16.93	20.3764	77.3	49.59	145.5	19.54
11-05-1999	0	3.05	23.56	18.09	18.9153	89.9	45.45	134.5	20.88
12-05-1999	0	3.25	23.05	18.4	19.964	91.8	52.44	174	20.56
13-05-1999	0	3.55	24.33	17.39	19.1381	86.6	43.26	172.5	21.26
14-05-1999	0	3.15	23.63	18.69	15.9098	84.2	65.74	216.5	21.08
15-05-1999	0.5	3.2	24.77	19.29	14.1055	91.6	54.43	168.5	21.32
16-05-1999	0	2.85	23.54	18.8	16.2761	89.9	68.03	120.5	21.17
17-05-1999	42	3	23.67	18.55	18.0483	96.3	59.58	125	20.98
18-05-1999	0.5	1.45	20.49	17.84	6.3782	98	80.3	71.5	19.44
19-05-1999	0	2.9	24.4	18.12	16.6916	85.8	49.25	126	20.44
20-05-1999	0	3.1	22.57	17.73	18.3865	88.2	53.81	143	20.04
21-05-1999	0	2.9	22.85	17.75	18.4742	87.9	65.55	147	19.92
22-05-1999	0	3.1	22.55	17.58	18.8598	81.9	57.68	170.5	20.03
23-05-1999	0	3.35	23.62	16.89	18.698	77.4	49.59	176.5	20.2
24-05-1999	0	2.7	23.5	17.86	14.842	80.6	59.54	134	20.6
25-05-1999	0	3.05	25.08	18.38	16.6924	77.4	56.36	132	21.01
26-05-1999	0	3.15	23.6	18.47	18.4792	80.6	56.17	171	20.95
27-05-1999	0	3	24.86	18.33	17.9579	85.3	60.82	123	21.6
28-05-1999	0	3.25	24.39	17.05	18.1034	80.8	55.7	141	20.96
29-05-1999	0	3.25	25.09	16.69	16.5266	82.2	49.71	141	20.76
30-05-1999	0	3	23.99	17.82	17.6584	81.8	54.52	151.5	20.62
31-05-1999	0	2.9	23.52	18.3	17.8258	90.2	50.2	206.5	20.53
01-06-1999	0	2.55	22.41	18.46	15.4332	90.7	73.6	159.5	20.1
02-06-1999	4.5	3.2	22.01	16.67	18.3952	92	53.49	172	19.28
03-06-1999	20	2.5	21.49	16.65	11.5603	96.9	60.1	157.5	18.47
04-06-1999	2.5	2.45	21.26	16.95	13.4845	92.4	62.46	203	18.8
05-06-1999	0	3.1	23.6	16.62	17.1779	81.1	47.07	153.5	19.66
06-06-1999	0	2.95	23.14	16.19	15.9852	84.5	58.4	146.5	19.72
07-06-1999	1	2.7	23.04	17.54	11.785	94.3	47.76	141	19.23
08-06-1999	0	2.3	23.16	17.84	13.7482	83.7	63.28	127	20.2
09-06-1999	0	2.55	23.84	18.05	12.6678	91.4	53.27	118.5	20.3
10-06-1999	2	2.7	23.7	17.44	13.781	85.9	50.12	122	20.43
11-06-1999	20	1.9	19.59	17.39	9.7905	94.7	77.1	229	18.47
12-06-1999	0	2.75	21.78	17.63	17.4311	89	56.31	192.5	19.24
13-06-1999	0	2.75	21.51	16.99	18.1581	86.6	69.21	177	19.02
14-06-1999	0	2.65	22.06	17.76	17.6435	87.3	68.45	179	19.53
15-06-1999	0	2.9	23.84	16.52	17.0361	83	53.23	147	19.8
16-06-1999	0	2.2	22.95	16.45	10.9851	89.8	52.74	117.5	19.71
17-06-1999	0	2.75	22.95	17.67	15.6436	86.3	56.21	144	19.95
18-06-1999	0	2.7	23	17.22	15.0407	86.8	56.2	132.5	19.62
19-06-1999	0	2.9	23.1	17.61	16.8689	80.5	56.85	153.5	20.04
20-06-1999	0	2.6	23.03	17.06	15.4567	88.4	56.99	138	19.62
21-06-1999	0	1.6	22.51	17.92	7.375	87.3	70.2	102.5	19.98
22-06-1999	0	2.45	22.65	17.69	13.6175	93.8	56.76	133.5	19.93
23-06-1999	0	2.75	23.44	17.52	16.7762	90.6	60.37	147	20.09
24-06-1999	0	3.1	22.38	15.89	17.1578	85.7	44.38	153.5	19.09
25-06-1999	0	3	23	16.82	16.9353	83.7	41.43	144.5	19.17
26-06-1999	0	2.65	21.82	16.42	13.6534	76.3	48.48	137.5	18.72
27-06-1999	4	2.35	21.32	16.24	13.5598	92	55.65	143.5	18.37
28-06-1999	0	2.6	20.79	16.13	16.304	90.9	55.29	142	17.91
29-06-1999	0	2.75	21.27	16.49	16.9856	81.5	46.8	162	18.44
30-06-1999	0	2.9	21.39	16.07	17.6642	89.5	52.29	193	18.42
01-07-1999	0	2.5	20.25	14.36	16.2979	94.4	68.39	222	17.68
02-07-1999	0	2.9	22.1	15.48	17.7742	81.4	58.01	176	18.7
03-07-1999	0	2.95	22.98	15.3	15.3648	84.2	48.49	159.5	19.29
04-07-1999	0	2.35	21.2	16.2	12.4237	90.6	60.01	185.5	18.63
05-07-1999	0	2.7	20.75	15.68	16.6414	86.8	60.89	208	18.1
06-07-1999	3.75	2.85	22.6	15.05	16.79	103	63.5	235	18.85
07-07-1999	20	3.05	23.1	16.05	16.3	100	57.5	275	19
08-07-1999	0	2.55	20.39	15.73	14.6943	92.4	66.14	355.5	17.8
09-07-1999	0	2.4	21.22	15.91	13.0713	85.4	54.07	204.5	18.46
10-07-1999	0	2.85	22.86	15.74	17.1857	81.9	53.52	155	18.99
11-07-1999	0	2.95	23.14	15.94	18.0857	79.3	48.22	135	19.21
12-07-1999	0	2.8	22.27	16.35	17.1299	85.2	55.41	132	19.08
13-07-1999	0.5	3.2	22.4	16.5	18.1108	86.5	45.52	206.5	18.87
14-07-1999	16.5	2.3	21.05	16.18	15.0217	94.8	71.1	241.5	18.49
15-07-1999	0	2.05	20.96	15.23	11.3532	92.9	66.49	202.5	18.36
16-07-1999	0	2.8	24.2	14.45	17.365	95.5	66	165	18.45
17-07-1999	3	3	20.97	15.78	18.6773	83	51.41	175.5	18.2
18-07-1999	0	2.2	24.55	15.2	13.63	94.5	58.5	102	19.8
19-07-1999	3	2.05	24.05	15.4	9.375	96.5	64	128	18.9
20-07-1999	20.5	1.3	17.88	13.66	2.6133	97.1	66.73	176.5	16.86
21-07-1999	1.5	2.5	18.39	14.05	15.4049	91.3	58.71	214	15.98
22-07-1999	3.5	2.7	19.36	15.08	18.5825	87.9	61.51	219.5	16.5
23-07-1999	1	2.75	19.13	15.11	16.4885	91.3	47.69	294	17.08
24-07-1999	23.5	2.4	18.51	15.09	11.9643	89.6	52.26	234.5	16.48
25-07-1999	0	3	21.56	15.36	18.2963	87.1	55.2	196	17.92
26-07-1999	0.5	2.45	21.54	14.39	10.7306	81.6	59.22	163	17.98
27-07-1999	0	2.8	22.23	16.07	18.4736	83	62.3	166	18.47
28-07-1999	0	2.75	22.03	16.01	17.4538	79.7	65.92	200	18.7
29-07-1999	0	2.9	20.91	16.12	19.5303	84.3	60.15	238	18.31
30-07-1999	0	3.3	20.14	15.16	19.8805	83.7	51.62	280	17.88
31-07-1999	0	3.5	21.26	14.89	19.8739	78.3	45.72	216.5	17.87
01-08-1999	0	3.3	21.92	15.24	19.7128	80.5	47.16	168.5	17.87
02-08-1999	0	2.75	21.16	15.12	14.1967	82.1	54.07	138.5	17.68
03-08-1999	0	3.15	21.37	15.38	17.6514	87.5	50.71	176.5	17.83
04-08-1999	0	2.9	22.62	15.47	18.7533	86.5	61.58	149.5	18.94
05-08-1999	0	3.55	26.8	16.4	18.45	97.5	31	138	20.7
06-08-1999	0	3.2	22.19	13.61	19.5889	82.2	55.08	141	18.54
07-08-1999	2	2.75	20.48	15.71	14.3133	97.5	52.34	178.5	17.72
08-08-1999	0	3	22.99	16.46	19.4766	86.8	52.97	161.5	19.4
09-08-1999	0	3.7	20.77	15.42	21.0212	81.8	43.6	222.5	18.02
10-08-1999	0	3	22.08	13.94	16.6886	84	50.84	149.5	18.52
11-08-1999	0	3.1	21.68	15.24	19.1255	91	57.67	152	17.92
12-08-1999	0	2.9	23.85	15.85	18.445	98.5	73.5	191.5	19.2
13-08-1999	0	3.3	24.8	14.45	20.05	97	63.5	172.5	18.95
14-08-1999	0	3.2	23.34	15.82	19.7725	84.4	56.56	150	19.06
15-08-1999	0	3.65	23.87	15.86	21.3144	82.6	51.51	158.5	19.59
16-08-1999	0	3.9	25.4	15.55	19.955	87	51	202.5	20
17-08-1999	0	3.7	24.6	16.05	17.79	85	47	178	19.15
18-08-1999	0	3.65	22.75	13.7	20.78	90.5	51.5	191.5	17.9
19-08-1999	0	3.9	23.75	14	20.43	92	42.5	220.5	18.55
20-08-1999	0	3.1	24.5	14	16.605	93.5	62.5	216	19
21-08-1999	0	3.5	22.67	14.9	22.3192	88.4	60.28	211	19.02
22-08-1999	0	3.15	21.87	15.97	15.737	82.7	52.97	133	18.63
23-08-1999	0	3.1	22.01	16.48	17.9864	86.7	57.54	124.5	19.02
24-08-1999	0	3.15	22.87	16.21	17.8803	88.3	55.32	126	19.42
25-08-1999	0	3	21.1	16.56	15.3638	85.8	55.14	123.5	18.64
26-08-1999	0	2.9	22.9	15.35	16.8071	87.3	52.26	109.5	19.31
27-08-1999	0	3.9	24.4	16.24	21.4023	77.1	43.4	135	19.62
28-08-1999	0	3.45	21.51	16.12	20.8962	83.9	60.73	133	18.86
29-08-1999	0	3.3	22.05	16.76	19.3309	79.3	58.59	114.5	18.98
30-08-1999	0	3.55	22.96	16.4	21.1973	90.7	57.47	127	19.26
31-08-1999	0	3.95	22.8	15.75	23.7459	87	59.79	192.5	18.9
01-09-1999	0	3.7	22.21	15.96	23.6792	89.9	63.5	155	18.93
02-09-1999	2	2.7	23.7	17.66	13.7462	91.4	53.29	102.5	19.47
03-09-1999	7	1.55	19.45	16.63	6.8732	99	74.7	91.5	18.11
04-09-1999	18.5	2.1	21.04	14.88	10.4636	96.3	62.59	139	17.4
05-09-1999	1.5	3.8	19.91	13.92	23.7193	90.4	49.63	170.5	16.88
06-09-1999	0	3.45	19.9	14.47	19.7329	82.4	43.81	158	16.94
07-09-1999	0	4.1	20.98	15.73	24.7312	78.6	46.17	189	17.7
08-09-1999	0	4.15	22.77	15.78	24.5152	80.9	52.98	216.5	18.69
09-09-1999	0	4	22.49	15.76	22.0225	80.6	54.03	192.5	18.58
10-09-1999	0	3.85	23.27	16.3	21.9928	83.1	53.28	138	19.35
11-09-1999	0	2.75	22.13	15.98	12.9372	81.9	58.22	98.5	19.25
12-09-1999	0	2.95	22.75	16.66	14.2824	84.4	56.49	112.5	19.35
13-09-1999	0	3.65	22.32	16.8	22.51	90.7	63.57	149	19.15
14-09-1999	28	3.5	22.85	17.98	19.2906	97.1	65.83	210	19.42
15-09-1999	1	3.45	20.56	16.96	22.681	96.9	77.5	269	18.33
16-09-1999	0	4	21.99	17.26	25.3412	86.2	60.15	255.5	19.22
17-09-1999	0	3.95	23.42	15.81	23.1428	87.7	60.3	201.5	19.38
18-09-1999	0	3.45	23.07	16.83	18.7	84.4	51.98	130.5	19.1
19-09-1999	0	3.65	22.86	17.13	20.03	82.9	54.75	120.5	19.74
20-09-1999	0	2.6	21.64	17.07	12.2332	86.3	67.36	105	19.31
21-09-1999	0	2.45	21.6	17.1	11.0766	85.7	66.98	109	19.43
22-09-1999	0	2.95	22.89	16.69	16.1529	92	65.1	111	19.73
23-09-1999	0	2.95	22.1	16.42	12.757	89.6	68.78	116.5	19.13
24-09-1999	0	2.9	22.21	16.39	14.4025	85.7	61.11	122	19.2
25-09-1999	0	4.25	23.73	16.59	23.4616	85.8	50.86	124	20.03
26-09-1999	0	3.65	22.76	16.7	19.9454	81.9	59.54	126.5	19.73
27-09-1999	0	4.6	23.99	16.19	26.1313	83.2	53.38	135.5	20.12
28-09-1999	0	4.5	23.6	15.98	25.6408	82.7	55.85	137.5	20.08
29-09-1999	0	4.2	22.46	16.54	26.4677	85	53.65	135.5	19.6
30-09-1999	0	5.15	23.66	16.82	27.9667	80.2	40.6	164.5	20.21
01-10-1999	0	4.45	23.34	16.91	26.2382	87.2	58	185	19.71
02-10-1999	0	3.8	23.35	17.18	20.7312	87.6	67.69	133	19.84
03-10-1999	0	3	21.99	17.69	15.5139	87.9	71.9	111.5	19.7
04-10-1999	9	3.95	22.63	17.01	22.7064	98.4	68.47	150.5	19.4
05-10-1999	0	4.75	21.5	16.03	28.7199	97.5	67.98	180	18.54
06-10-1999	0	4.8	21.53	17.04	28.1994	88.5	49.06	209	18.83
07-10-1999	0	4	22.38	16.54	25.794	91.7	72.2	185	19.42
08-10-1999	24	4.5	22.58	13.73	26.3302	99.2	62.05	167	18.55
09-10-1999	3.5	4.25	18.97	13.92	23.8556	95.6	53.89	178.5	16.05
10-10-1999	0.5	3.5	18.49	13.99	19.2662	86.3	59.1	185	16.03
11-10-1999	0	4.7	20.24	14.85	29.4468	83.4	51.93	271	17.17
12-10-1999	0	5.15	22.32	15.19	29.807	77.1	47.85	240	18.52
13-10-1999	0	3.95	22.67	14.62	21.9115	80.6	58.66	164	18.73
14-10-1999	5	5.2	22.57	16.58	30.1905	80.2	48.5	173	19.21
15-10-1999	2	3.75	20.48	15.43	20.76	96.5	66.32	139	17.97
16-10-1999	0	4.95	21.48	15.81	28.72	79.3	55.98	203.5	18.19
17-10-1999	0	4	21.28	15.73	20.875	81.7	57.97	167	18.15
18-10-1999	5	3.5	20.87	15.26	18.245	96.2	60.41	156	17.85
19-10-1999	0	3.6	21.46	15.67	20.595	96.4	72.4	155	18
20-10-1999	0	4.7	22.35	16.68	26.915	82	65.32	196	19.17
21-10-1999	0	2.95	22.23	17.15	14.905	81.7	67.66	99.5	19.66
22-10-1999	0	2.45	21.87	17.11	11.09	90.4	66.85	102.5	19.32
23-10-1999	0	3.2	22.46	16.64	16.45	86.6	68.2	115.5	19.78
24-10-1999	0	4.3	22.92	17.34	22.34	89.4	62.28	142	19.84
25-10-1999	0	5.25	22.61	16.21	28.3	89.7	52.78	161.5	19.42
26-10-1999	0	4.9	22.56	17.25	27.275	88.6	44.33	138.5	19.7
27-10-1999	0	5.05	23.84	18.42	25.865	90.7	36.97	198	20.86
28-10-1999	0	4.6	25.5	19.15	23.935	91.3	57.69	132	21.43
29-10-1999	0	4.35	24.2	19.86	22.665	92.1	70.8	105.5	22.01
30-10-1999	0	5.3	25.53	19.89	26.42	90.2	60.22	169	22.25
31-10-1999	4	3.05	21.33	16.23	12.96	99.5	66.08	195.5	19.56
01-11-1999	0	5.35	21.44	16.89	30.22	87.4	58.59	226.5	18.76
02-11-1999	0	4.8	23.19	17.66	24.69	85.9	54.54	190.5	19.74
03-11-1999	0	3.35	22.57	17.53	16.24	83.8	61.16	99.5	20.3
04-11-1999	0	3.9	22.76	18.67	19.12	84.4	60.27	135	20.18
05-11-1999	0	5.55	23.69	18.4	30.9156	75.7	52.43	161	20.94
06-11-1999	0	3.8	22.89	18.67	15.7507	74.7	53.51	141.5	20.89
07-11-1999	0	3.55	23.76	19.18	17.8864	96.5	49.63	115	21.18
08-11-1999	1	2.45	23.44	18.54	11.8444	93.7	74.7	89	21.32
09-11-1999	0	5.9	27.05	18.29	30.1283	93.8	45.63	172	22.09
10-11-1999	0	5.65	23.69	18.41	32.132	87.4	63.68	194.5	21.25
11-11-1999	0	6.25	26.17	19.19	32.1036	82.7	50.18	206.5	21.73
12-11-1999	0	5.8	24.55	17.72	32.2762	88.3	55.94	225.5	21.47
13-11-1999	0	5.55	24.64	19.41	31.3085	81.2	62.16	201	21.64
14-11-1999	0	3.6	24.49	20.41	15.6765	90.5	60.51	104	21.87
