treatcode	obsdate	swc1	swc2	swc3	swc4	swc5	swc6
BXAA-2-0-AAA-R570	0001-02-19	0.459	0.459	0.495	0.481	0.485	-999
BXAA-2-0-AAA-R570	0001-04-19	0.464	0.464	0.467	0.415	0.396	-999
BXAA-2-0-AAA-R570	0002-08-19	0.485	0.485	0.498	0.488	0.441	-999
BXAA-2-0-AAA-R570	0004-10-19	0.49	0.49	0.512	0.493	0.442	-999
BXAA-2-0-AAA-R570	0007-04-19	0.441	0.441	0.458	0.406	0.403	-999
BXAA-2-0-AAA-R570	0007-06-19	0.422	0.422	0.431	0.399	0.391	-999
BXAA-2-0-AAA-R570	0007-09-19	0.484	0.484	0.514	0.474	0.479	-999
BXAA-2-0-AAA-R570	0010-05-19	0.459	0.459	0.479	0.481	0.473	-999
BXAA-2-0-AAA-R570	0012-04-19	0.424	0.424	0.442	0.4	0.37	-999
BXAA-2-0-AAA-R570	0014-06-19	0.411	0.411	0.407	0.359	0.36	-999
BXAA-2-0-AAA-R570	0015-02-19	0.544	0.544	0.551	0.501	0.472	-999
BXAA-2-0-AAA-R570	0015-03-19	0.561	0.561	0.562	0.496	0.43	-999
BXAA-2-0-AAA-R570	0016-12-19	0.505	0.505	0.514	0.498	0.507	-999
BXAA-2-0-AAA-R570	0017-05-19	0.428	0.428	0.443	0.426	0.438	-999
BXAA-2-0-AAA-R570	0019-07-19	0.489	0.489	0.5	0.471	0.439	-999
BXAA-2-0-AAA-R570	0021-06-19	0.411	0.411	0.433	0.395	0.367	-999
BXAA-2-0-AAA-R570	0022-12-19	0.53	0.53	0.511	0.441	0.442	-999
BXAA-2-0-AAA-R570	0023-02-19	0.4	0.4	0.483	0.55	0.447	-999
BXAA-2-0-AAA-R570	0027-07-19	0.517	0.517	0.541	0.514	0.469	-999
BXAA-2-0-AAA-R570	0028-06-19	0.452	0.452	0.483	0.453	0.471	-999
CP04-3-0-AAA-R570	0002-04-19	0.378	0.378	0.311	0.492	0.579	0.598
CP04-3-0-AAA-R570	0003-03-19	0.409	0.409	0.359	0.515	0.586	0.602
CP04-3-0-AAA-R570	0004-10-19	0.343	0.343	0.297	0.412	0.502	0.488
CP04-3-0-AAA-R570	0005-07-19	0.313	0.313	0.3	0.449	0.499	0.492
CP04-3-0-AAA-R570	0007-06-19	0.317	0.317	0.3	0.406	0.476	0.506
CP04-3-0-AAA-R570	0007-09-19	0.389	0.389	0.311	0.456	0.554	0.541
CP04-3-0-AAA-R570	0009-08-19	0.313	0.313	0.281	0.404	0.501	0.521
CP04-3-0-AAA-R570	0011-05-19	0.376	0.376	0.343	0.487	0.568	0.559
CP04-3-0-AAA-R570	0012-03-19	0.438	0.438	0.371	0.553	0.61	0.586
CP04-3-0-AAA-R570	0012-10-19	0.341	0.341	0.284	0.431	0.541	0.549
CP04-3-0-AAA-R570	0015-04-19	0.462	0.462	0.376	0.45	0.573	0.595
CP04-3-0-AAA-R570	0015-11-19	0.313	0.313	0.265	0.4	0.499	0.521
CP04-3-0-AAA-R570	0016-08-19	0.316	0.316	0.265	0.404	0.488	0.505
CP04-3-0-AAA-R570	0017-05-19	0.365	0.365	0.324	0.491	0.568	0.56
CP04-3-0-AAA-R570	0019-04-19	0.403	0.403	0.388	0.531	0.562	0.542
CP04-3-0-AAA-R570	0019-07-19	0.323	0.323	0.292	0.46	0.521	0.524
CP04-3-0-AAA-R570	0021-12-19	0.406	0.406	0.359	0.519	0.571	0.561
CP04-3-0-AAA-R570	0022-09-19	0.369	0.369	0.343	0.427	0.508	0.556
CP04-3-0-AAA-R570	0024-03-19	0.407	0.407	0.369	0.51	0.58	0.606
CP04-3-0-AAA-R570	0025-05-19	0.352	0.352	0.325	0.481	0.551	0.574
CP04-3-0-AAA-R570	0026-02-19	0.44	0.44	0.396	0.526	0.624	0.631
CP04-3-0-AAA-R570	0028-06-19	0.308	0.308	0.29	0.404	0.517	0.534
CP04-3-0-AAA-R570	0031-05-19	0.322	0.322	0.287	0.426	0.519	0.552
GVER-1-0-AAA-R570	0001-07-20	0.3520866	0.3520866	0.3520866	0.3520866	0.3520866	0.3520866
GVER-1-0-AAA-R570	0001-09-20	0.3640838	0.3640838	0.3640838	0.3640838	0.3640838	0.3640838
GVER-1-0-AAA-R570	0001-12-20	0.395	0.395	0.395	0.395	0.395	0.395
GVER-1-0-AAA-R570	0002-05-20	0.3069401	0.3069401	0.3069401	0.3069401	0.3069401	0.3069401
GVER-1-0-AAA-R570	0002-09-20	0.3825596	0.3825596	0.3825596	0.3825596	0.3825596	0.3825596
GVER-1-0-AAA-R570	0002-11-20	0.395	0.395	0.395	0.395	0.395	0.395
GVER-1-0-AAA-R570	0003-02-20	0.3684121	0.3684121	0.3684121	0.3684121	0.3684121	0.3684121
GVER-1-0-AAA-R570	0003-02-20	0.391155	0.391155	0.391155	0.391155	0.391155	0.391155
GVER-1-0-AAA-R570	0003-06-20	0.3206686	0.3206686	0.3206686	0.3206686	0.3206686	0.3206686
GVER-1-0-AAA-R570	0003-08-20	0.3674821	0.3674821	0.3674821	0.3674821	0.3674821	0.3674821
GVER-1-0-AAA-R570	0004-11-20	0.3908653	0.3908653	0.3908653	0.3908653	0.3908653	0.3908653
GVER-1-0-AAA-R570	0005-01-20	0.395	0.395	0.395	0.395	0.395	0.395
GVER-1-0-AAA-R570	0005-08-20	0.3352605	0.3352605	0.3352605	0.3352605	0.3352605	0.3352605
GVER-1-0-AAA-R570	0005-09-20	0.3406893	0.3406893	0.3406893	0.3406893	0.3406893	0.3406893
GVER-1-0-AAA-R570	0007-01-20	0.395	0.395	0.395	0.395	0.395	0.395
GVER-1-0-AAA-R570	0007-03-20	0.3321999	0.3321999	0.3321999	0.3321999	0.3321999	0.3321999
GVER-1-0-AAA-R570	0007-04-20	0.3127826	0.3127826	0.3127826	0.3127826	0.3127826	0.3127826
GVER-1-0-AAA-R570	0007-10-20	0.3776701	0.3776701	0.3776701	0.3776701	0.3776701	0.3776701
GVER-1-0-AAA-R570	0008-07-20	0.3497219	0.3497219	0.3497219	0.3497219	0.3497219	0.3497219
GVER-1-0-AAA-R570	0008-09-20	0.3591183	0.3591183	0.3591183	0.3591183	0.3591183	0.3591183
GVER-1-0-AAA-R570	0009-06-20	0.35968	0.35968	0.35968	0.35968	0.35968	0.35968
GVER-1-0-AAA-R570	0009-10-20	0.3825285	0.3825285	0.3825285	0.3825285	0.3825285	0.3825285
GVER-1-0-AAA-R570	0009-12-20	0.395	0.395	0.395	0.395	0.395	0.395
GVER-1-0-AAA-R570	0010-02-20	0.3927634	0.3927634	0.3927634	0.3927634	0.3927634	0.3927634
GVER-1-0-AAA-R570	0010-09-20	0.3753758	0.3753758	0.3753758	0.3753758	0.3753758	0.3753758
GVER-1-0-AAA-R570	0011-02-20	0.3587536	0.3587536	0.3587536	0.3587536	0.3587536	0.3587536
GVER-1-0-AAA-R570	0011-08-20	0.3259769	0.3259769	0.3259769	0.3259769	0.3259769	0.3259769
GVER-1-0-AAA-R570	0011-11-20	0.390422	0.390422	0.390422	0.390422	0.390422	0.390422
GVER-1-0-AAA-R570	0011-12-20	0.395	0.395	0.395	0.395	0.395	0.395
GVER-1-0-AAA-R570	0012-04-20	0.336031	0.336031	0.336031	0.336031	0.336031	0.336031
GVER-1-0-AAA-R570	0013-01-20	0.395	0.395	0.395	0.395	0.395	0.395
GVER-1-0-AAA-R570	0013-05-20	0.3567635	0.3567635	0.3567635	0.3567635	0.3567635	0.3567635
GVER-1-0-AAA-R570	0014-01-20	0.395	0.395	0.395	0.395	0.395	0.395
GVER-1-0-AAA-R570	0014-10-20	0.369439	0.369439	0.369439	0.369439	0.369439	0.369439
GVER-1-0-AAA-R570	0015-07-20	0.35257	0.35257	0.35257	0.35257	0.35257	0.35257
GVER-1-0-AAA-R570	0015-09-20	0.3839648	0.3839648	0.3839648	0.3839648	0.3839648	0.3839648
GVER-1-0-AAA-R570	0015-11-20	0.395	0.395	0.395	0.395	0.395	0.395
GVER-1-0-AAA-R570	0016-12-20	0.3938136	0.3938136	0.3938136	0.3938136	0.3938136	0.3938136
GVER-1-0-AAA-R570	0017-03-20	0.3215733	0.3215733	0.3215733	0.3215733	0.3215733	0.3215733
GVER-1-0-AAA-R570	0017-04-20	0.3066709	0.3066709	0.3066709	0.3066709	0.3066709	0.3066709
GVER-1-0-AAA-R570	0017-06-20	0.3509676	0.3509676	0.3509676	0.3509676	0.3509676	0.3509676
GVER-1-0-AAA-R570	0017-12-20	0.3905291	0.3905291	0.3905291	0.3905291	0.3905291	0.3905291
GVER-1-0-AAA-R570	0018-02-20	0.3618591	0.3618591	0.3618591	0.3618591	0.3618591	0.3618591
GVER-1-0-AAA-R570	0018-09-20	0.3714483	0.3714483	0.3714483	0.3714483	0.3714483	0.3714483
GVER-1-0-AAA-R570	0018-11-20	0.3906278	0.3906278	0.3906278	0.3906278	0.3906278	0.3906278
GVER-1-0-AAA-R570	0019-08-20	0.3176999	0.3176999	0.3176999	0.3176999	0.3176999	0.3176999
GVER-1-0-AAA-R570	0020-01-20	0.395	0.395	0.395	0.395	0.395	0.395
GVER-1-0-AAA-R570	0020-08-20	0.3872246	0.3872246	0.3872246	0.3872246	0.3872246	0.3872246
GVER-1-0-AAA-R570	0021-01-20	0.3943797	0.3943797	0.3943797	0.3943797	0.3943797	0.3943797
GVER-1-0-AAA-R570	0021-07-20	0.3736921	0.3736921	0.3736921	0.3736921	0.3736921	0.3736921
GVER-1-0-AAA-R570	0021-10-20	0.3898711	0.3898711	0.3898711	0.3898711	0.3898711	0.3898711
GVER-1-0-AAA-R570	0021-10-20	0.395	0.395	0.395	0.395	0.395	0.395
GVER-1-0-AAA-R570	0022-03-20	0.3169135	0.3169135	0.3169135	0.3169135	0.3169135	0.3169135
GVER-1-0-AAA-R570	0022-07-20	0.348776	0.348776	0.348776	0.348776	0.348776	0.348776
GVER-1-0-AAA-R570	0023-06-20	0.3606221	0.3606221	0.3606221	0.3606221	0.3606221	0.3606221
GVER-1-0-AAA-R570	0023-09-20	0.3631096	0.3631096	0.3631096	0.3631096	0.3631096	0.3631096
GVER-1-0-AAA-R570	0023-12-20	0.395	0.395	0.395	0.395	0.395	0.395
GVER-1-0-AAA-R570	0023-12-20	0.3854689	0.3854689	0.3854689	0.3854689	0.3854689	0.3854689
GVER-1-0-AAA-R570	0025-02-20	0.3579558	0.3579558	0.3579558	0.3579558	0.3579558	0.3579558
GVER-1-0-AAA-R570	0025-04-20	0.317092	0.317092	0.317092	0.317092	0.317092	0.317092
GVER-1-0-AAA-R570	0026-08-20	0.3732689	0.3732689	0.3732689	0.3732689	0.3732689	0.3732689
GVER-1-0-AAA-R570	0027-01-20	0.394446	0.394446	0.394446	0.394446	0.394446	0.394446
GVER-1-0-AAA-R570	0027-05-20	0.3094413	0.3094413	0.3094413	0.3094413	0.3094413	0.3094413
GVER-1-0-AAA-R570	0028-10-20	0.389805	0.389805	0.389805	0.389805	0.389805	0.389805
GVER-1-0-AAA-R570	0029-03-20	0.3066026	0.3066026	0.3066026	0.3066026	0.3066026	0.3066026
GVER-1-0-AAA-R570	0029-07-20	0.3675977	0.3675977	0.3675977	0.3675977	0.3675977	0.3675977
GVER-1-0-AAA-R570	0029-07-20	0.3404065	0.3404065	0.3404065	0.3404065	0.3404065	0.3404065
GVER-1-0-AAA-R570	0029-12-20	0.395	0.395	0.395	0.395	0.395	0.395
GVER-1-0-AAA-R570	0030-09-20	0.3928033	0.3928033	0.3928033	0.3928033	0.3928033	0.3928033
GVER-1-0-AAA-R570	0030-09-20	0.3856902	0.3856902	0.3856902	0.3856902	0.3856902	0.3856902
TIR1-3-0-SEV-R570	0001-02-19	0.44	0.44	0.487	0.513	0.554	0.565
TIR1-3-0-SEV-R570	0001-03-19	0.436	0.436	0.48	0.508	0.553	0.567
TIR1-3-0-SEV-R570	0001-06-19	0.416	0.416	0.464	0.492	0.529	0.543
TIR1-3-0-SEV-R570	0001-07-19	0.408	0.408	0.46	0.491	0.526	0.531
TIR1-3-0-SEV-R570	0001-08-19	0.443	0.443	0.488	0.511	0.55	0.561
TIR1-3-0-SEV-R570	0001-12-19	0.384	0.384	0.402	0.432	0.481	0.49
TIR1-3-0-SEV-R570	0002-06-19	0.42	0.42	0.466	0.494	0.531	0.544
TIR1-3-0-SEV-R570	0002-07-19	0.435	0.435	0.478	0.5	0.529	0.533
TIR1-3-0-SEV-R570	0002-09-19	0.424	0.424	0.476	0.502	0.532	0.538
TIR1-3-0-SEV-R570	0002-10-19	0.438	0.438	0.48	0.502	0.533	0.543
TIR1-3-0-SEV-R570	0002-11-19	0.4	0.4	0.428	0.464	0.514	0.525
TIR1-3-0-SEV-R570	0002-12-19	0.368	0.368	0.397	0.433	0.481	0.489
TIR1-3-0-SEV-R570	0003-07-19	0.426	0.426	0.471	0.497	0.528	0.533
TIR1-3-0-SEV-R570	0003-09-19	0.41	0.41	0.471	0.5	0.532	0.541
TIR1-3-0-SEV-R570	0003-11-19	0.376	0.376	0.417	0.461	0.511	0.524
TIR1-3-0-SEV-R570	0004-01-19	0.415	0.415	0.467	0.497	0.534	0.548
TIR1-3-0-SEV-R570	0004-02-19	0.439	0.439	0.483	0.512	0.557	0.571
TIR1-3-0-SEV-R570	0004-05-19	0.435	0.435	0.48	0.504	0.542	0.555
TIR1-3-0-SEV-R570	0004-08-19	0.421	0.421	0.472	0.503	0.541	0.557
TIR1-3-0-SEV-R570	0004-09-19	0.391	0.391	0.461	0.495	0.528	0.533
TIR1-3-0-SEV-R570	0004-11-19	0.366	0.366	0.41	0.458	0.51	0.525
TIR1-3-0-SEV-R570	0005-02-19	0.427	0.427	0.474	0.504	0.548	0.562
TIR1-3-0-SEV-R570	0005-05-19	0.427	0.427	0.474	0.499	0.54	0.553
TIR1-3-0-SEV-R570	0005-08-19	0.413	0.413	0.469	0.5	0.537	0.553
TIR1-3-0-SEV-R570	0005-11-19	0.36	0.36	0.407	0.458	0.508	0.524
TIR1-3-0-SEV-R570	0006-08-19	0.41	0.41	0.463	0.498	0.535	0.552
TIR1-3-0-SEV-R570	0006-10-19	0.373	0.373	0.438	0.487	0.527	0.539
TIR1-3-0-SEV-R570	0006-11-19	0.347	0.347	0.403	0.456	0.506	0.524
TIR1-3-0-SEV-R570	0007-01-19	0.376	0.376	0.437	0.481	0.523	0.538
TIR1-3-0-SEV-R570	0007-05-19	0.42	0.42	0.467	0.496	0.534	0.548
TIR1-3-0-SEV-R570	0007-07-19	0.456	0.456	0.492	0.512	0.542	0.547
TIR1-3-0-SEV-R570	0007-08-19	0.404	0.404	0.464	0.496	0.537	0.552
TIR1-3-0-SEV-R570	0007-09-19	0.407	0.407	0.469	0.5	0.535	0.545
TIR1-3-0-SEV-R570	0007-10-19	0.361	0.361	0.427	0.483	0.524	0.534
TIR1-3-0-SEV-R570	0007-12-19	0.308	0.308	0.38	0.424	0.477	0.489
TIR1-3-0-SEV-R570	0008-01-19	0.426	0.426	0.488	0.502	0.537	0.544
TIR1-3-0-SEV-R570	0008-07-19	0.441	0.441	0.482	0.507	0.547	0.553
TIR1-3-0-SEV-R570	0008-09-19	0.43	0.43	0.479	0.501	0.533	0.544
TIR1-3-0-SEV-R570	0008-12-19	0.306	0.306	0.379	0.429	0.479	0.487
TIR1-3-0-SEV-R570	0009-02-19	0.434	0.434	0.478	0.503	0.542	0.548
TIR1-3-0-SEV-R570	0009-06-19	0.419	0.419	0.466	0.495	0.53	0.543
TIR1-3-0-SEV-R570	0009-07-19	0.434	0.434	0.475	0.503	0.543	0.554
TIR1-3-0-SEV-R570	0009-09-19	0.433	0.433	0.48	0.504	0.535	0.543
TIR1-3-0-SEV-R570	0009-10-19	0.434	0.434	0.481	0.504	0.527	0.536
TIR1-3-0-SEV-R570	0009-11-19	0.329	0.329	0.397	0.45	0.499	0.517
TIR1-3-0-SEV-R570	0009-12-19	0.322	0.322	0.379	0.428	0.479	0.486
TIR1-3-0-SEV-R570	0009-12-19	0.434	0.434	0.477	0.482	0.502	0.514
TIR1-3-0-SEV-R570	0010-06-19	0.415	0.415	0.464	0.493	0.528	0.536
TIR1-3-0-SEV-R570	0010-08-19	0.388	0.388	0.454	0.494	0.532	0.55
TIR1-3-0-SEV-R570	0010-09-19	0.438	0.438	0.483	0.509	0.539	0.548
TIR1-3-0-SEV-R570	0010-11-19	0.327	0.327	0.394	0.447	0.496	0.515
TIR1-3-0-SEV-R570	0011-01-19	0.428	0.428	0.48	0.508	0.555	0.565
TIR1-3-0-SEV-R570	0011-05-19	0.425	0.425	0.465	0.496	0.533	0.546
TIR1-3-0-SEV-R570	0011-07-19	0.426	0.426	0.472	0.499	0.539	0.548
TIR1-3-0-SEV-R570	0011-08-19	0.386	0.386	0.453	0.494	0.531	0.545
TIR1-3-0-SEV-R570	0011-09-19	0.442	0.442	0.485	0.512	0.542	0.548
TIR1-3-0-SEV-R570	0011-11-19	0.327	0.327	0.394	0.446	0.495	0.51
TIR1-3-0-SEV-R570	0012-01-19	0.415	0.415	0.478	0.499	0.545	0.559
TIR1-3-0-SEV-R570	0012-02-19	0.441	0.441	0.484	0.512	0.559	0.57
TIR1-3-0-SEV-R570	0012-05-19	0.421	0.421	0.464	0.495	0.532	0.545
TIR1-3-0-SEV-R570	0012-08-19	0.377	0.377	0.447	0.491	0.529	0.546
TIR1-3-0-SEV-R570	0012-10-19	0.392	0.392	0.459	0.494	0.53	0.539
TIR1-3-0-SEV-R570	0012-11-19	0.325	0.325	0.394	0.446	0.494	0.51
TIR1-3-0-SEV-R570	0013-01-19	0.446	0.446	0.473	0.498	0.539	0.555
TIR1-3-0-SEV-R570	0013-05-19	0.419	0.419	0.46	0.494	0.53	0.542
TIR1-3-0-SEV-R570	0013-08-19	0.402	0.402	0.46	0.491	0.529	0.544
TIR1-3-0-SEV-R570	0013-10-19	0.423	0.423	0.469	0.492	0.526	0.536
TIR1-3-0-SEV-R570	0014-01-19	0.436	0.436	0.485	0.511	0.554	0.566
TIR1-3-0-SEV-R570	0014-05-19	0.417	0.417	0.459	0.493	0.529	0.541
TIR1-3-0-SEV-R570	0014-09-19	0.391	0.391	0.463	0.5	0.536	0.546
TIR1-3-0-SEV-R570	0014-10-19	0.437	0.437	0.484	0.509	0.536	0.54
TIR1-3-0-SEV-R570	0014-12-19	0.4	0.4	0.448	0.463	0.484	0.491
TIR1-3-0-SEV-R570	0015-01-19	0.431	0.431	0.481	0.51	0.556	0.567
TIR1-3-0-SEV-R570	0015-02-19	0.438	0.438	0.479	0.507	0.553	0.565
TIR1-3-0-SEV-R570	0015-05-19	0.436	0.436	0.474	0.501	0.531	0.542
TIR1-3-0-SEV-R570	0015-06-19	0.425	0.425	0.469	0.497	0.53	0.541
TIR1-3-0-SEV-R570	0015-07-19	0.408	0.408	0.459	0.489	0.527	0.54
TIR1-3-0-SEV-R570	0015-09-19	0.417	0.417	0.466	0.495	0.532	0.539
TIR1-3-0-SEV-R570	0015-10-19	0.439	0.439	0.485	0.512	0.542	0.547
TIR1-3-0-SEV-R570	0015-12-19	0.39	0.39	0.44	0.461	0.484	0.491
TIR1-3-0-SEV-R570	0016-02-19	0.43	0.43	0.472	0.503	0.546	0.562
TIR1-3-0-SEV-R570	0016-04-19	0.421	0.421	0.466	0.491	0.531	0.537
TIR1-3-0-SEV-R570	0016-06-19	0.422	0.422	0.468	0.495	0.53	0.542
TIR1-3-0-SEV-R570	0016-07-19	0.404	0.404	0.457	0.489	0.528	0.54
TIR1-3-0-SEV-R570	0016-09-19	0.434	0.434	0.479	0.503	0.533	0.541
TIR1-3-0-SEV-R570	0016-12-19	0.376	0.376	0.429	0.456	0.484	0.492
TIR1-3-0-SEV-R570	0017-04-19	0.414	0.414	0.462	0.489	0.528	0.536
TIR1-3-0-SEV-R570	0017-06-19	0.421	0.421	0.465	0.494	0.529	0.541
TIR1-3-0-SEV-R570	0017-08-19	0.367	0.367	0.437	0.486	0.525	0.538
TIR1-3-0-SEV-R570	0017-11-19	0.317	0.317	0.39	0.44	0.49	0.505
TIR1-3-0-SEV-R570	0018-01-19	0.405	0.405	0.461	0.494	0.54	0.554
TIR1-3-0-SEV-R570	0018-06-19	0.418	0.418	0.463	0.492	0.528	0.539
TIR1-3-0-SEV-R570	0018-08-19	0.414	0.414	0.47	0.492	0.525	0.535
TIR1-3-0-SEV-R570	0018-09-19	0.437	0.437	0.485	0.508	0.537	0.544
TIR1-3-0-SEV-R570	0018-11-19	0.315	0.315	0.39	0.44	0.49	0.502
TIR1-3-0-SEV-R570	0019-01-19	0.396	0.396	0.449	0.49	0.533	0.551
TIR1-3-0-SEV-R570	0019-02-19	0.438	0.438	0.492	0.511	0.558	0.572
TIR1-3-0-SEV-R570	0019-05-19	0.443	0.443	0.475	0.503	0.541	0.553
TIR1-3-0-SEV-R570	0019-06-19	0.417	0.417	0.462	0.492	0.529	0.539
TIR1-3-0-SEV-R570	0019-08-19	0.4	0.4	0.462	0.491	0.525	0.538
TIR1-3-0-SEV-R570	0019-10-19	0.422	0.422	0.475	0.505	0.543	0.557
TIR1-3-0-SEV-R570	0020-01-19	0.434	0.434	0.483	0.508	0.544	0.553
TIR1-3-0-SEV-R570	0020-04-19	0.411	0.411	0.461	0.489	0.528	0.537
TIR1-3-0-SEV-R570	0020-08-19	0.386	0.386	0.458	0.489	0.524	0.537
TIR1-3-0-SEV-R570	0020-11-19	0.353	0.353	0.382	0.434	0.483	0.494
TIR1-3-0-SEV-R570	0021-01-19	0.434	0.434	0.484	0.511	0.552	0.562
TIR1-3-0-SEV-R570	0021-04-19	0.41	0.41	0.461	0.489	0.529	0.538
TIR1-3-0-SEV-R570	0021-05-19	0.432	0.432	0.473	0.501	0.539	0.552
TIR1-3-0-SEV-R570	0021-07-19	0.384	0.384	0.448	0.485	0.523	0.535
TIR1-3-0-SEV-R570	0021-08-19	0.423	0.423	0.478	0.499	0.526	0.536
TIR1-3-0-SEV-R570	0021-09-19	0.404	0.404	0.466	0.499	0.535	0.547
TIR1-3-0-SEV-R570	0021-12-19	0.317	0.317	0.388	0.434	0.483	0.492
TIR1-3-0-SEV-R570	0022-01-19	0.418	0.418	0.471	0.502	0.545	0.56
TIR1-3-0-SEV-R570	0022-02-19	0.447	0.447	0.499	0.517	0.564	0.578
TIR1-3-0-SEV-R570	0022-04-19	0.426	0.426	0.458	0.488	0.527	0.536
TIR1-3-0-SEV-R570	0022-06-19	0.409	0.409	0.456	0.488	0.524	0.536
TIR1-3-0-SEV-R570	0022-07-19	0.379	0.379	0.444	0.483	0.522	0.535
TIR1-3-0-SEV-R570	0022-09-19	0.426	0.426	0.472	0.499	0.536	0.546
TIR1-3-0-SEV-R570	0023-04-19	0.417	0.417	0.462	0.489	0.529	0.536
TIR1-3-0-SEV-R570	0023-06-19	0.405	0.405	0.454	0.487	0.523	0.535
TIR1-3-0-SEV-R570	0023-09-19	0.429	0.429	0.48	0.501	0.534	0.546
TIR1-3-0-SEV-R570	0023-11-19	0.311	0.311	0.384	0.432	0.482	0.488
TIR1-3-0-SEV-R570	0024-04-19	0.416	0.416	0.46	0.488	0.528	0.536
TIR1-3-0-SEV-R570	0024-06-19	0.434	0.434	0.476	0.497	0.526	0.535
TIR1-3-0-SEV-R570	0024-08-19	0.378	0.378	0.453	0.49	0.524	0.537
TIR1-3-0-SEV-R570	0024-09-19	0.414	0.414	0.468	0.499	0.533	0.545
TIR1-3-0-SEV-R570	0024-10-19	0.358	0.358	0.425	0.485	0.53	0.544
TIR1-3-0-SEV-R570	0024-11-19	0.31	0.31	0.383	0.433	0.483	0.491
TIR1-3-0-SEV-R570	0025-01-19	0.44	0.44	0.487	0.514	0.557	0.566
TIR1-3-0-SEV-R570	0025-02-19	0.462	0.462	0.494	0.516	0.567	0.579
TIR1-3-0-SEV-R570	0025-05-19	0.418	0.418	0.466	0.494	0.531	0.545
TIR1-3-0-SEV-R570	0025-07-19	0.426	0.426	0.475	0.501	0.533	0.54
TIR1-3-0-SEV-R570	0025-08-19	0.411	0.411	0.47	0.491	0.524	0.535
TIR1-3-0-SEV-R570	0025-09-19	0.396	0.396	0.462	0.495	0.531	0.542
TIR1-3-0-SEV-R570	0025-11-19	0.369	0.369	0.385	0.434	0.483	0.491
TIR1-3-0-SEV-R570	0026-01-19	0.42	0.42	0.471	0.503	0.547	0.555
TIR1-3-0-SEV-R570	0026-02-19	0.444	0.444	0.484	0.515	0.565	0.581
TIR1-3-0-SEV-R570	0026-06-19	0.439	0.439	0.479	0.504	0.535	0.54
TIR1-3-0-SEV-R570	0026-08-19	0.398	0.398	0.459	0.49	0.524	0.535
TIR1-3-0-SEV-R570	0026-10-19	0.337	0.337	0.404	0.468	0.521	0.536
TIR1-3-0-SEV-R570	0026-11-19	0.351	0.351	0.385	0.434	0.484	0.492
TIR1-3-0-SEV-R570	0027-01-19	0.409	0.409	0.464	0.498	0.539	0.55
TIR1-3-0-SEV-R570	0027-04-19	0.437	0.437	0.48	0.506	0.552	0.556
TIR1-3-0-SEV-R570	0027-07-19	0.417	0.417	0.469	0.497	0.532	0.539
TIR1-3-0-SEV-R570	0027-08-19	0.382	0.382	0.455	0.491	0.526	0.536
TIR1-3-0-SEV-R570	0027-10-19	0.332	0.332	0.4	0.461	0.516	0.532
TIR1-3-0-SEV-R570	0027-11-19	0.333	0.333	0.386	0.436	0.484	0.494
TIR1-3-0-SEV-R570	0028-01-19	0.399	0.399	0.456	0.492	0.532	0.545
TIR1-3-0-SEV-R570	0028-04-19	0.438	0.438	0.481	0.506	0.551	0.556
TIR1-3-0-SEV-R570	0028-05-19	0.438	0.438	0.477	0.501	0.54	0.549
TIR1-3-0-SEV-R570	0028-07-19	0.417	0.417	0.472	0.5	0.539	0.554
TIR1-3-0-SEV-R570	0028-09-19	0.409	0.409	0.464	0.495	0.531	0.544
TIR1-3-0-SEV-R570	0028-10-19	0.33	0.33	0.399	0.456	0.514	0.53
TIR1-3-0-SEV-R570	0029-01-19	0.433	0.433	0.48	0.508	0.542	0.552
TIR1-3-0-SEV-R570	0029-04-19	0.432	0.432	0.475	0.501	0.545	0.553
TIR1-3-0-SEV-R570	0029-05-19	0.434	0.434	0.478	0.504	0.544	0.555
TIR1-3-0-SEV-R570	0029-06-19	0.42	0.42	0.465	0.494	0.53	0.54
TIR1-3-0-SEV-R570	0029-07-19	0.453	0.453	0.482	0.5	0.538	0.553
TIR1-3-0-SEV-R570	0029-09-19	0.389	0.389	0.454	0.492	0.528	0.541
TIR1-3-0-SEV-R570	0029-12-19	0.428	0.428	0.482	0.505	0.526	0.515
TIR1-3-0-SEV-R570	0030-06-19	0.415	0.415	0.463	0.492	0.528	0.536
TIR1-3-0-SEV-R570	0030-09-19	0.433	0.433	0.473	0.494	0.528	0.54
TIR1-3-0-SEV-R570	0031-07-19	0.442	0.442	0.487	0.511	0.553	0.559
TIR1-3-0-SEV-R570	0031-08-19	0.37	0.37	0.445	0.487	0.523	0.53
TIR1-3-0-SEV-R570	0031-10-19	0.433	0.433	0.439	0.46	0.515	0.531
TIR1-5-0-AAA-R570	0001-04-19	0.451	0.451	0.484	0.514	0.541	0.544
TIR1-5-0-AAA-R570	0001-06-19	0.474	0.474	0.497	0.525	0.553	0.555
TIR1-5-0-AAA-R570	0001-07-19	0.47	0.47	0.495	0.515	0.556	0.564
TIR1-5-0-AAA-R570	0001-08-19	0.459	0.459	0.486	0.511	0.554	0.565
TIR1-5-0-AAA-R570	0002-03-19	0.426	0.426	0.449	0.465	0.509	0.516
TIR1-5-0-AAA-R570	0002-05-19	0.453	0.453	0.484	0.519	0.559	0.57
TIR1-5-0-AAA-R570	0002-09-19	0.463	0.463	0.492	0.517	0.564	0.57
TIR1-5-0-AAA-R570	0003-01-19	0.409	0.409	0.457	0.488	0.524	0.525
TIR1-5-0-AAA-R570	0003-08-19	0.461	0.461	0.482	0.507	0.548	0.561
TIR1-5-0-AAA-R570	0003-10-19	0.386	0.386	0.438	0.484	0.532	0.542
TIR1-5-0-AAA-R570	0004-02-19	0.456	0.456	0.496	0.513	0.531	0.527
TIR1-5-0-AAA-R570	0004-03-19	0.409	0.409	0.458	0.475	0.507	0.514
TIR1-5-0-AAA-R570	0004-05-19	0.466	0.466	0.491	0.525	0.561	0.568
TIR1-5-0-AAA-R570	0004-07-19	0.459	0.459	0.488	0.512	0.554	0.563
TIR1-5-0-AAA-R570	0005-01-19	0.446	0.446	0.488	0.507	0.533	0.525
TIR1-5-0-AAA-R570	0005-09-19	0.475	0.475	0.5	0.522	0.566	0.572
TIR1-5-0-AAA-R570	0005-10-19	0.38	0.38	0.435	0.482	0.528	0.542
TIR1-5-0-AAA-R570	0006-04-19	0.452	0.452	0.479	0.508	0.539	0.545
TIR1-5-0-AAA-R570	0006-05-19	0.466	0.466	0.492	0.521	0.56	0.567
TIR1-5-0-AAA-R570	0006-06-19	0.457	0.457	0.482	0.519	0.561	0.575
TIR1-5-0-AAA-R570	0007-01-19	0.427	0.427	0.474	0.501	0.534	0.534
TIR1-5-0-AAA-R570	0007-02-19	0.43	0.43	0.476	0.506	0.539	0.543
TIR1-5-0-AAA-R570	0007-03-19	0.427	0.427	0.475	0.498	0.517	0.516
TIR1-5-0-AAA-R570	0007-09-19	0.463	0.463	0.491	0.516	0.562	0.568
TIR1-5-0-AAA-R570	0007-10-19	0.376	0.376	0.429	0.477	0.527	0.538
TIR1-5-0-AAA-R570	0008-04-19	0.46	0.46	0.49	0.516	0.544	0.544
TIR1-5-0-AAA-R570	0008-06-19	0.475	0.475	0.497	0.524	0.558	0.569
TIR1-5-0-AAA-R570	0008-07-19	0.475	0.475	0.503	0.525	0.574	0.58
TIR1-5-0-AAA-R570	0008-08-19	0.471	0.471	0.499	0.519	0.556	0.562
TIR1-5-0-AAA-R570	0009-02-19	0.442	0.442	0.481	0.503	0.539	0.54
TIR1-5-0-AAA-R570	0009-05-19	0.457	0.457	0.488	0.523	0.566	0.573
TIR1-5-0-AAA-R570	0009-09-19	0.451	0.451	0.483	0.51	0.555	0.566
TIR1-5-0-AAA-R570	0010-08-19	0.459	0.459	0.489	0.514	0.553	0.561
TIR1-5-0-AAA-R570	0010-10-19	0.425	0.425	0.445	0.48	0.525	0.538
TIR1-5-0-AAA-R570	0011-02-19	0.441	0.441	0.481	0.508	0.544	0.544
TIR1-5-0-AAA-R570	0011-03-19	0.458	0.458	0.492	0.516	0.558	0.563
TIR1-5-0-AAA-R570	0011-04-19	0.435	0.435	0.477	0.509	0.542	0.547
TIR1-5-0-AAA-R570	0011-05-19	0.479	0.479	0.499	0.511	0.554	0.564
TIR1-5-0-AAA-R570	0011-07-19	0.459	0.459	0.489	0.514	0.562	0.575
TIR1-5-0-AAA-R570	0012-01-19	0.445	0.445	0.483	0.499	0.537	0.539
TIR1-5-0-AAA-R570	0012-08-19	0.479	0.479	0.506	0.523	0.563	0.567
TIR1-5-0-AAA-R570	0012-09-19	0.438	0.438	0.475	0.505	0.549	0.557
TIR1-5-0-AAA-R570	0013-04-19	0.467	0.467	0.496	0.524	0.559	0.559
TIR1-5-0-AAA-R570	0013-06-19	0.462	0.462	0.487	0.523	0.567	0.572
TIR1-5-0-AAA-R570	0013-12-19	0.419	0.419	0.466	0.49	0.517	0.516
TIR1-5-0-AAA-R570	0014-01-19	0.454	0.454	0.492	0.509	0.548	0.542
TIR1-5-0-AAA-R570	0014-02-19	0.425	0.425	0.473	0.504	0.54	0.545
TIR1-5-0-AAA-R570	0014-03-19	0.42	0.42	0.475	0.511	0.551	0.56
TIR1-5-0-AAA-R570	0015-04-19	0.476	0.476	0.507	0.53	0.572	0.57
TIR1-5-0-AAA-R570	0015-06-19	0.476	0.476	0.498	0.53	0.57	0.572
TIR1-5-0-AAA-R570	0015-07-19	0.473	0.473	0.498	0.516	0.556	0.565
TIR1-5-0-AAA-R570	0015-08-19	0.466	0.466	0.494	0.517	0.568	0.577
TIR1-5-0-AAA-R570	0015-12-19	0.416	0.416	0.464	0.49	0.519	0.518
TIR1-5-0-AAA-R570	0016-02-19	0.434	0.434	0.476	0.503	0.537	0.542
TIR1-5-0-AAA-R570	0016-03-19	0.398	0.398	0.467	0.504	0.547	0.554
TIR1-5-0-AAA-R570	0016-05-19	0.443	0.443	0.475	0.513	0.55	0.56
TIR1-5-0-AAA-R570	0016-09-19	0.462	0.462	0.492	0.512	0.551	0.558
TIR1-5-0-AAA-R570	0017-01-19	0.434	0.434	0.478	0.508	0.537	0.539
TIR1-5-0-AAA-R570	0017-08-19	0.476	0.476	0.503	0.523	0.569	0.579
TIR1-5-0-AAA-R570	0017-12-19	0.434	0.434	0.48	0.5	0.524	0.525
TIR1-5-0-AAA-R570	0018-02-19	0.43	0.43	0.464	0.491	0.531	0.535
TIR1-5-0-AAA-R570	0018-03-19	0.449	0.449	0.487	0.512	0.544	0.55
TIR1-5-0-AAA-R570	0018-04-19	0.445	0.445	0.484	0.518	0.561	0.568
TIR1-5-0-AAA-R570	0018-05-19	0.47	0.47	0.498	0.531	0.573	0.578
TIR1-5-0-AAA-R570	0018-07-19	0.456	0.456	0.485	0.51	0.553	0.563
TIR1-5-0-AAA-R570	0019-01-19	0.418	0.418	0.465	0.501	0.534	0.538
TIR1-5-0-AAA-R570	0019-08-19	0.478	0.478	0.504	0.525	0.572	0.581
TIR1-5-0-AAA-R570	0019-09-19	0.446	0.446	0.482	0.507	0.549	0.555
TIR1-5-0-AAA-R570	0020-04-19	0.458	0.458	0.487	0.52	0.559	0.565
TIR1-5-0-AAA-R570	0020-05-19	0.466	0.466	0.494	0.526	0.571	0.58
TIR1-5-0-AAA-R570	0020-06-19	0.458	0.458	0.483	0.519	0.558	0.566
TIR1-5-0-AAA-R570	0020-07-19	0.491	0.491	0.508	0.525	0.562	0.567
TIR1-5-0-AAA-R570	0020-12-19	0.42	0.42	0.469	0.496	0.526	0.525
TIR1-5-0-AAA-R570	0021-01-19	0.442	0.442	0.475	0.497	0.532	0.537
TIR1-5-0-AAA-R570	0021-02-19	0.408	0.408	0.461	0.492	0.528	0.532
TIR1-5-0-AAA-R570	0021-03-19	0.393	0.393	0.461	0.502	0.539	0.547
TIR1-5-0-AAA-R570	0021-09-19	0.441	0.441	0.478	0.506	0.547	0.559
TIR1-5-0-AAA-R570	0022-04-19	0.45	0.45	0.483	0.511	0.556	0.564
TIR1-5-0-AAA-R570	0022-06-19	0.475	0.475	0.496	0.524	0.556	0.563
TIR1-5-0-AAA-R570	0022-08-19	0.456	0.456	0.487	0.512	0.558	0.571
TIR1-5-0-AAA-R570	0022-12-19	0.415	0.415	0.463	0.494	0.526	0.525
TIR1-5-0-AAA-R570	0023-02-19	0.443	0.443	0.471	0.485	0.523	0.526
TIR1-5-0-AAA-R570	0023-03-19	0.443	0.443	0.467	0.497	0.532	0.543
TIR1-5-0-AAA-R570	0023-09-19	0.433	0.433	0.472	0.502	0.545	0.554
TIR1-5-0-AAA-R570	0024-01-19	0.451	0.451	0.486	0.497	0.529	0.534
TIR1-5-0-AAA-R570	0024-06-19	0.466	0.466	0.492	0.52	0.556	0.563
TIR1-5-0-AAA-R570	0024-08-19	0.479	0.479	0.504	0.523	0.565	0.571
TIR1-5-0-AAA-R570	0025-02-19	0.39	0.39	0.448	0.482	0.518	0.521
TIR1-5-0-AAA-R570	0025-03-19	0.432	0.432	0.473	0.504	0.534	0.54
TIR1-5-0-AAA-R570	0025-04-19	0.443	0.443	0.477	0.506	0.553	0.556
TIR1-5-0-AAA-R570	0025-05-19	0.467	0.467	0.482	0.514	0.551	0.564
TIR1-5-0-AAA-R570	0025-07-19	0.474	0.474	0.501	0.524	0.571	0.582
TIR1-5-0-AAA-R570	0026-01-19	0.44	0.44	0.482	0.507	0.537	0.537
TIR1-5-0-AAA-R570	0026-08-19	0.478	0.478	0.502	0.522	0.566	0.573
TIR1-5-0-AAA-R570	0026-09-19	0.418	0.418	0.463	0.498	0.54	0.55
TIR1-5-0-AAA-R570	0027-04-19	0.465	0.465	0.488	0.517	0.549	0.554
TIR1-5-0-AAA-R570	0027-05-19	0.467	0.467	0.491	0.515	0.548	0.558
TIR1-5-0-AAA-R570	0027-07-19	0.461	0.461	0.491	0.517	0.564	0.575
TIR1-5-0-AAA-R570	0027-12-19	0.423	0.423	0.469	0.495	0.526	0.528
TIR1-5-0-AAA-R570	0028-01-19	0.446	0.446	0.48	0.502	0.539	0.537
TIR1-5-0-AAA-R570	0028-02-19	0.405	0.405	0.443	0.471	0.512	0.518
TIR1-5-0-AAA-R570	0028-03-19	0.399	0.399	0.448	0.494	0.528	0.537
TIR1-5-0-AAA-R570	0028-09-19	0.408	0.408	0.458	0.496	0.539	0.552
TIR1-5-0-AAA-R570	0029-04-19	0.465	0.465	0.493	0.517	0.558	0.566
TIR1-5-0-AAA-R570	0029-06-19	0.468	0.468	0.495	0.517	0.562	0.569
TIR1-5-0-AAA-R570	0029-07-19	0.457	0.457	0.488	0.515	0.561	0.575
TIR1-5-0-AAA-R570	0029-08-19	0.462	0.462	0.492	0.516	0.563	0.571
TIR1-5-0-AAA-R570	0029-12-19	0.435	0.435	0.48	0.502	0.534	0.53
TIR1-5-0-AAA-R570	0030-03-19	0.455	0.455	0.487	0.506	0.527	0.539
TIR1-5-0-AAA-R570	0030-05-19	0.451	0.451	0.478	0.512	0.546	0.557
TIR1-5-0-AAA-R570	0030-09-19	0.396	0.396	0.448	0.488	0.534	0.545
TIR1-5-0-AAA-R570	0031-01-19	0.42	0.42	0.454	0.489	0.523	0.528
TIR1-5-0-AAA-R570	0031-08-19	0.479	0.479	0.504	0.524	0.57	0.578
