date	rr	etp	tx	tn	rg	ux	un	vt	tm
02-07-2000	6	4.01	31.59	24.1	17.02	93.33	61.2	108	-999
03-07-2000	0	3.77	31.51	25.02	15.84	93.33	61.2	108	-999
04-07-2000	0	4.6	31.02	25.42	20.67	93.33	61.2	108	-999
05-07-2000	0	4.82	31.33	26.42	22.05	93.33	61.2	108	-999
06-07-2000	0	5.27	32.27	26.31	24.18	93.33	61.2	108	-999
07-07-2000	0	5.12	32.43	23.12	22.8	93.33	61.2	108	-999
08-07-2000	0	4.7	31.43	24.75	21.54	93.33	61.2	108	-999
09-07-2000	0	4.46	31.21	24.7	19.88	93.33	61.2	108	-999
10-07-2000	4	4.94	32.35	23.71	22.65	93.33	61.2	108	-999
11-07-2000	0	5.24	31.51	23.99	24.59	93.33	61.2	108	-999
12-07-2000	11	4.75	32.52	23.77	21.64	93.33	61.2	108	-999
13-07-2000	0	5.01	32.06	24.81	23.07	93.33	61.2	108	-999
14-07-2000	0	4.07	30.77	23.67	17.11	93.33	61.2	108	-999
15-07-2000	0	4.83	31.39	26.46	22.81	93.33	61.2	108	-999
16-07-2000	0.5	4.95	32.58	25.27	22.18	93.33	61.2	108	-999
17-07-2000	0	4.93	31.78	25.67	22.2	93.33	61.2	108	-999
18-07-2000	0	4.82	31.25	23.79	21.58	93.33	61.2	108	-999
19-07-2000	0	5.14	31.98	26.08	24.32	93.33	61.2	108	-999
20-07-2000	0	5.35	31.76	25.94	24.65	93.33	61.2	108	-999
21-07-2000	0	4.37	32.43	26.56	18.92	93.33	61.2	108	-999
22-07-2000	0.5	5.07	31.26	26.32	22.78	93.33	61.2	108	-999
23-07-2000	0	4.75	32.31	24.84	21.06	93.33	61.2	108	-999
24-07-2000	4.5	5.17	31.46	24.7	23.88	93.33	61.2	108	-999
25-07-2000	0	4.83	32.6	24.54	21.97	93.33	61.2	108	-999
26-07-2000	0	5.19	32.18	26.14	23.93	93.33	61.2	108	-999
27-07-2000	3	5.06	31.5	26.98	22.94	93.33	61.2	108	-999
28-07-2000	12.5	4.8	32.48	25.76	21.15	93.33	61.2	108	-999
29-07-2000	0	4.75	32.11	24.19	20.84	93.33	61.2	108	-999
30-07-2000	0	4.55	31.75	24.32	20.33	93.33	61.2	108	-999
31-07-2000	2	4.98	32.74	26.74	22.99	93.33	61.2	108	-999
01-08-2000	0	4.29	31.75	25.9	17.9	93.33	61.2	108	-999
02-08-2000	4.7	5.32	32.47	23.34	24.45	93.33	61.2	108	-999
03-08-2000	0	3.18	32.24	23.87	12	93.33	61.2	108	-999
04-08-2000	8.5	4.63	31.9	24	20.85	93.33	61.2	108	-999
05-08-2000	0	4.62	31.9	24	20.85	93.33	61.2	108	-999
06-08-2000	12	4.62	31.9	24	20.85	93.33	61.2	108	-999
07-08-2000	20	4.62	31.9	24	20.85	93.33	61.2	108	-999
08-08-2000	6	4.62	31.9	24	20.85	93.33	61.2	108	-999
09-08-2000	1	4.62	31.9	24	20.85	93.33	61.2	108	-999
10-08-2000	0	4.62	31.9	24	20.85	93.33	61.2	108	-999
11-08-2000	0	4.62	31.9	24	20.85	93.33	61.2	108	-999
12-08-2000	5	4.62	31.9	24	20.85	93.33	61.2	108	-999
13-08-2000	0	4.62	31.9	24	20.85	93.33	61.2	108	-999
14-08-2000	12	4.03	31.9	24	17.27	93.33	61.2	108	-999
15-08-2000	0	4.03	31.9	24	17.27	93.33	61.2	108	-999
16-08-2000	0	4.03	31.9	24	17.27	93.33	61.2	108	-999
17-08-2000	0	4.03	31.9	24	17.27	93.33	61.2	108	-999
18-08-2000	2.3	4.03	31.9	24	17.27	93.33	61.2	108	-999
19-08-2000	3.5	4.03	31.9	24	17.27	93.33	61.2	108	-999
20-08-2000	40	4.03	31.9	24	17.27	93.33	61.2	108	-999
21-08-2000	1.8	5.37	30.24	24.65	7.19	91.72	69.66	108	-999
22-08-2000	1.8	2.28	32.04	22.24	17.23	95.64	63.75	108	-999
23-08-2000	0	3.92	31.91	22.3	20.78	95.23	61.66	108	-999
24-08-2000	0	4.48	31.66	24	21.57	94.32	61.28	108	-999
25-08-2000	26	4.68	31.21	24.09	17.95	94.37	67.15	108	-999
26-08-2000	0	4.01	31.77	24.12	17.58	93.62	66.23	108	-999
27-08-2000	16	4.01	31.56	23.35	18.52	95.37	60.28	108	-999
28-08-2000	0	4.17	31.34	23.4	15.65	93.71	59.25	108	-999
29-08-2000	0	3.75	32.26	22.92	19.18	93.87	55.46	108	-999
30-08-2000	3	4.37	31.65	23.16	17.07	92.89	63.81	108	-999
31-08-2000	0	3.88	29.38	23.42	9.22	94.27	67.69	108	-999
01-09-2000	0	2.42	31.3	24.31	18.17	94.34	60.95	108	-999
02-09-2000	0	4.12	31.2	24.31	18.3	91	59.86	108	-999
03-09-2000	0	4.2	31.15	23.11	21.69	91.46	53.53	108	-999
04-09-2000	6.3	4.73	30.77	22.24	20.83	91.6	55.13	108	-999
05-09-2000	3.5	4.52	31.42	22.6	20.68	90.66	55.44	108	-999
06-09-2000	0	4.55	31.32	22.21	20.36	92.65	56.93	108	-999
07-09-2000	0	4.42	30.65	23.06	19.48	94.47	59.45	108	-999
08-09-2000	0	4.26	30.67	22.17	16	93.54	63.63	108	-999
09-09-2000	10	3.61	30.84	23.31	15.68	91.86	62	108	-999
10-09-2000	0	3.65	31.14	23.75	16.24	91.75	60.81	108	-999
11-09-2000	0	3.8	31.44	23.62	20.36	93.12	60.25	108	-999
12-09-2000	0	4.46	31.54	23.18	20.36	93.18	60.07	108	-999
13-09-2000	0	4.43	31.24	23.58	15.47	93.93	63.69	108	-999
14-09-2000	15	3.61	31.16	23.41	19.68	94.46	61.22	108	-999
15-09-2000	0	4.29	31.05	23.07	19.47	92.09	61.89	108	-999
16-09-2000	20	4.26	31.15	22.32	18.74	91.77	54.61	108	-999
17-09-2000	25	4.22	30.95	21.44	18.33	91.15	56.41	108	-999
18-09-2000	3.5	4.06	32.01	22.83	19.56	90.43	58.24	108	-999
19-09-2000	16	4.33	31.18	23.82	9.92	92.25	61.97	108	-999
20-09-2000	2	2.73	31.65	24.6	13.79	90.78	62.2	108	-999
21-09-2000	50	3.46	31.27	23.4	17.57	91.76	60.55	108	-999
22-09-2000	4	4.02	31.57	21.58	17.05	94.41	60.96	108	-999
23-09-2000	0.5	3.81	31.23	22.13	19.18	92.17	61.13	108	-999
24-09-2000	0	4.14	31.51	23.31	19.4	92.79	61.81	108	-999
25-09-2000	33	4.23	31.69	23.79	18.96	93.47	61.07	108	-999
26-09-2000	0.5	4.16	31.67	25.72	17.36	90.69	64.77	108	-999
27-09-2000	0	4	30.84	24.72	14.26	90.95	67.22	108	-999
28-09-2000	6	3.4	31.01	23.62	18.16	93.4	61.8	108	-999
29-09-2000	0	4.02	30.76	22.64	17.23	92.7	63.01	108	-999
30-09-2000	14	3.81	31.15	22.52	13.49	94.51	64.54	108	-999
01-10-2000	8	3.17	31.28	23.79	17.98	93.29	65.35	108	-999
02-10-2000	12	3.95	31.08	23.58	15.02	93.57	64.96	108	-999
03-10-2000	0	3.48	30.92	23.1	13.17	93.01	65.93	108	-999
04-10-2000	0	3.16	29.43	22.63	11.85	93.03	65.65	108	-999
05-10-2000	0	2.87	29.97	22.4	8.38	92.56	57.96	108	-999
06-10-2000	10	2.5	30.13	22.48	10.4	93.55	55.74	108	-999
07-10-2000	18	2.85	31.03	21.93	16.74	95.14	64.65	108	-999
08-10-2000	5	3.61	31.29	23.8	13.55	93.88	66.58	108	-999
09-10-2000	10	3.25	30.25	22.28	15.35	93.04	66.41	108	-999
10-10-2000	0	3.38	29.88	22.87	11.21	92.72	64.93	108	-999
11-10-2000	0.4	2.83	28.79	22.03	11.35	92.8	64.4	108	-999
12-10-2000	12	2.77	30.43	21.5	18.29	91.81	57.37	108	-999
13-10-2000	15	3.93	30.63	21.07	16.65	91.64	57.17	108	-999
14-10-2000	2	3.67	31.11	22.26	15.88	93.18	62.86	108	-999
15-10-2000	1	3.52	30.94	23.3	17.83	92.96	62.96	108	-999
16-10-2000	0	3.81	30.59	25.91	17.67	83.56	54.77	108	-999
17-10-2000	0	4.12	30.2	22.7	15.45	92	62.2	108	-999
18-10-2000	0	3.45	30.2	22.7	15.45	92	62.2	108	-999
19-10-2000	0	3.45	30.2	22.7	15.45	92	62.2	108	-999
20-10-2000	0	3.44	30.2	22.7	15.45	92	62.2	108	-999
21-10-2000	2	3.44	30.2	22.7	15.45	92	62.2	108	-999
22-10-2000	25	3.43	30.2	22.7	15.45	92	62.2	108	-999
23-10-2000	0	3.43	30.2	22.7	15.45	92	62.2	108	-999
24-10-2000	4.4	3.43	30.2	22.7	15.45	92	62.2	108	-999
25-10-2000	1.9	3.42	30.2	22.7	15.45	92	62.2	108	-999
26-10-2000	4.8	3.42	30.2	22.7	15.45	92	62.2	108	-999
27-10-2000	19	3.41	30.2	22.7	15.45	92	62.2	108	-999
28-10-2000	0	3.41	30.2	22.7	15.45	92	62.2	108	-999
29-10-2000	18	3.4	30.2	22.7	15.45	92	62.2	108	-999
30-10-2000	23	3.4	30.2	22.7	15.45	92	62.2	108	-999
31-10-2000	3	3.4	30.2	22.7	15.45	92	62.2	108	-999
01-11-2000	0	3.39	30.2	22.7	15.45	90.9	61.8	108	-999
02-11-2000	0	3.4	30.2	22.7	15.45	90.9	61.8	108	-999
03-11-2000	21	3.4	30.2	22.7	15.47	90.9	61.8	108	-999
04-11-2000	0	3.39	30.2	22.7	15.47	90.9	61.8	108	-999
05-11-2000	0	3.39	30.2	22.7	15.47	90.9	61.8	108	-999
06-11-2000	33	3.39	30.2	22.7	15.47	90.9	61.8	108	-999
07-11-2000	0	3.38	30.2	22.7	15.47	90.9	61.8	108	-999
08-11-2000	5	3.38	30.2	22.7	15.47	90.9	61.8	108	-999
09-11-2000	0.5	3.37	30.2	22.7	15.47	90.9	61.8	108	-999
10-11-2000	7	3.37	30.2	22.7	15.47	90.9	61.8	108	-999
11-11-2000	0	3.36	30.2	22.7	15.47	90.9	61.8	108	-999
12-11-2000	0	3.36	30.2	22.7	15.47	90.9	61.8	108	-999
13-11-2000	2.4	3.36	30.2	22.7	15.47	90.9	61.8	108	-999
14-11-2000	5	3.35	30.2	22.7	15.47	90.9	61.8	108	-999
15-11-2000	1.3	3.35	30.2	22.7	15.47	90.9	61.8	108	-999
16-11-2000	0	3.27	28.76	25.8	15.47	79.54	63.01	47.28	-999
17-11-2000	0.79	3.72	30.84	22.93	17.58	88.88	60.61	104.1	-999
18-11-2000	8.86	2.99	30.79	22.37	12.95	92.17	57.67	89.09	-999
19-11-2000	6.3	3.25	30.26	22.5	15.17	91.95	61.78	98.75	-999
20-11-2000	5.12	3.79	29.98	22.46	17.89	92.82	52.94	122.4	-999
21-11-2000	9.65	3.5	29.74	22.51	17.26	93.83	60.78	103.5	-999
22-11-2000	38.41	2.4	29.95	21.84	10.91	94.24	63.95	54.89	-999
23-11-2000	4.33	3.01	30.32	22.28	15.48	94.12	66.19	60.43	-999
24-11-2000	16.55	3.07	29.68	23.14	14.62	94.79	66.7	106.8	-999
25-11-2000	4.14	3.31	29.66	24.54	14.79	86.57	64.96	144	-999
26-11-2000	3.15	4	29.57	23.84	18.1	87.46	61.16	174.2	-999
27-11-2000	5.91	3.68	29.8	23.67	17.04	88.19	59.55	134.9	-999
28-11-2000	3.94	2.79	29.12	24.23	12.09	88.8	68.18	113.2	-999
29-11-2000	8.67	3.58	29.73	23.86	16.82	91.82	65.94	157	-999
30-11-2000	2.36	3.25	29.55	24.92	14.59	89.45	63.69	134.3	-999
01-12-2000	0	3.61	29.94	26.07	17.64	78.6	65.3	98.47	-999
02-12-2000	0.2	3.61	30.24	25.86	16.34	78.95	64.87	117.2	-999
03-12-2000	3.15	3.74	29.36	23.52	17.58	90.73	62.14	118.2	-999
04-12-2000	0.2	3.5	30.04	22.87	17.93	87.36	57.86	78.6	-999
05-12-2000	0	3.54	30.11	22.83	17.32	79.91	50.8	86.12	-999
06-12-2000	0.79	2.43	28.4	21.12	8.94	89.16	55.88	79.64	-999
07-12-2000	0.59	3.32	29.19	24.73	16.6	84.3	50.62	103.2	-999
08-12-2000	0.2	3.92	29.33	21.87	16.82	89.56	50.72	159.4	-999
09-12-2000	0.59	3.61	29.33	23.71	15.39	85.84	52.26	161.7	-999
10-12-2000	0.39	3.34	28.82	21.6	14.32	88.07	51.58	117.8	-999
11-12-2000	0.79	3	29.28	21.51	15.4	91.29	58.26	72.83	-999
12-12-2000	1.97	2.58	28.92	21.59	11.92	91.66	67.18	91.02	-999
13-12-2000	3.55	3.27	28.73	23.35	14.52	90.04	61.48	172.7	-999
14-12-2000	22.06	2.97	29.04	22.86	12.83	92.4	64.18	144.1	-999
15-12-2000	4.14	3.73	28.18	21.39	16.2	90.85	52.96	174.5	-999
16-12-2000	10.83	2.64	28.76	20.84	13.11	93.28	59.92	67	-999
17-12-2000	9.46	2.95	28.27	21.75	15.34	93.05	63.69	83.83	-999
18-12-2000	5.71	3.26	27.89	22.1	15.63	87.84	63.78	143.4	-999
19-12-2000	11.62	2.86	27.78	22.11	12.36	89.77	66.56	160.3	-999
20-12-2000	0	2.64	28.44	24.27	11.19	82.86	63.52	124.3	-999
21-12-2000	10.64	3.23	29.26	22.54	15.69	91.64	61.59	98.26	-999
22-12-2000	3.74	2.51	27.66	23.16	8.71	88.39	64.55	151.4	-999
23-12-2000	0.99	3.18	28.33	23.88	14.59	85.84	57.15	124.5	-999
24-12-2000	0.2	2.78	28.19	22.95	11.21	86.84	58.84	113.9	-999
25-12-2000	0	3.12	29.08	20.9	16.3	89.89	59.24	64.04	-999
26-12-2000	0	3.24	28.97	19.79	18.09	90.68	55.44	51.4	-999
27-12-2000	1.58	2.85	28.32	19.62	15.28	90.83	57.29	53.95	-999
28-12-2000	0.99	2.78	28.16	20.46	15.09	92.32	61.87	60.85	-999
29-12-2000	0	3.43	30.22	22.63	19.4	87.56	61.48	76.64	-999
30-12-2000	0	3.53	29.37	23.27	18.17	88.08	62.62	88.74	-999
31-12-2000	0	3.48	29.22	24.91	17.2	83.25	62.65	107.8	-999
01-01-2001	0.59	3.46	28.96	21.7	16.29	87.1	61.57	103.6	-999
02-01-2001	2.17	3.19	28.64	20.96	15.5	92.43	56.25	97.82	-999
03-01-2001	5.32	3.25	28.9	20.61	17.85	91.32	57.2	62.83	-999
04-01-2001	0	2.99	28.82	20.08	16.19	92.62	62.81	54.72	-999
05-01-2001	3.94	2.48	28.72	20.8	12.82	91	61.6	47.26	-999
06-01-2001	10.64	2.84	28.73	21.27	15.12	92.92	63.3	55.97	-999
07-01-2001	0.99	3.44	28.93	20.63	17.9	92.99	56.87	94.76	-999
08-01-2001	0.99	3.71	29.06	22.3	18.86	88.61	52.37	119.5	-999
09-01-2001	1.38	3.33	28.89	21.67	16.11	90.92	54.7	98.37	-999
10-01-2001	12.61	3.36	28.88	20.88	18.27	92.57	58.09	61.69	-999
11-01-2001	0	3.3	29.01	19.64	17.15	92.71	47.1	70.02	-999
12-01-2001	0	3.45	28.83	18.99	18.53	90.05	43.33	71.9	-999
13-01-2001	0.39	3.1	28.66	20.64	17.54	92.26	57.41	53.36	-999
14-01-2001	11.82	2.89	28.14	19.22	15.07	92.85	56.61	49.52	-999
15-01-2001	0.2	3.34	28.75	18.46	19.04	91.14	56.4	57.57	-999
16-01-2001	0	3.46	28.55	19.97	20.05	92.43	55.29	62.76	-999
17-01-2001	0	2.78	28.24	19.78	14.02	91.64	55.65	60.1	-999
18-01-2001	0	3.64	28.83	20.49	19.65	91.11	57.05	100.9	-999
19-01-2001	1.18	3.76	28.94	24.14	18.18	81.52	55.48	139	-999
20-01-2001	7.88	3.95	28.29	20.77	17.92	90.37	60	177.7	-999
21-01-2001	2.36	3.98	28.74	22.41	19.37	88.08	59.33	181	-999
22-01-2001	0.99	3.4	29.14	23.91	15.3	84.23	60.21	134.8	-999
23-01-2001	3.15	3.62	28.72	22.53	17.12	91.15	62.83	128.8	-999
24-01-2001	0	3.53	29.15	21.82	17.6	88.91	59.92	97.32	-999
25-01-2001	0	3.97	28.8	21.47	20.04	90.75	55.7	120.3	-999
26-01-2001	0	3.56	28.58	20.22	18.72	91.09	58.23	76.31	-999
27-01-2001	0.79	2.85	28.82	20.77	13.93	92.11	62.74	82.59	-999
28-01-2001	4.73	3.07	28.27	20.62	14.28	92.27	59.08	101.2	-999
29-01-2001	1.97	3.86	29.15	20.12	20.84	92.76	58.49	92.91	-999
30-01-2001	4.33	2.8	28.66	21.08	12.7	91.51	61.68	98.2	-999
31-01-2001	1.77	3.79	28.29	21.78	18.52	89.23	59.09	139.7	-999
01-02-2001	2.36	4.39	28.75	22.31	21.09	84.39	57.42	183.1	-999
02-02-2001	5.71	3.9	28.12	21.49	18.3	88.73	60.83	164.1	-999
03-02-2001	3.15	3.74	28.59	21.59	17.68	89.96	59.4	153.5	-999
04-02-2001	0.2	4.04	28.25	23.14	18.68	82.56	59.48	173.2	-999
05-02-2001	0	4.16	28.94	23.9	20.37	79.25	58.32	125.4	-999
06-02-2001	1.77	2.86	27.08	22.4	10.74	90.88	68.29	166.8	-999
07-02-2001	2.76	3.74	28.69	22.42	18.74	91.62	62.53	132.9	-999
08-02-2001	0	3.97	28.84	23.77	18.36	80.32	56.67	136.2	-999
09-02-2001	0.79	3.6	28.52	20.29	15.09	91.91	55.56	135.5	-999
10-02-2001	4.53	3.93	28.55	22.32	18.37	85.89	59.18	169.3	-999
11-02-2001	5.91	3.01	26.67	21.99	11.36	88.7	69	209.6	-999
12-02-2001	8.86	3.63	28.3	22.14	16.1	89	59.59	178.6	-999
13-02-2001	0	4.77	28.44	22.1	20.29	86.79	45.94	219.4	-999
14-02-2001	0	3.9	28.55	18.89	17.77	87.43	55.38	129.1	-999
15-02-2001	0	4.18	28.6	19.93	21.03	84.68	51.36	124.3	-999
16-02-2001	1.38	4.01	28.16	19.97	21.01	91.42	59.38	105.8	-999
17-02-2001	0.2	3.55	28.25	19.62	18.23	91.32	58.07	81.68	-999
18-02-2001	0	3.9	29	20.45	19.7	88.98	55.67	110	-999
19-02-2001	0	3.64	29.08	20.54	17.3	89.18	54.04	101	-999
20-02-2001	2.36	3.71	28.45	19.4	16.7	89.99	53.58	121.9	-999
21-02-2001	0	4.15	28.87	19.42	22.09	90.74	50.47	84.93	-999
22-02-2001	0.2	3.67	28.55	18.9	18.42	90.62	50.88	77.49	-999
23-02-2001	0	4.34	28.7	19.71	23.23	89.46	50.35	95.6	-999
24-02-2001	0.2	4.04	29	20.22	20.58	91.28	57.63	107.8	-999
25-02-2001	0	4.47	28.46	20.17	20.51	88.68	42.23	143.2	-999
26-02-2001	0	4.42	28.07	19.19	20.29	88.68	39.86	136.4	-999
27-02-2001	0.2	4.42	28.43	19.51	22.75	85.49	40.92	101.3	-999
28-02-2001	0	4.07	27.94	18.62	20.74	88	47.22	87.95	-999
01-03-2001	0	4.01	27.94	18.62	20.74	88	47.22	87.95	-999
02-03-2001	0	3.17	28.01	18.83	15.7	88.63	58.11	69.18	-999
03-03-2001	0	4.37	28.77	18.82	23.54	90.77	50.59	86.78	-999
04-03-2001	0	4.23	29.36	19.4	21.88	89.65	52.63	94.13	-999
05-03-2001	0	4.13	30	21.46	20.13	85.92	50.79	104.2	-999
06-03-2001	0	4.36	29.42	19.95	21.73	90.07	53.3	83.57	-999
07-03-2001	0	4.27	29.68	19.42	21.57	90.09	55.21	91.39	-999
08-03-2001	0	4.51	29.98	19.89	22.87	89.1	54.37	104.1	-999
09-03-2001	0	4.23	29.95	21	21.66	89.55	57.49	80.26	-999
10-03-2001	0	4.32	29.11	24.21	20.77	79.37	60.85	116.7	-999
11-03-2001	0	4.76	29.55	24.16	22.13	76.51	55.3	121.6	-999
12-03-2001	0	4.96	29.56	23.99	22.85	77.24	53.12	131.2	-999
13-03-2001	0	5.28	29.97	23.93	23.36	78.5	49.19	165.2	-999
14-03-2001	0.2	5.05	29.59	22.83	23.27	84.11	51.92	140.6	-999
15-03-2001	0	5.19	29.48	21.56	24.44	83.71	50.93	148.2	-999
16-03-2001	0.2	5.02	29.66	22.88	23.36	77.44	53.28	149.7	-999
17-03-2001	8.27	4.7	29.41	21.33	22.65	90.91	58.55	125.4	-999
18-03-2001	10.83	4.77	28.84	21.87	22.98	91.04	54.5	147.7	-999
19-03-2001	0.59	4.54	28.83	23.85	19.83	79.29	53.35	159	-999
20-03-2001	0.79	4.76	29.02	21.8	23.29	89.63	54.66	101.7	-999
21-03-2001	1.97	4.62	29.66	21.67	22.17	89.31	52.23	116.6	-999
22-03-2001	1.18	4.54	29.46	23.56	21.33	87.08	56.38	131.1	-999
23-03-2001	1.38	4.83	29.61	22.27	23.5	87.83	58.66	108.2	-999
24-03-2001	0.2	4.42	29.58	21.37	21.75	88.58	53.12	74.84	-999
25-03-2001	0	4.96	29.57	20.75	25.27	89.83	55.28	94.42	-999
26-03-2001	4.53	4.01	29.55	23.71	19.01	88.71	60.92	113.9	-999
27-03-2001	0	4.34	30.33	24.77	19.63	83.34	59.03	116.6	-999
28-03-2001	0	5.09	29.86	24.21	24.45	80.4	60.24	99.3	-999
29-03-2001	0.59	4.97	29.76	22.94	24.17	83.76	56.76	90.59	-999
30-03-2001	0	5.21	29.77	21.97	25.18	86.07	55.22	125.1	-999
31-03-2001	0	4.94	29.21	21.1	24.18	89.09	57.15	120.7	-999
01-04-2001	0.2	4.9	29.58	23.54	22.3	82.74	55.19	169	-999
02-04-2001	6.3	5.23	30.16	22.3	24.37	85.4	52.07	135.1	-999
03-04-2001	1.38	5.23	29.89	22.33	25.08	87.56	46.92	116.1	-999
04-04-2001	0.79	4.86	29.3	23.47	22.61	82.21	55.28	130.1	-999
05-04-2001	5.91	4.94	29.97	21.45	22.83	86.99	46.77	113.4	-999
06-04-2001	2.17	4.55	29.78	22.81	22.12	88.05	56.67	93.58	-999
07-04-2001	1.38	5.02	29.43	22.53	24.04	87.19	56.86	124.2	-999
08-04-2001	0	5.1	30.12	22.43	24.46	86.45	55.31	125.3	-999
09-04-2001	0	3.75	29.86	21.23	15.86	89.46	57.7	107	-999
10-04-2001	0	3.84	29.52	20.79	17.07	90.52	57.62	102.8	-999
11-04-2001	1.97	4.49	29.19	21.8	21.04	90.09	52.66	118.6	-999
12-04-2001	0	5.21	30.24	24.83	23.31	72.02	52.48	153.1	-999
13-04-2001	0	4.96	29.7	24.46	20.98	75.25	53.32	140.6	-999
14-04-2001	5.12	3.41	29.13	21.21	12.85	89.13	56.71	104.8	-999
15-04-2001	0	4.78	30.11	21.57	23.69	90.46	54.86	96.13	-999
16-04-2001	0	4.65	29.55	21.77	22.79	87.69	56.19	82.68	-999
17-04-2001	0	4.57	30.64	23.31	21.88	86.15	57.54	99.92	-999
18-04-2001	0	5.14	30.2	24.12	23.28	82.07	52.33	130.1	-999
19-04-2001	0	5.44	30.25	25.16	24.33	78.36	52.79	146.6	-999
20-04-2001	4.14	5.15	29.75	22.28	22.83	89.09	56.98	161.7	-999
21-04-2001	1.38	5.37	30.69	22.56	24.08	89.75	46.19	159.2	-999
22-04-2001	3.94	4.72	30.09	23.21	19.99	88.16	58.51	189.7	-999
23-04-2001	0.2	5.09	29.91	24.64	19.93	77.32	50.48	197	-999
24-04-2001	3.94	4.61	29.35	22.07	19.19	83.98	57.44	155.7	-999
25-04-2001	0.39	5.3	29.92	24.22	24.37	78.46	52.86	147.9	-999
26-04-2001	0	5.37	29.85	24.66	24.65	74.53	53.33	123	-999
27-04-2001	0	5.33	30.55	22.43	24.82	83.66	53.88	115.2	-999
28-04-2001	0	5.09	30.03	22.78	23.71	83.36	56.56	125.7	-999
29-04-2001	0	5.51	30.01	24.46	25.54	77.8	56.42	149.3	-999
30-04-2001	29.35	2.68	28	21.97	9.44	91.88	67.27	94.07	-999
01-05-2001	13.59	3.75	29.35	21.4	16.82	92.28	59.76	114	-999
02-05-2001	0	4.73	29.59	24.34	22.74	81.46	59.73	113.7	-999
03-05-2001	0	4.84	29.98	25.41	21.18	80.29	58.92	146.6	-999
04-05-2001	0.59	3.99	29.53	24.59	16.46	84.39	63.84	128.3	-999
05-05-2001	0	4.36	29.85	23.15	19.83	88.5	59.83	96.51	-999
06-05-2001	0	4.92	29.64	24.26	22.83	82.94	58.08	123.2	-999
07-05-2001	0	5.26	29.93	23.69	23.73	83.12	58.66	161.4	-999
08-05-2001	0	5.32	29.87	25.53	23.53	82.1	63.1	215.6	-999
09-05-2001	0	5.07	31.08	26.22	21.52	82.46	62.17	187.1	-999
10-05-2001	0	4.87	30.4	25.11	20.95	82.06	58.83	124.4	-999
11-05-2001	0	3.73	30.05	24.3	15.7	84.95	63.3	90.4	-999
12-05-2001	2.56	5.21	30.39	22.99	24.54	89.3	58.95	120.5	-999
13-05-2001	9.26	3.96	29.96	22.93	17.67	91.27	65.84	114.7	-999
14-05-2001	0.2	5.07	30.87	25.43	24.02	83.21	61.81	121.1	-999
15-05-2001	0	5.37	30.11	25.63	24.58	78.26	61.34	120.6	-999
16-05-2001	0	5.33	30.7	24.62	24.89	81.02	60.39	106.5	-999
17-05-2001	0	5.19	31.08	25.83	23.26	80.5	56.23	124.3	-999
18-05-2001	0.39	3.9	31.84	25.23	16.27	84.96	60.77	89.63	-999
19-05-2001	0	3.23	30.68	26.15	13.42	87.04	70	76.37	-999
20-05-2001	0	5.11	30.82	24.52	23.52	86.28	59.67	97.23	-999
21-05-2001	0	5.34	31.17	25	23.98	78.78	58.07	132.8	-999
22-05-2001	0.79	5.19	31.1	25.57	22.25	82.84	57.83	157.6	-999
23-05-2001	0	5.66	31.01	25.51	25.14	77.56	53.61	134.4	-999
24-05-2001	0	5.63	31.45	26.02	24.88	76.05	50.74	126.3	-999
25-05-2001	0	5.71	31.3	25.5	25.05	76.48	54.22	135.1	-999
26-05-2001	0	5.71	31.45	26.24	25.27	75.81	53.59	133.1	-999
27-05-2001	0	5.33	31.44	25.74	21.87	77.08	55.52	157	-999
28-05-2001	1.58	5.6	31.2	25.4	24.23	85.73	57.33	177.8	-999
29-05-2001	3.55	5.42	30.96	24.79	24.87	88.44	57.59	122.1	-999
30-05-2001	0.59	4.72	30.44	24.24	20.98	85.86	54.33	130.5	-999
31-05-2001	0.39	5.31	31.4	24.85	24.85	82.67	55.18	124.6	-999
01-06-2001	0	5.55	30.81	25.88	25	76.85	56.26	140.2	-999
02-06-2001	0	5.43	31.24	26.03	24.31	78.23	57.08	136.5	-999
03-06-2001	1.77	5	30.93	24.24	23.3	86.9	52.81	79.3	-999
04-06-2001	0	3.61	30.78	23.03	15.35	87.04	57.49	90.46	-999
05-06-2001	3.74	4.73	30.94	24.32	22.71	87.73	58	92.57	-999
06-06-2001	0	5.3	30.92	26.38	23.65	76.56	57.29	142.6	-999
07-06-2001	6.7	5.03	31.19	24.43	22.57	88.87	56.52	142.5	-999
08-06-2001	0	5.4	31.43	26.14	22.91	77.73	56.9	190.7	-999
09-06-2001	0	5.22	30.69	26.59	22.32	78.23	57.11	149.4	-999
10-06-2001	0	5.23	30.99	26.86	21.38	79.3	59.69	204.7	-999
11-06-2001	0	5.48	31.13	26.65	23.94	79.54	56.64	151	-999
12-06-2001	0	5.51	31.55	26.1	24.29	78.07	53.61	134	-999
13-06-2001	0	5.65	31.53	25.87	24.89	76.88	53.02	141	-999
14-06-2001	0	5.34	31.62	23.27	24.66	85.4	52.65	109.2	-999
15-06-2001	0	5.15	31.6	23.32	24.49	86	56.64	111.3	-999
16-06-2001	0.99	4.88	32.06	24.01	23.09	87.31	57.83	99.56	-999
17-06-2001	48.46	2.66	30.23	22.56	10.17	92.73	65.76	78.66	-999
18-06-2001	0	4.9	30.94	25.53	23.88	81.07	60.61	90.88	-999
19-06-2001	3.55	4.66	30.66	23.9	20.8	85.82	59.2	122.8	-999
20-06-2001	0.59	4.45	31.44	24.62	20.59	88.48	64.56	129.6	-999
21-06-2001	0	4.88	31.4	26.81	22.14	82.15	63.23	121.4	-999
22-06-2001	0	5.22	31.63	26.91	23.02	79.7	59.27	123.1	-999
23-06-2001	0.2	5.11	31.07	25.91	23.24	80	59.69	87.92	-999
24-06-2001	0.2	5.29	31.59	24.63	24.48	82.95	55.22	104.6	-999
25-06-2001	2.17	4.79	31.23	24.22	21.95	88.12	60.13	122.3	-999
26-06-2001	1.77	4.1	30.34	25.7	17.83	88.34	62.8	138.4	-999
27-06-2001	2.36	5.04	31.71	25.05	23.3	88.16	59.22	129.9	-999
28-06-2001	0.2	5.29	31.79	26.56	24.04	78	57.13	111.9	-999
29-06-2001	0	4.51	31.41	26.38	19.32	76.53	58.92	93.95	-999
30-06-2001	1.77	5.23	31.54	24.11	24.38	84.59	56.95	85.25	-999
01-07-2001	7.88	5.05	31.26	22.44	24.02	90.78	56.56	109.6	-999
02-07-2001	14.18	3.75	30.76	24.16	17.15	92.53	65.25	118.5	-999
03-07-2001	3.94	4.08	31	26.19	17.73	88.54	62.43	147.1	-999
04-07-2001	2.56	4.19	31.12	24.66	17.13	88.12	59.5	161.6	-999
05-07-2001	14.18	4.77	30.79	23.46	21.75	91.67	63.33	116.7	-999
06-07-2001	0	5.05	31.33	26.62	23.4	77.85	60.57	109.1	-999
07-07-2001	0.79	4.81	30.99	25.23	21.19	89.36	63.54	122.3	-999
08-07-2001	0.79	4.83	31.53	25.07	21.42	85.96	58.12	112.7	-999
09-07-2001	0.2	5	31.27	24.7	22.14	87.4	56.96	121.4	-999
10-07-2001	0	4.12	30.56	24.09	17.94	85.82	59.85	85.58	-999
11-07-2001	0.79	4.98	31.64	23.32	23.55	89.57	57.6	87.51	-999
12-07-2001	66.39	3.32	30.33	21.99	13.15	93.71	63.43	98.51	-999
13-07-2001	0.39	4.9	31.63	26.11	23.48	83.74	62	109.1	-999
14-07-2001	0	5.47	31.33	27.09	24.25	77.68	59.75	127.5	-999
15-07-2001	0	4.82	31.2	26.44	20.57	78.38	58.72	107.7	-999
16-07-2001	0	5.05	31.26	26.76	22.52	76.79	58.7	98.21	-999
17-07-2001	0	5.12	31.52	26.78	23.31	77.27	59.48	83.94	-999
18-07-2001	2.76	5.11	31.08	23.64	23.45	90.33	57.56	81.33	-999
19-07-2001	6.3	3.89	30.67	23.4	17.64	91.3	61.15	67.35	-999
20-07-2001	0	5.08	31.26	26.18	24.28	78.39	59.57	89.36	-999
21-07-2001	0.2	4.58	31.66	24.59	20.56	91.21	62.68	88.57	-999
22-07-2001	1.18	4.33	31.69	23.55	19.07	89.96	56.99	86.12	-999
23-07-2001	4.53	4.67	31.2	24.43	21.94	90.07	61.99	81.24	-999
24-07-2001	1.38	5.19	31.43	24.95	24.59	85.65	58.22	86.53	-999
25-07-2001	2.17	4.67	31.13	24.82	20.99	88.39	61.32	104.4	-999
26-07-2001	2.96	5.83	31.94	24.54	27.38	86.93	57.89	127.4	-999
27-07-2001	0.39	5.77	31.74	26.29	26.71	81.36	57.37	121.9	-999
28-07-2001	2.36	5.93	32.03	25.82	27.84	90.23	54.22	101.1	-999
29-07-2001	12.02	4.83	32.1	25.01	20.48	90.38	57.59	131.2	-999
30-07-2001	128.2	1.46	26.67	21.3	1.83	93.72	80.39	73.45	-999
31-07-2001	1.38	4.85	30.75	25.01	24.82	93.07	64.42	135.6	-999
01-08-2001	0	5.22	31.6	25.23	24.9	85.6	58.45	82	-999
02-08-2001	0	5.27	31.47	23.83	25.3	90.41	63.11	70.26	-999
03-08-2001	2.96	4.98	31.39	25.17	24.02	89.69	64.11	74.58	-999
04-08-2001	2.96	4.84	31.56	24.64	22.86	92.73	62.82	71.56	-999
05-08-2001	3.15	5.43	31.72	25.67	25.66	90.06	59.93	103	-999
06-08-2001	1.58	5.27	31.31	26.25	23.45	83.13	60.33	130.5	-999
07-08-2001	1.38	5.54	31.67	25.4	25.26	86.37	61.08	130.1	-999
08-08-2001	4.14	5.24	31.74	25.12	24.36	91.38	61.92	122	-999
09-08-2001	6.9	4.23	31.74	25.11	18.6	87.68	60	90.98	-999
10-08-2001	5.52	5.08	31.56	23.71	24.41	92.24	62.91	74.41	-999
11-08-2001	0.79	5.02	32.2	24.24	24.06	90.93	62.2	72.71	-999
12-08-2001	4.93	4.49	31.71	25.4	20.18	90.61	65.88	113.7	-999
13-08-2001	5.91	4.63	31.43	26.04	20.4	89.1	65.87	142.9	-999
14-08-2001	1.58	3.96	31.2	25.63	16.33	88.67	62.79	121.5	-999
15-08-2001	2.36	3.74	30.95	24.64	15.24	90.52	61.31	110.8	-999
16-08-2001	32.7	2.56	30.96	24.11	9.64	93	69.76	85.1	-999
17-08-2001	3.94	4.04	31.1	25.42	16.21	90.92	65.04	166.6	-999
18-08-2001	11.82	4.81	31.57	25.13	20.94	91.34	64.03	170.2	-999
19-08-2001	4.93	4.71	31.85	24.14	22.05	90.05	65.07	84.38	-999
20-08-2001	0	5.14	31.28	26.73	24.18	81.24	58.65	87.23	-999
21-08-2001	8.86	4.27	31.28	23.85	18.78	91.59	60.05	99.88	-999
22-08-2001	10.64	3.63	30.96	24.38	14.15	89.99	59.43	106.2	-999
23-08-2001	0.2	4.11	32.38	25	17.02	88.67	61.98	139.3	-999
24-08-2001	0	5.22	31.97	24.7	25.02	89.04	62.28	115.1	-999
25-08-2001	5.52	5.37	31.87	24.1	25.83	90.09	59.73	97.26	-999
26-08-2001	2.96	5.38	31.71	23.4	26.48	91.3	58.67	72.12	-999
27-08-2001	0.59	5.52	31.91	23.68	26.72	88.94	54.19	85.77	-999
28-08-2001	1.77	4.82	31.68	23.27	22.76	90.14	61.47	94.9	-999
29-08-2001	16.35	4.2	31.55	24.73	18.54	90.81	60.22	103.2	-999
30-08-2001	2.36	5.03	31.21	24.94	23.62	87.76	54.7	92.88	-999
31-08-2001	0.79	4.44	31.93	24.25	20.71	90.13	61.43	91.04	-999
01-09-2001	30.14	2.42	29.81	23.54	10.87	93.48	74.67	55.4	-999
02-09-2001	9.65	5.31	31.93	25	25.85	91.62	61.67	90.36	-999
03-09-2001	0.39	5.24	31.9	25.3	25.39	86.29	60.41	86.08	-999
04-09-2001	3.55	4.32	31.08	24.13	19.98	90.11	62.55	92.81	-999
05-09-2001	7.88	5.08	31.78	23.37	25.86	90.59	60.32	96.82	-999
06-09-2001	0	4.39	32.24	24.51	24.8	90.83	62.29	76.29	-999
07-09-2001	0.39	5.23	31.98	24.47	21.19	90.31	62.57	56.9	-999
08-09-2001	0.2	5.49	31.78	23.62	25.37	90.61	60.37	68.92	-999
09-09-2001	7.09	4.71	31.77	24.06	26.38	91.02	54.19	93.52	-999
10-09-2001	9.26	5.21	31.73	24.28	21.84	91.64	60.11	105.2	-999
11-09-2001	0	5.5	32.2	25.37	24.49	89.42	60.28	118.7	-999
12-09-2001	0	5.33	32.08	24.12	25.54	89.15	51.96	120.8	-999
13-09-2001	0	5.25	32.02	23.39	25.46	89.5	55.95	78.95	-999
14-09-2001	0	5.05	32.03	23.48	25.71	89.05	59.76	70.86	-999
15-09-2001	0.2	4.66	32.35	24.51	25.04	89.87	60.61	60.51	-999
16-09-2001	0	5.22	32.32	24.62	21.99	89.5	57.16	80.93	-999
17-09-2001	2.76	4.31	32.16	24.44	25.16	90.5	58.31	78.45	-999
18-09-2001	1.18	4.84	32.07	25.64	19.21	89.25	63.8	100.2	-999
19-09-2001	0	4.15	32.4	26.01	22.63	89	60.98	95.49	-999
20-09-2001	0	4.6	32.04	27.65	18.05	79.29	60.08	84.83	-999
21-09-2001	1.38	5.46	32.52	24.03	20.62	88.19	55.56	89.88	-999
22-09-2001	0.39	4.25	31.89	23.25	25.45	90.16	52.33	84.41	-999
23-09-2001	7.68	4.55	31.12	23.2	19.41	91.73	53.12	70.1	-999
24-09-2001	17.34	4.72	31.81	22.73	21.74	91.71	58.56	81.11	-999
25-09-2001	0.99	4.25	32.57	24.44	22.5	88.64	59.95	100.9	-999
26-09-2001	3.55	5.26	31.99	25.44	18.58	83.85	61.3	124.5	-999
27-09-2001	5.12	5.15	32.02	23.61	25.42	90.16	58.18	86.18	-999
28-09-2001	3.35	4.28	31.72	23.07	24.94	91.21	57.96	73.41	-999
29-09-2001	0	5.11	31.83	24	20.22	87.12	51.77	63.52	-999
30-09-2001	32.5	5.21	32.21	23.39	25.43	93.6	55.58	85.03	-999
01-10-2001	1.97	4.68	31.53	24.44	25.89	89.38	59.92	76.99	-999
02-10-2001	2.95	2.73	32.15	24.37	22.2	91.17	61.13	103.2	-999
03-10-2001	24.82	3.39	29.97	23.31	10.21	92.17	70.72	123.9	-999
04-10-2001	22.66	3.39	31.36	22.99	13.71	92.33	64.59	109.5	-999
05-10-2001	16.55	2.82	30.86	23.86	13.34	92.04	62.3	149.2	-999
06-10-2001	14.18	4.9	29.85	23.69	10.54	91.04	68.73	138.7	-999
07-10-2001	0	4.34	31.45	23.83	24.84	90.93	62.39	83.6	-999
08-10-2001	5.32	1.54	31.95	26.03	18.68	88	53.79	145.6	-999
09-10-2001	13.59	3.24	28.13	23.78	3.59	90.84	71.43	126.9	-999
10-10-2001	14.58	4.59	31.06	24.28	13.67	90.76	67.8	58.62	-999
11-10-2001	0	4.67	31.12	23.27	24.47	88.95	59.78	54.76	-999
12-10-2001	0.79	3.99	31.39	23.23	23.66	91.51	59.65	57.54	-999
13-10-2001	2.96	4.35	31.65	24.13	19.07	91.43	65.09	86.67	-999
14-10-2001	3.35	1.44	31.83	25.17	20.27	87.52	63.44	120.8	-999
15-10-2001	52.2	3.39	27.27	23.18	4.21	93.29	80.86	118.7	-999
16-10-2001	4.73	3.65	30.37	23.19	14.11	91.8	67.02	103.4	-999
17-10-2001	18.91	3.95	31.24	23	19.15	91.77	62.51	86.06	-999
18-10-2001	9.26	4.25	31.1	23.54	20.64	92.28	62.59	99.41	-999
19-10-2001	0.39	4.59	31.18	26.24	22.33	81.95	60.66	103.7	-999
20-10-2001	0.99	4.48	31.8	24.87	21.47	89.1	61.17	78.9	-999
21-10-2001	3.94	4.71	31.65	25.4	22.63	86.71	63.38	104.7	-999
22-10-2001	1.97	4.57	31.68	24.2	21.71	90.92	60.47	98.75	-999
23-10-2001	0	3.94	30.97	23.95	17.63	88.2	60.78	109.3	-999
24-10-2001	6.7	4.15	30.81	23.66	19.8	92.05	60.49	101.9	-999
25-10-2001	3.55	4.03	31.34	24.76	19.84	90.21	64.28	84.22	-999
26-10-2001	12.02	2.12	28.88	24.53	7.62	91.21	69.7	63.15	-999
27-10-2001	24.03	4.05	30.89	22.76	20.8	92.49	63.05	64.75	-999
28-10-2001	23.64	3.8	30.44	22.6	19.23	92.65	64.16	59.74	-999
29-10-2001	21.87	3.78	30.46	22.99	19	92.81	66.3	81.65	-999
30-10-2001	24.43	3.43	30.25	23.88	15.78	91.94	66.51	118.6	-999
31-10-2001	1.58	4.04	31.12	24.84	19.83	86.28	63.64	95.9	-999
01-11-2001	1.58	4.06	30.85	22.78	20	91.1	61.16	68.95	-999
02-11-2001	0	3.98	31.04	22.51	20.01	91.59	58.31	75.97	-999
03-11-2001	0.2	3.98	30.84	22.06	19.82	89.93	58	82.8	-999
04-11-2001	0	3.91	30.64	20.92	19.32	88.08	52.54	79.8	-999
05-11-2001	0	3.67	30.61	22.04	18.86	89.68	63.15	77.55	-999
06-11-2001	0	3.78	30.94	22.82	18.27	90.77	61.04	107.2	-999
07-11-2001	8.27	3.59	30.98	25.33	17.22	91.51	67.81	117.7	-999
08-11-2001	0	3.67	31.74	23.95	17.9	92.32	62.07	58.28	-999
09-11-2001	0	3.9	31.1	22.91	19.48	91.19	59.88	62.26	-999
10-11-2001	2.56	3.01	29.76	21.81	12.81	90.09	60.79	87.56	-999
11-11-2001	32.11	1.72	28.9	23.17	5.53	92.1	66.98	85.72	-999
12-11-2001	0	3.57	30.49	22.15	17.88	90.02	58.88	82.43	-999
13-11-2001	0	3.77	30.86	22.87	19.17	87.89	57.29	79.56	-999
14-11-2001	0.59	2.77	29.66	23.45	11.54	88.96	63.46	96.09	-999
15-11-2001	13.99	3.08	30.56	23.53	14.95	91.62	65.78	74.52	-999
16-11-2001	0.79	3.71	30.95	23.57	19.33	91.99	64.98	55.85	-999
17-11-2001	0.39	3.55	30.97	22.49	17.63	91.09	60.28	65.2	-999
18-11-2001	2.56	3.77	30.83	22.34	19.64	91.37	64.38	67.69	-999
19-11-2001	0.2	3.71	30.72	22.58	19.22	91.05	64.26	74.21	-999
20-11-2001	0	3.61	30.99	21.89	17.82	88.96	60.46	85.41	-999
21-11-2001	3.35	3.28	30.91	22.34	16.07	90.07	62.32	78.82	-999
22-11-2001	4.33	3.33	31.07	21.51	16.25	90.78	63.85	79.62	-999
23-11-2001	0	3.6	30.81	22.5	18.88	92.65	63.37	70.08	-999
24-11-2001	5.71	3.48	30.29	22.88	17.01	92.16	58.97	90.37	-999
25-11-2001	3.35	2.79	29.4	21.96	11.28	88.89	57.43	93.03	-999
26-11-2001	0	3.71	29.44	20.85	19.09	88.81	56.16	92.76	-999
27-11-2001	0	3.23	28.82	21.19	16.11	88.62	56.81	86.27	-999
28-11-2001	0	3.19	29.33	20.49	15.9	87.55	51.46	77.23	-999
29-11-2001	0	2.99	28.19	20.04	13.71	87.65	55.28	93.73	-999
30-11-2001	0	3.57	29.79	19.4	18.84	87.36	45.27	86.47	-999
01-12-2001	0	3.64	29.54	18.9	19.66	88.57	56.51	86.94	-999
02-12-2001	7.49	2.75	31.14	22.2	15.02	92.27	61.1	57.23	-999
03-12-2001	9.06	2.91	29.86	23.31	14.12	93.29	68.42	77.05	-999
04-12-2001	0.99	3.49	30.38	23.43	17.29	92.1	64.04	106	-999
05-12-2001	10.64	2.57	29.97	23.7	12.02	92.26	69.01	64.23	-999
06-12-2001	6.89	2.91	30.58	23.14	13.81	92.02	64.04	74.86	-999
07-12-2001	5.71	3.1	29.9	23.14	15.07	92.54	65.91	82.91	-999
08-12-2001	0.79	3.56	29.54	23.01	18.11	90.96	65.4	103.5	-999
09-12-2001	5.71	3.67	29.97	22.57	19.14	92.13	63.13	96.06	-999
10-12-2001	2.36	3.28	29.9	24.13	16.59	89.42	65.51	93.1	-999
11-12-2001	5.12	2.59	29.42	23.46	10.94	91.24	68.5	100.5	-999
12-12-2001	39.4	3.04	29.42	22.34	13.87	93.67	65.94	121.6	-999
13-12-2001	2.76	3.76	29.6	24.2	18.43	87.26	61.33	147.4	-999
14-12-2001	58.11	3.45	29.77	21.9	16.76	91.46	64.17	105.5	-999
15-12-2001	40.38	2.89	29.34	21.29	12.43	92.45	61.09	117.5	-999
16-12-2001	54.57	2.51	28.73	22.86	11.02	93.18	71.25	141.6	-999
17-12-2001	38.61	2.03	28.02	22.22	8.79	92.71	66.57	50.9	-999
18-12-2001	0	2.5	29.91	23.1	12.96	92.04	64.29	55.46	-999
19-12-2001	0.39	2.99	30.44	22.89	14.85	92.19	66.31	74.65	-999
20-12-2001	0.2	3.18	30.57	25.13	15.7	86.09	67.66	93.85	-999
21-12-2001	59.69	2.05	28.22	23.05	7.87	93.54	74.97	55.56	-999
22-12-2001	3.94	2.55	29.63	23.67	13.3	92.24	67.47	49	-999
23-12-2001	0	3.25	30.23	22.73	17.31	90.82	63.08	48.27	-999
24-12-2001	8.27	2.58	28.36	22.7	12.48	92.69	68.18	50.72	-999
25-12-2001	13.4	1.72	26.03	22.56	6.06	91.89	76.16	83.18	-999
26-12-2001	0	1.7	27.52	22.9	6.69	89.86	68.32	77.24	-999
27-12-2001	0	3.64	29.46	23.54	19.7	84.25	59.61	92.33	-999
28-12-2001	0	3.58	29.55	20.91	19.04	89.72	58.04	64.15	-999
29-12-2001	0	3.49	29.28	20.01	18.1	89.8	56.34	91.33	-999
30-12-2001	4.73	3.45	29.42	23.06	17.54	92.38	53.65	117.5	-999
31-12-2001	0	3.19	29.17	24.58	14.85	85.33	61.52	113	-999
01-01-2002	0.59	2.49	28.32	23.28	9.32	88.57	66.47	114.6	-999
02-01-2002	0.79	3.75	29.65	24.34	19.71	87.23	62.27	102.3	-999
03-01-2002	0	3.6	29.36	23.54	16.97	84.99	57.04	105.6	-999
04-01-2002	0	3.64	29.82	24.23	17.89	83.09	61.23	106.3	-999
05-01-2002	0.2	2.9	29.77	22.6	12.65	89.47	62.65	89.8	-999
06-01-2002	2.56	2.35	27.58	21.23	9.63	90.91	69.42	79.15	-999
07-01-2002	11.82	2.48	29.45	21.72	12.3	92.88	63.19	67.91	-999
08-01-2002	4.33	3.29	29.42	22.08	17.04	91.41	64.18	80.23	-999
09-01-2002	2.95	3.58	29.8	21.85	19.28	92.4	62.53	69.95	-999
10-01-2002	0.39	3.65	29.48	20.95	19.04	91.75	57.82	84.11	-999
11-01-2002	0.59	3.79	29.16	21.64	20.41	90.7	52.7	86.48	-999
12-01-2002	0.2	3.74	29.71	23.34	18.91	82.23	54.19	103	-999
13-01-2002	0	3.56	29.82	21.71	17.31	89.32	52.6	86.19	-999
14-01-2002	2.56	3.57	29.98	23.25	17.61	90.27	59.59	113.2	-999
15-01-2002	4.14	3.78	28.99	22.58	17.26	89.33	59.94	152.7	-999
16-01-2002	1.77	2.95	27.8	22	12.99	89	64.22	114.4	-999
17-01-2002	3.94	2.55	27.22	21.72	11.54	89.8	69.34	96.87	-999
18-01-2002	1.58	3.75	29.01	22.47	19.8	88.58	59.78	115.1	-999
19-01-2002	5.71	3.72	29.48	22.85	18.35	89.25	64.1	132.3	-999
20-01-2002	1.18	4.36	28.83	23.91	20.44	81.19	57.17	170.8	-999
21-01-2002	0.99	4.26	29.23	23.57	20.01	82.82	52.74	143.9	-999
22-01-2002	4.33	3.25	29.17	22.85	14.25	88.88	64.07	131.3	-999
23-01-2002	0	3.85	29.14	24.49	17.46	78.26	59.25	143.6	-999
24-01-2002	1.18	3.86	29.32	22.84	17.73	83.3	57.42	121.8	-999
25-01-2002	0.59	4.14	29.3	22.37	20.15	85.74	58.95	137.8	-999
26-01-2002	4.33	3.34	28.1	22.17	14.4	86.18	60.97	138.2	-999
27-01-2002	1.77	3.49	28.23	22.36	16.41	85.92	62.62	135.9	-999
28-01-2002	1.97	4.06	29.37	23.17	20.9	85.95	57.06	110.9	-999
29-01-2002	0	4.44	28.72	23.6	21.48	83.13	49.23	133.9	-999
30-01-2002	5.91	3.38	27.98	21.59	14.69	91.16	59.42	132.2	-999
31-01-2002	1.97	3.7	28.86	21.44	18.23	92.03	59.99	130.7	-999
01-02-2002	5.91	4.2	28.71	22.03	20.71	90.15	59.17	166.2	-999
02-02-2002	3.15	4.43	28.87	22.1	20.53	86.19	56.89	198.2	-999
03-02-2002	19.9	3.11	28.48	21.37	12.81	91.23	60.02	135.9	-999
04-02-2002	6.11	3.64	29.14	21.71	18.39	92.18	51.98	89.14	-999
05-02-2002	17.14	3.24	28.18	21.19	14.78	91.9	49.08	85.33	-999
06-02-2002	7.09	2.65	26.55	20.42	12.65	91.83	66.6	55.07	-999
07-02-2002	7.49	2.16	26.74	20.22	9.76	92.67	67.82	63.71	-999
08-02-2002	0.2	4.14	28.55	23.27	22.23	86	58.55	123.7	-999
09-02-2002	0	4.41	28.69	20.4	23	87.31	54.6	93.58	-999
10-02-2002	0	3.94	28.85	20.38	19.5	89.6	51.2	109.6	-999
11-02-2002	0.79	3.13	27.48	20.92	13.29	89.35	59.14	129.7	-999
12-02-2002	5.52	3.29	28.61	21.19	16.04	89.99	62.8	105	-999
13-02-2002	0	4.41	28.65	20.78	23.42	90.94	59.2	111.7	-999
14-02-2002	0	4.67	28.93	23.21	23.98	77.02	58.74	134.6	-999
15-02-2002	0	4.37	28.87	20.41	22.25	90.11	58.88	103.4	-999
16-02-2002	0.79	4.07	28.92	20.11	21.42	92.26	54.89	84.75	-999
17-02-2002	1.97	2.83	27.19	22.11	12.53	90.49	68.52	126.1	-999
18-02-2002	0	4.4	28.99	23.44	23.2	82.91	57.3	102.1	-999
19-02-2002	0	4.51	29.4	21.26	23.78	87.76	56.65	70.35	-999
20-02-2002	0	3.35	28.52	19.42	15.57	90.21	52.96	71.08	-999
21-02-2002	8.47	3.55	28.79	19.32	16.61	89.55	57.89	116.9	-999
22-02-2002	7.29	2.43	25.59	21.69	7.93	90.37	61.94	150.9	-999
23-02-2002	0	4.49	28.81	18.64	24.29	87.96	41.29	85.17	-999
24-02-2002	0	4.36	28.53	20.3	21.65	86.2	52.35	138.1	-999
25-02-2002	0	4.67	28.86	20.7	24.49	83.24	50.34	104.1	-999
26-02-2002	0	4.38	29.03	19	22.68	86.53	41.43	77.69	-999
27-02-2002	0	4.32	28.5	17.9	22.96	87.66	45.73	76.48	-999
28-02-2002	0	4.25	28.72	18.38	23.64	87.78	53.78	68.09	-999
01-03-2002	2.36	3.19	29.08	19.4	15.41	89.64	52.6	71.28	-999
02-03-2002	0	3.59	28.98	21.13	16.51	85.24	49.35	96.45	-999
03-03-2002	0.2	3.58	28.49	20.49	14.81	87.17	49.75	118.3	-999
04-03-2002	0.99	3.35	27.83	20.66	14.9	88.32	58.52	109.4	-999
05-03-2002	3.35	4.1	29.16	20.95	19.87	89.69	52.72	116.3	-999
06-03-2002	1.18	4.05	28.07	18.17	18.63	88.98	52.65	115	-999
07-03-2002	0.39	4.54	28.66	20.25	23.21	88.48	44.53	118.1	-999
08-03-2002	5.12	4.23	28.99	21.63	21.38	88.53	61.57	114	-999
09-03-2002	4.53	4.23	29.63	23.05	19.88	86.87	61.8	145.3	-999
10-03-2002	2.36	4.69	29.38	23.71	23.03	86.48	64.11	126.5	-999
11-03-2002	8.08	2.74	27.28	22.25	10.73	90.32	67.88	89.77	-999
12-03-2002	0	4.31	29.17	21.16	22.28	90.11	57.22	80.72	-999
13-03-2002	3.35	5.03	29.08	20.57	25.77	88.97	55.69	121.4	-999
14-03-2002	0.2	4.9	29.05	23.79	24.19	78.8	57.05	136.4	-999
15-03-2002	1.38	4.99	29.37	22.55	24.73	84.36	58.16	110.1	-999
16-03-2002	6.5	4.68	29.45	23.09	22.93	88.84	60.35	123.4	-999
17-03-2002	45.9	2.38	26.87	21.71	9.03	92.22	64.34	52.99	-999
18-03-2002	4.53	4.52	29.2	22.12	23.95	91	61.86	87.04	-999
19-03-2002	0	4.93	29.51	20.95	25.72	90.64	60.63	79.13	-999
20-03-2002	0	4.85	29.48	20.81	25.12	90.08	54.13	84.57	-999
21-03-2002	0	4.62	29.79	20.42	23.65	89.76	52.59	77.23	-999
22-03-2002	0.2	3.66	28.88	21.02	16.8	89.29	59.91	99.97	-999
23-03-2002	0.59	4.49	29.05	20.86	22.95	88.78	60.13	88.09	-999
24-03-2002	0	4.79	29.43	24.86	23.82	78.29	63.73	123.6	-999
25-03-2002	0	5	30.12	25.33	23.18	79.64	60.63	132.1	-999
26-03-2002	0	5.33	29.54	24.56	25.42	81.74	58.4	117	-999
27-03-2002	2.76	5.16	29.43	21.26	25.45	89.22	59.13	103.3	-999
28-03-2002	12.02	4.14	29.28	22.02	19.72	89.11	61.43	110.5	-999
29-03-2002	1.58	4.26	29.67	21.78	20.97	92.32	60.57	84.53	-999
30-03-2002	9.85	4.79	29.9	22.2	24.6	91.47	55.64	67.59	-999
31-03-2002	21.87	4.27	29.4	21.52	21.36	93.64	60.48	55.64	-999
01-04-2002	90.03	4.67	29.59	21.81	24.07	93.24	63.3	73.13	-999
02-04-2002	0.2	4.29	29.94	22.11	21.4	92.23	64.41	74.15	-999
03-04-2002	26.6	3.76	29.48	22.1	17.33	92.14	67.21	107.6	-999
04-04-2002	5.12	4.31	29.03	23.83	19.91	88.9	65.6	165.3	-999
05-04-2002	0.2	4.21	29.37	24.81	18.6	81.82	60.46	125.2	-999
06-04-2002	0.2	5.32	29.73	22.17	26.76	88.44	59.42	77.73	-999
07-04-2002	7.29	4.37	29.85	21.95	21.8	90.68	63.92	63.97	-999
08-04-2002	18.72	4.93	29.91	21.99	25.26	91.93	60.94	68.84	-999
09-04-2002	1.18	3.63	29.46	22.51	16.17	90.74	59.77	93.84	-999
10-04-2002	5.32	3.62	28.63	22.96	14.03	88.3	57.88	152.6	-999
11-04-2002	0	4.42	28.85	19.55	19.76	85.42	36.57	87.73	-999
12-04-2002	0.2	3.44	27.29	18.44	14.74	86.4	52.03	87.28	-999
13-04-2002	0	4.46	28.79	19.04	23.43	86.78	38.93	70.15	-999
14-04-2002	0	4.6	29.11	18.22	22.67	87.47	47.9	97.12	-999
15-04-2002	43.73	2.01	26.87	22.73	8.73	93.24	76.21	75.95	-999
16-04-2002	1.38	4.73	28.97	23.86	23.4	88.14	66.53	159.7	-999
17-04-2002	3.15	4.59	28.97	23.34	21.6	90.27	61.34	125.5	-999
18-04-2002	16.35	4.72	28.89	21.92	22.74	91.61	63.29	129	-999
19-04-2002	21.28	4.13	29.75	21.62	19.76	92.51	60.89	92.34	-999
20-04-2002	8.86	4.5	30.24	23.57	20.97	88.01	62.31	135.7	-999
21-04-2002	5.91	5.03	30.05	23.53	23.53	88.2	62.21	143	-999
22-04-2002	0	5.2	29.71	25.42	24.5	80.15	60.17	125.3	-999
23-04-2002	0	4.8	30.01	25.54	21.75	81.9	65	129.2	-999
24-04-2002	0.99	4.29	30.3	25.3	19.04	85.19	64.46	107.1	-999
25-04-2002	93.97	2.78	29.01	22.46	10.71	93.03	67.99	63.46	-999
26-04-2002	0	5.12	29.82	21.65	26.34	92.11	62.05	73.94	-999
27-04-2002	2.76	4.68	29.91	23.18	23.25	90.39	61.86	87.47	-999
28-04-2002	0.59	4.44	29.15	23.25	20.49	87.59	61.99	115.2	-999
29-04-2002	0.59	4.46	29.52	23.56	21.22	87.42	59.73	94.1	-999
30-04-2002	24.63	4.26	29.05	21.5	20.71	93.11	64.61	55.47	-999
01-05-2002	28.57	3.25	29.61	23.54	15.66	92.15	69.89	60.02	-999
02-05-2002	7.88	4.53	30.34	22.61	22.22	92.56	63.2	64.34	-999
03-05-2002	4.53	4.61	30.21	24.24	21.7	91.51	62.76	122.2	-999
04-05-2002	0.2	4.05	29.42	24.42	15.4	85.72	56.89	163.7	-999
05-05-2002	0.59	4.75	29.53	24.38	20.09	79.11	56.68	152.6	-999
06-05-2002	0	4.97	29.47	22.71	23.16	85.86	60.63	126	-999
07-05-2002	1.38	5.05	29.86	21.87	24.64	88.79	61.2	115.5	-999
08-05-2002	0.2	4.14	29.53	22.96	18.78	87.31	57.96	104.9	-999
09-05-2002	32.9	4.53	29.78	22.06	22.4	92.66	61.61	61.95	-999
10-05-2002	32.11	4.1	29.93	21.75	19.17	93.5	56.86	81.7	-999
11-05-2002	3.74	4.66	29.23	24.4	22.02	87.92	59.83	127	-999
12-05-2002	37.04	3.55	29.74	22.6	14.94	93.46	64.59	115.3	-999
13-05-2002	0.39	4.74	29.8	23.9	22.71	86.24	60.2	103.3	-999
14-05-2002	0	4.26	29.8	25.34	18.09	78.47	61.83	131	-999
15-05-2002	0.99	5.7	30.62	24.56	27.74	88.97	61.57	110	-999
16-05-2002	29.94	3.73	29.82	24.03	15.84	91.14	66.94	116	-999
17-05-2002	25.02	5.03	30.08	23.64	23.91	92.76	64.18	143.2	-999
18-05-2002	4.93	5.19	30.27	24.38	24.55	88.53	66.14	163.7	-999
19-05-2002	0.99	5.26	29.92	25.26	24.33	85.09	64.77	163.3	-999
20-05-2002	0	4.82	30.31	25.73	21.13	79.94	61.2	136.4	-999
21-05-2002	0.99	4.55	30.2	26.08	19.23	82.18	65.15	154.5	-999
22-05-2002	0.79	5.33	30.45	25.42	24.52	86.12	64.41	143.7	-999
23-05-2002	7.68	3.86	29.69	24.32	15.75	89.62	66.23	143.4	-999
24-05-2002	2.36	5.29	30.05	25.11	25.43	87.42	62.81	123.9	-999
25-05-2002	0.39	5.59	30.31	24.87	26.79	86.42	58.27	111.9	-999
26-05-2002	0.2	5.35	29.95	23.79	25.03	85.38	55.35	115.4	-999
27-05-2002	0.39	5.38	30.21	24.62	25.53	78.89	57.27	113.8	-999
28-05-2002	1.77	5.15	30.14	24.34	24.5	85.29	61.77	102.4	-999
29-05-2002	0.59	5.23	30.29	23.98	25.16	85.89	61.68	101.4	-999
30-05-2002	2.36	5.35	30.62	24.28	25.8	87.31	61.04	109.6	-999
31-05-2002	10.84	4.48	30.58	23.96	20.4	89.97	63.51	109.2	-999
01-06-2002	0.99	5.23	30.61	24.05	25.32	91.33	63.68	106	-999
02-06-2002	5.12	4.37	30.83	25.3	20.1	87.56	59.85	87.54	-999
03-06-2002	0	5.53	30.94	25.2	25.9	84.79	60.7	119.5	-999
04-06-2002	0	5.72	30.69	25.92	26.86	82.38	60.88	125.1	-999
05-06-2002	0	5.45	30.83	26.22	24.68	78.9	60.4	127.4	-999
06-06-2002	0	5.57	30.8	24.51	26.38	83.42	59.5	93.68	-999
07-06-2002	1.18	5.04	30.67	25.45	23.32	85.21	61.39	114	-999
08-06-2002	0	5.4	31.13	26.12	25.09	81.35	63.81	118.8	-999
09-06-2002	0	5.46	30.96	26.56	25.15	78.45	61.4	107.1	-999
10-06-2002	0	5.57	31.14	26.25	26.01	77.78	57.37	89.81	-999
11-06-2002	0	5.59	31.33	26.26	25.89	77.4	55.76	97.08	-999
12-06-2002	0	5.55	31.36	26.35	25.4	76.85	55.27	100	-999
13-06-2002	0	5.71	31.7	26.15	25.73	82.84	57.96	131	-999
14-06-2002	3.15	4.51	30.7	24.79	19.34	89.63	61.34	115.3	-999
15-06-2002	3.74	5.39	30.95	24.72	25.22	89.64	58.28	122.9	-999
16-06-2002	0	5.68	31.1	26.85	26.26	77.34	59.29	126.4	-999
17-06-2002	5.71	4.18	30.54	24.39	17.51	89.91	63.88	112.8	-999
18-06-2002	12.02	4.41	30.51	23.83	19.64	89.76	64.94	128.5	-999
19-06-2002	11.23	3.67	29.88	22.69	15.25	91.51	67.16	132.4	-999
20-06-2002	2.36	5.7	30.62	24.87	27.02	85.64	56.66	160.1	-999
21-06-2002	1.18	5.04	30.37	24.81	22.54	85.51	60.05	141.1	-999
22-06-2002	0.59	4.78	30.6	26.34	21.16	83.04	62.13	137.8	-999
23-06-2002	0	5.42	30.84	26.1	24.8	78.28	60.52	113.6	-999
24-06-2002	0	5.35	30.96	23.8	25.12	87	63.76	102	-999
25-06-2002	0	5.34	31.02	26.29	25.21	79.57	61.75	109.6	-999
26-06-2002	0.99	5.7	30.52	25.69	26.25	83.37	58.77	129	-999
27-06-2002	2.36	5.82	30.83	25.01	27.47	83.9	58.74	123.7	-999
28-06-2002	0	5.79	30.72	26.18	25.79	76.79	57.68	162.9	-999
29-06-2002	0	5.01	30.59	26.44	21.38	77.73	61.83	146.7	-999
30-06-2002	0.2	4.02	30.65	26.18	16.55	81.72	63.29	110.4	-999
01-07-2002	1.97	5.51	31.24	25.13	25.21	83.87	59.47	124.4	-999
02-07-2002	0.59	5.12	31.02	25.08	22.01	82.4	53.03	133.9	-999
03-07-2002	2.76	5.67	31.18	25.1	26.14	88.34	59.1	149.8	-999
04-07-2002	3.15	5.24	31.01	24.55	24.14	88.19	64.63	136.8	-999
05-07-2002	0.39	5.36	31.46	26.52	24.88	79.99	59.98	112.1	-999
06-07-2002	0.79	5.16	31.05	22.44	26.08	87.99	52.25	6.57	-999
07-07-2002	3.35	5.39	31.34	22.24	25.7	91.05	57.57	125.3	-999
08-07-2002	0.39	5.77	31.65	25.6	27.71	85.57	58.25	131.3	-999
09-07-2002	4.14	5.19	30.98	25.36	23.62	87.06	65.63	133.1	-999
10-07-2002	8.08	5.34	31.37	24.58	24.69	89.97	62.58	133.1	-999
11-07-2002	0.79	5.86	30.7	25.39	27.55	80.39	58.18	127	-999
12-07-2002	23.44	3.36	28.77	24.71	13.61	91.22	71.55	126.1	-999
13-07-2002	0	5.37	30.85	26.29	25.46	83.67	61.29	134.8	-999
14-07-2002	2.36	5.16	31.56	24.44	23.06	89.07	59.71	127.9	-999
15-07-2002	8.47	2.71	28.71	24.81	9.32	90.63	71.55	137.4	-999
16-07-2002	0	5.15	30.83	25.38	23.62	79.96	55.4	125.3	-999
17-07-2002	2.56	5.34	30.51	24.36	24.68	81.27	62.5	121.8	-999
18-07-2002	0.2	5.57	30.77	25.97	26.36	83.28	61.01	127.9	-999
19-07-2002	0.59	5.78	31.33	25.64	26.74	82.53	59.26	130.5	-999
20-07-2002	0.79	4.74	30.91	25.94	20.59	85.65	62.25	131.3	-999
21-07-2002	0.99	4.3	31.13	24.46	17.14	81.7	58.82	128.7	-999
22-07-2002	0.79	4.79	30.79	22.99	20.74	85.88	55.73	126.1	-999
23-07-2002	30.73	5.12	31.45	24.49	24.17	91.76	59.55	126.1	-999
24-07-2002	2.76	4.27	30.85	24.96	18.62	88.27	66.09	126.1	-999
25-07-2002	7.49	4.78	30.63	25.28	21.84	88.31	64.82	122.7	-999
26-07-2002	0.39	4.98	30.84	26.23	22.6	85.26	64.35	133.9	-999
27-07-2002	4.93	3.67	29.92	25.5	14.27	88.64	63.16	127	-999
28-07-2002	9.85	4.36	30.61	25.17	19.29	89.6	64.98	130.5	-999
29-07-2002	9.26	4.06	31	23.71	17.61	90.68	69.82	134.8	-999
30-07-2002	0.39	5.27	31.01	26.02	24.63	86.21	63.32	137.4	-999
31-07-2002	2.96	5.25	30.9	25.47	23.92	89.63	60.04	127.9	-999
01-08-2002	0.2	5.4	30.99	24.29	25.14	88.33	62.41	128.7	-999
02-08-2002	0	5.18	30.97	22.83	24.17	89.35	62.04	125.3	-999
03-08-2002	0	5.36	30.96	22.71	25.65	88.84	59.09	122.7	-999
04-08-2002	0	5.44	31.46	24.13	25.91	87.01	59.13	127	-999
05-08-2002	0.79	5.56	31.19	23.6	25.59	89.76	51.67	129.6	-999
06-08-2002	2.95	5.65	31.15	23.09	27.03	90.18	58.85	130.5	-999
07-08-2002	1.58	5.43	31.33	24.8	25.88	87.9	62.31	133.9	-999
08-08-2002	14.97	2.91	29.82	24	10.17	90.21	68.97	133.1	-999
09-08-2002	0	5.48	31.52	24.66	26.17	87.43	61.7	134.8	-999
10-08-2002	3.94	4.33	30.24	22.87	18.51	90.11	62.3	127	-999
11-08-2002	9.85	5.16	31.02	23.04	24.67	91.79	59.32	128.7	-999
12-08-2002	16.15	3.57	30.61	23.17	14.43	90.27	63.76	127	-999
13-08-2002	0.39	5.36	31.11	25.72	24.96	82.8	59.71	141.7	-999
14-08-2002	0	5.66	31	24.46	26.34	88.09	59.87	135.6	-999
15-08-2002	6.11	5.25	31.47	22.57	24.11	90.24	59.24	134.8	-999
16-08-2002	5.71	4.11	31.9	26.23	18.16	88.51	66.64	137.4	-999
17-08-2002	29.35	4.94	32.04	24.08	21.39	92.73	61.44	142.6	-999
18-08-2002	0	5.71	31.63	24.22	26.82	89.31	60.35	139.1	-999
19-08-2002	0.2	5.67	31.34	24.05	26.77	90.55	59.5	138.2	-999
20-08-2002	0.99	5.64	31.97	26.16	26.24	85.61	60.26	140.8	-999
21-08-2002	17.34	4.98	32.08	23.05	21.36	90.06	62.97	151.2	-999
22-08-2002	31.32	4.83	31.66	21.11	21.41	93.19	60.92	146	-999
23-08-2002	1.97	5.13	31.9	24.22	24.57	91.06	62.62	138.2	-999
24-08-2002	0.2	5.44	32.05	25.49	24.91	86.46	58.92	133.1	-999
25-08-2002	0	5.48	31.8	26.92	23.81	74.99	52.85	127.9	-999
26-08-2002	0.2	5.74	31.87	25.97	25.6	80.61	55.77	128.7	-999
27-08-2002	0	5.86	31.7	26.39	26.71	78.58	58.68	131.3	-999
28-08-2002	0	5.74	32.39	26.96	25.69	77.73	59.09	132.2	-999
29-08-2002	3.74	5.28	31.81	24.06	23.14	90.45	59.23	133.1	-999
30-08-2002	6.3	5.09	32.16	23.63	22.5	91.6	54.46	137.4	-999
31-08-2002	17.93	4.62	31.68	24.11	20.63	92.73	66.6	155.5	-999
01-09-2002	23.64	3.94	30.91	24.64	16.47	91.63	68.46	165	-999
02-09-2002	5.71	5.08	31.3	23.94	22.74	90.75	59.37	158.1	-999
03-09-2002	0	5.6	31.77	23.28	25.75	90.46	55.32	153.8	-999
04-09-2002	0	5.57	32.31	22.43	25.6	89.16	55.57	145.2	-999
05-09-2002	0	5.58	31.8	22.62	26.26	89.52	56.5	139.1	-999
06-09-2002	0	5.49	32.03	23.27	25.74	88.39	57.51	140	-999
07-09-2002	4.33	5.46	32.81	24.64	24.94	91	53.6	138.2	-999
08-09-2002	21.87	5.2	31.82	23.47	23.34	93.43	59.02	140	-999
09-09-2002	0	4.86	31.9	23.81	21.97	89.63	62.16	140.8	-999
10-09-2002	0.59	5.56	32.23	26.1	25.3	84.12	52.97	137.4	-999
11-09-2002	1.18	5.56	32.58	26.41	24.98	85.75	60.56	139.1	-999
12-09-2002	0	5.65	32.21	27.16	24.59	78.18	55.74	140	-999
13-09-2002	0	5.21	32.18	26.9	22.25	79.02	61.34	139.1	-999
14-09-2002	8.47	5.58	33.2	23.85	23.84	89.75	49.18	140	-999
15-09-2002	45.11	3.72	31.94	23.26	14.7	93.32	68.01	156.4	-999
16-09-2002	10.44	4.24	31.85	24.77	18.5	91.2	66.35	155.5	-999
17-09-2002	0.2	4.92	32.1	27.03	21	80.59	60.53	154.7	-999
18-09-2002	0.2	5.29	31.88	24.78	22.91	87.42	55.26	140	-999
19-09-2002	7.49	4.82	32.06	23.1	21.22	91.05	59.44	137.4	-999
20-09-2002	0	5.25	32.14	22.41	23.98	91.34	56.41	146.9	-999
21-09-2002	0	5.44	31.57	20.95	25.94	88.43	59.71	142.6	-999
22-09-2002	0	5.27	32.3	22.88	25.18	88.42	57.37	141.7	-999
23-09-2002	1.97	5.21	33.07	24.23	23.79	89.9	57.37	141.7	-999
24-09-2002	16.15	3.84	30.86	23.18	15.62	91.92	65.18	133.9	-999
25-09-2002	9.46	2.6	29.89	24.11	8.74	88.05	67.65	133.9	-999
26-09-2002	0	4.24	31.61	25.04	18.39	87.49	61.6	150.3	-999
27-09-2002	1.58	5.27	31.69	23.77	24.17	88.3	60.75	150.3	-999
28-09-2002	0	3.97	31.78	23.55	16.89	90.64	65.71	144.3	-999
29-09-2002	0	4.25	31.63	22.46	18.16	87.59	62.75	140	-999
30-09-2002	1.18	3.42	31.62	24.06	13.94	90.59	64.87	138.2	-999
01-10-2002	2.76	4.6	31.66	25.09	20.21	87.56	61.42	152.9	-999
02-10-2002	19.7	3.23	31.26	23.26	11.49	92.61	63.85	145.2	-999
03-10-2002	3.74	4.33	30.4	23.39	19.78	92.4	63.36	141.7	-999
04-10-2002	2.17	4.51	31.82	24.51	20.84	91	62.26	145.2	-999
05-10-2002	1.97	5.08	31.71	24.27	23.64	90.54	59.9	138.2	-999
06-10-2002	6.9	4.37	31.65	24.26	19.22	89.3	60.14	132.2	-999
07-10-2002	0	5.21	31.53	22.9	24.82	90.68	57.98	129.6	-999
08-10-2002	6.5	5.07	31.19	23.03	24.52	91.49	56.78	127	-999
09-10-2002	0	4.9	31.78	22.82	23.61	91.32	60.62	126.1	-999
10-10-2002	34.08	4.93	31.87	23.1	23.74	92.67	60.33	126.1	-999
11-10-2002	39.79	3.96	30.97	22.48	17.29	93.47	61.04	127.9	-999
12-10-2002	13.79	4.39	31.65	22.27	20.16	92.78	58.93	134.8	-999
13-10-2002	1.38	4.09	31.19	23.74	18.55	89.67	63.13	132.2	-999
14-10-2002	8.27	2.98	30.37	23.27	11.57	91.75	67.05	124.4	-999
15-10-2002	1.58	4.6	31.31	23	22.17	91.65	61.75	130.5	-999
16-10-2002	20.49	2.83	29.9	23.43	10.65	91.53	66.77	127.9	-999
17-10-2002	2.36	4.35	31.13	23.72	20.77	90.96	64.06	136.5	-999
18-10-2002	0.99	4.53	31.28	24.3	20.65	88.71	58.16	139.1	-999
19-10-2002	11.82	3.81	30.57	22.16	15.81	91.5	63.31	148.6	-999
20-10-2002	6.5	3.91	31.32	23.23	17.59	91.63	62.81	147.7	-999
21-10-2002	8.86	4.65	31.66	22.78	21.75	93	61.32	152.9	-999
22-10-2002	7.09	4.07	32.17	23.62	17.87	91.81	58.43	136.5	-999
23-10-2002	50.83	2.78	31.02	23.54	10.06	93.41	67.22	132.2	-999
24-10-2002	3.94	4.32	31.38	23.49	19.92	92.01	60.98	140.8	-999
25-10-2002	4.73	4.31	31.28	23.59	19.77	89.88	60.3	133.9	-999
26-10-2002	19.31	3.14	31.02	23.65	12.63	91.98	66.1	132.2	-999
27-10-2002	24.23	2.31	30.24	23.1	6.87	91.15	67.47	135.7	-999
28-10-2002	20.68	3.46	29.74	23.2	15	92.14	64.09	141.7	-999
29-10-2002	0	4.66	31	22.36	23.19	92.27	60.62	136.5	-999
30-10-2002	0	4.73	31.38	22.79	23.47	91.38	58.55	129.6	-999
31-10-2002	0	4.65	31.13	22.85	22.67	91.31	58.68	130.5	-999
01-11-2002	3.74	4.58	31	22.99	22.29	91.66	58.75	133.9	-999
02-11-2002	0	4.53	31.07	21.66	22.02	90.16	60.4	130.5	-999
03-11-2002	0.2	3.98	31.01	23.45	18.98	90.97	61.45	127	-999
04-11-2002	19.5	4.33	31.11	23.17	20.72	93.16	59.05	127	-999
05-11-2002	1.77	4.12	30.88	22.45	18.62	86.33	55.99	125.3	-999
06-11-2002	0	4.38	31.51	22.36	21.2	89.24	58.7	127	-999
07-11-2002	0	4.65	31.36	22.44	22.81	90.7	54.37	125.3	-999
08-11-2002	0	4.15	30.73	21.7	19.53	90.19	57.61	125.3	-999
09-11-2002	0	4.09	31.05	21.33	19.54	89.97	57.8	124.4	-999
10-11-2002	2.17	3.2	30.36	22.69	13.75	90.79	61.18	123.6	-999
11-11-2002	4.33	3.78	30.95	22.15	17.36	90.5	60.91	129.6	-999
12-11-2002	0	4.21	31.09	24.95	20.19	82.4	57.96	126.1	-999
13-11-2002	0.59	4.54	31.02	22.22	21.4	90.71	56.95	133.9	-999
14-11-2002	2.76	4.14	30.63	22.61	19.96	91.48	57.46	127.9	-999
15-11-2002	12.61	3.69	30.27	22.58	16.81	92.08	56.76	124.4	-999
16-11-2002	6.7	3.02	30.21	23.19	12.97	91.62	64.95	126.1	-999
17-11-2002	0.59	3.95	30.38	23.36	19	91.53	61.18	132.2	-999
18-11-2002	3.35	4.13	30.57	23.73	19.98	89.83	62.6	140	-999
19-11-2002	34.08	2.68	28.65	22.27	10.61	92.68	71.65	128.7	-999
20-11-2002	13.79	2.55	28.91	21.35	9.72	92.53	66.01	136.5	-999
21-11-2002	0.79	3.65	29.81	23.9	18.12	88.77	63.5	136.5	-999
22-11-2002	7.09	2.94	30.52	22.78	12.3	90.93	68.24	131.3	-999
23-11-2002	0.39	3.65	30.88	24.39	17.07	90.5	63.59	137.4	-999
24-11-2002	1.18	3.66	30.56	24.75	16.61	86.25	65.89	132.2	-999
25-11-2002	3.94	4.17	30.3	22.77	19.99	88.46	61.29	129.6	-999
26-11-2002	0.2	3.97	30.51	23.84	19.56	88.39	62.31	128.7	-999
27-11-2002	0	4.25	30.75	25.93	20.43	78.48	58.81	126.1	-999
28-11-2002	2.17	3.98	30.43	24.82	18	83.72	59.71	125.3	-999
29-11-2002	0.59	4.25	30.38	23.01	20.74	89.54	59.76	128.7	-999
30-11-2002	3.35	3.54	30.39	22.09	16.55	92.18	62.79	124.42	-999
01-12-2002	2.56	3.98	30.84	24.13	19.49	85.78	59.33	129.6	-999
02-12-2002	1.18	3.65	30.37	23.36	16.5	90	60.48	127.87	-999
03-12-2002	3.15	3.41	29.66	22.66	15.37	92.44	60.43	125.28	-999
04-12-2002	3.55	3.45	29.81	22.82	15.97	87.93	61.55	127.87	-999
05-12-2002	1.58	3.56	30.27	22.4	16.44	90.13	59.48	130.46	-999
06-12-2002	1.38	3.49	29.53	24.5	15.84	82.44	62.09	135.65	-999
07-12-2002	0	4.3	29.63	25.21	20.52	78.49	57.64	146.02	-999
08-12-2002	3.55	3.99	29.58	22.87	17.22	89.73	60.99	200.45	-999
09-12-2002	1.58	3.82	29.96	20.73	16.34	91.5	62.83	217.73	-999
10-12-2002	0.99	4.32	29.82	24.16	19.8	85.08	59.04	227.23	-999
11-12-2002	0.39	4.85	30.3	23.14	20.48	80.65	57.57	261.79	-999
12-12-2002	12.21	3.81	29.24	22.45	15.51	91.31	64.57	270.43	-999
13-12-2002	4.14	4.77	30.04	22.43	21.02	89.92	55.4	285.12	-999
14-12-2002	4.33	4.31	29.39	22.38	17.63	89.94	55.1	260.93	-999
15-12-2002	1.38	4.47	29.77	21.25	20.81	91.07	59.63	250.56	-999
16-12-2002	9.85	3.72	28.89	22.06	14.94	91.31	59.77	251.42	-999
17-12-2002	6.7	3.46	29.59	23.23	14.44	89.85	66.27	243.65	-999
18-12-2002	0	3.89	29.74	23.9	16.82	87.42	64.62	232.42	-999
19-12-2002	0	4.16	29.61	21.37	17.14	90.89	58.42	246.24	-999
20-12-2002	0	4.13	29.14	20.29	17.44	88.94	58.25	252.29	-999
21-12-2002	0	4.45	29.65	20.69	20.71	90.69	58.04	264.38	-999
22-12-2002	14.97	4.48	29.78	22.71	20.79	91.71	57.2	262.66	-999
23-12-2002	0	4.56	29.88	25.53	18.74	80.18	61.33	288.58	-999
24-12-2002	0	5.09	29.81	22.3	21.72	88.31	55.6	304.13	-999
25-12-2002	2.56	4.02	29.5	21.96	14.92	87.96	62.11	317.95	-999
26-12-2002	7.49	3.25	28.31	22.03	11.18	90.27	67.95	318.82	-999
27-12-2002	0	5.03	29.76	20.98	21.59	87.72	48.25	284.26	-999
28-12-2002	0	4.31	29.62	19.81	18.51	89	56.42	247.97	-999
29-12-2002	3.35	4.35	29.86	20.73	19.59	91.47	56.32	253.15	-999
30-12-2002	3.74	4.18	29.05	21.43	17	91.71	54.11	267.84	-999
31-12-2002	0	4.62	29.86	21.32	20.93	90.74	59.33	303.26	-999
01-01-2003	0	5.04	29.53	24.5	21.25	78.41	57.56	314.5	-999
02-01-2003	0.39	4.42	29.11	21.33	18.16	89.88	60.44	304.99	-999
03-01-2003	0	4.66	29.41	22.76	20.46	85.98	58.68	304.13	-999
04-01-2003	0.79	4.75	29.88	23.81	19.92	84.67	54.8	274.75	-999
05-01-2003	12.21	4.36	29.92	22	17.61	91.83	60.74	311.04	-999
06-01-2003	15.17	3.82	28.94	22.05	15.04	92.32	61.94	290.3	-999
07-01-2003	4.93	4.55	29.19	21.09	19.08	89.43	58.53	325.73	-999
08-01-2003	0	5.09	29.55	20.94	22.14	88.01	51.28	306.72	-999
09-01-2003	0	4.14	29.4	22.3	20	89.14	62.42	209.09	-999
10-01-2003	0.99	3.6	29.85	22.04	17.7	90.52	62.37	121.82	-999
11-01-2003	0	3.94	29.61	23.3	19.59	85.74	57.55	123.55	-999
12-01-2003	8.47	2.97	29.02	21.03	12.35	90.79	63.07	116.64	-999
13-01-2003	2.76	3.67	28.95	21.55	18.22	90.67	54.2	120.1	-999
14-01-2003	0	3.76	29.05	21.3	19.05	89.72	60.07	122.69	-999
15-01-2003	5.12	3.27	28.68	22.28	15.42	89.44	60.54	122.69	-999
16-01-2003	0	3.93	29.56	21.67	19.9	88.46	59.48	125.28	-999
17-01-2003	0.39	3.31	29.02	23.58	14.41	80.76	56.35	121.82	-999
18-01-2003	2.96	3.52	29.21	23.04	16.29	88.34	59.06	120.1	-999
19-01-2003	12.21	4.05	29.19	21.93	20.34	92.21	56.89	123.55	-999
20-01-2003	0.2	3.62	29.59	21.01	17.28	90.02	58.01	120.1	-999
21-01-2003	1.38	3.87	29.57	20.99	19.54	91.95	59.42	122.69	-999
22-01-2003	1.38	4.02	29.22	21.39	20.83	91.05	60.33	123.55	-999
23-01-2003	5.52	3.49	29.52	21.71	16.67	91.61	61.26	127.87	-999
24-01-2003	6.11	4.39	29.41	21.28	22.51	91.42	57.01	142.56	-999
25-01-2003	0	3.24	27.89	21.73	13.43	88.33	52.39	127.87	-999
26-01-2003	0	3.29	28.74	20.39	15.23	90.83	62.17	129.6	-999
27-01-2003	6.89	3.61	29.11	20.27	17.58	92.1	59.84	132.19	-999
28-01-2003	0	3.22	27.11	21.17	17.82	88.27	67.15	34.56	-999
29-01-2003	0	3.84	29.43	21.11	19.39	89.6	54.39	121.82	-999
30-01-2003	1.77	3.86	29.04	21.72	19.27	88.81	60.27	123.55	-999
31-01-2003	7.09	3.71	29.29	22.48	17.95	89.11	59.13	122.69	-999
01-02-2003	11.23	3.31	28.68	21.72	14.71	89.46	62.18	122.69	-999
02-02-2003	8.27	4.2	29.23	20.68	21.47	92.61	57.3	127.87	-999
03-02-2003	11.43	3.51	29.51	21.29	16.49	92.63	61.33	136.51	-999
04-02-2003	1.58	3.13	27.82	21.1	14.24	92.06	67.09	127.87	-999
05-02-2003	0	4.16	29.18	21.04	21.68	89.87	60.26	129.6	-999
06-02-2003	4.73	4.03	29.67	23.28	20.23	87.18	61.13	127.01	-999
07-02-2003	0.39	4.49	29.35	23.82	21.85	82.79	56.1	130.46	-999
08-02-2003	0.79	4.23	29.68	23.3	20.15	82.76	60.14	126.14	-999
09-02-2003	3.55	3.5	28.43	22.77	15.75	87.8	64.02	120.1	-999
10-02-2003	0	4.19	29	24.01	19.82	79.79	52.97	127.01	-999
11-02-2003	5.52	4.04	29.09	22.08	19.02	89.63	58.57	125.28	-999
12-02-2003	1.58	3.76	29.22	24.26	17.87	86.09	62.75	127.87	-999
13-02-2003	0.59	4.58	29.5	23.97	22.36	83.01	58.65	125.28	-999
14-02-2003	4.14	4.19	29.06	21.9	20.06	89.87	60.51	122.69	-999
15-02-2003	3.94	3.99	29.04	22.12	19.39	89.67	59.05	122.69	-999
16-02-2003	3.74	3.96	28.44	21.16	18.5	90.85	53.66	123.55	-999
17-02-2003	0.39	4.58	29.45	23.62	23.17	81.45	53.69	126.14	-999
18-02-2003	5.12	4.23	28.64	22.61	20.1	89.16	56.83	123.55	-999
19-02-2003	0.59	3.9	28.66	23.22	18.11	85.77	57.34	124.42	-999
20-02-2003	0.99	4.08	28.78	22.68	19.1	86.68	57.57	127.01	-999
21-02-2003	0	4.7	29.11	24.29	22.91	75.46	56.57	131.33	-999
22-02-2003	1.18	4.89	29.61	23.31	23.68	81.12	53.88	127.87	-999
23-02-2003	0	5.41	29.56	24.43	24.99	75.01	49.67	172.8	-999
24-02-2003	0.99	5.54	29.49	22.77	24.8	86.67	51.04	234.14	-999
25-02-2003	1.77	5.48	29.42	22.4	24.77	87.45	52.12	248.83	-999
26-02-2003	9.26	4.63	29.1	21.45	21	91.32	61.09	235.87	-999
27-02-2003	2.17	4.86	29.62	21.58	21.87	86.54	56.97	222.91	-999
28-02-2003	2.96	5.23	29.48	21.73	24.47	87.54	57.81	238.46	-999
01-03-2003	0	5.5	29.28	21.08	25.54	89.88	51.3	241.92	-999
02-03-2003	0	5.61	29.61	23.92	25.43	79.59	47.96	218.59	-999
03-03-2003	1.38	3.9	28.13	22.15	16.26	87.23	63.25	171.94	-999
04-03-2003	0	5.04	29.77	23.84	23.23	82.29	51.79	182.3	-999
05-03-2003	0.99	5.09	29.45	23.95	22.97	81.28	54.04	172.8	-999
06-03-2003	0	4.53	29.36	23.12	19.34	83.16	58.91	184.9	-999
07-03-2003	0	5.14	30	21.84	23.82	86.36	55.83	182.3	-999
08-03-2003	1.38	4.44	29.86	21.05	19.67	89.56	60.41	186.62	-999
09-03-2003	0.39	5.02	29.59	23.93	22.44	80.36	55.87	201.31	-999
10-03-2003	0.39	5.04	29.98	22.67	21.85	82.7	55.02	190.08	-999
11-03-2003	0	5.58	30.38	21.06	26.12	86.02	50.87	179.71	-999
12-03-2003	0.39	5.37	30.06	24.35	22.46	77.25	46.37	205.63	-999
13-03-2003	0.79	4.44	29.75	21.65	18.2	85.68	52.1	149.47	-999
14-03-2003	0.99	5.6	29.82	23.53	25.56	77.07	42.77	168.48	-999
15-03-2003	0	5.25	29.65	22.6	23.16	81.53	49.94	173.66	-999
16-03-2003	0.2	5.48	29.59	22.46	26.14	82.07	52.53	162.43	-999
17-03-2003	0	4.77	29.37	23.96	20.58	76.61	52.99	161.57	-999
18-03-2003	0	5.51	30.19	20.84	24.46	83.97	50.43	189.22	-999
19-03-2003	0	6.04	30.63	20.08	26.06	88.9	42.68	243.65	-999
20-03-2003	0	5.94	30.14	19.36	27	88.29	50.36	254.02	-999
21-03-2003	0	5.6	30.2	19.44	25.66	88.99	48.14	210.82	-999
22-03-2003	0	4.68	31.13	20.57	19.02	88.04	46.19	177.98	-999
23-03-2003	0	5.48	30.23	20.32	26.89	88.78	53.6	146.88	-999
24-03-2003	0.79	4.69	30.67	21.62	20.21	86.01	55.34	183.17	-999
25-03-2003	8.86	4.53	30.14	22.63	19.54	89.1	59.48	190.08	-999
26-03-2003	0	5.75	30.58	22.21	26.62	89.78	58.07	244.51	-999
27-03-2003	0	6.13	30.68	20.89	27.31	88.42	52.59	271.3	-999
28-03-2003	0	6.2	30.44	20.47	27.89	90.03	49.06	267.84	-999
29-03-2003	0.2	5.09	30.04	20.19	21.9	88.39	53.26	215.14	-999
30-03-2003	0	4.36	29.78	21.41	17.39	87.72	53.11	194.4	-999
31-03-2003	0.59	5.4	30.82	20.37	24.22	88.82	51.89	195.26	-999
01-04-2003	0	5.83	30.81	22.04	27.04	86.59	52.91	208.22	-999
02-04-2003	0	5.74	30.37	21.01	26.65	89.87	53.69	199.58	-999
03-04-2003	1.77	5.47	30.49	23.19	25.35	87.36	55.46	196.13	-999
04-04-2003	8.27	4.36	29.73	23.92	18.08	86.67	62.16	190.08	-999
05-04-2003	2.95	4.78	29.93	24.4	20.67	88.64	60.15	199.58	-999
06-04-2003	0.2	5.24	30.84	24.87	22.45	81.37	55.9	182.3	-999
07-04-2003	2.56	5.01	29.01	21.55	22.64	89.61	61.55	167.62	-999
08-04-2003	4.33	5.36	30.33	20.46	25.89	89.41	56.41	164.16	-999
09-04-2003	3.15	3.53	29.5	23.01	13.59	87.4	59.83	162.43	-999
10-04-2003	0	5.21	30.12	24.23	23.61	80.71	58.02	168.48	-999
11-04-2003	1.38	5.22	30.72	24.61	23.29	84.67	56.48	160.7	-999
12-04-2003	0.59	4.6	30.42	24.07	19.84	84.85	58.5	133.06	-999
13-04-2003	0.39	5.63	31.31	24.66	26.23	84.35	55.57	140.83	-999
14-04-2003	0.79	5.39	30.7	23.81	24.07	82.65	53.11	136.51	-999
15-04-2003	12.8	5.27	30.2	22.51	24.48	88.74	56.08	135.648	-999
16-04-2003	1.38	4.27	30.03	24.53	18.21	82.73	61.56	152.928	-999
17-04-2003	0	5.27	30.86	25.42	22.36	80	58.14	188.352	-999
18-04-2003	3.35	5.21	30.93	25.47	22.87	87.99	60.52	174.528	-999
19-04-2003	0	6.22	30.82	25.62	26.82	78.37	54.42	211.68	-999
20-04-2003	0	5.76	30.84	24.95	22.37	76.36	55.51	245.376	-999
21-04-2003	0.99	6.05	30.76	22.38	26.37	89.36	53.8	237.6	-999
22-04-2003	1.58	5.43	30.39	21.16	23.88	90.35	57.71	235.008	-999
23-04-2003	0	6.1	30.8	21.75	27.25	90.33	52.77	271.296	-999
24-04-2003	0	6.2	30.78	22.72	27.09	88.46	54.95	308.448	-999
25-04-2003	0	6.3	31.4	23.05	26.79	86.47	55.96	315.36	-999
26-04-2003	0	6.22	31.12	25.56	25.89	79.62	53.61	257.472	-999
27-04-2003	0.2	5.94	31.68	25.87	24.5	80.9	53.24	211.68	-999
28-04-2003	0	6.22	31.41	25.68	25.54	74.64	53.47	210.816	-999
29-04-2003	0	6.58	31.42	25.83	26.75	75.57	49.16	234.144	-999
30-04-2003	0	6.9	31.54	25.57	26.54	74.83	50.46	303.264	-999
01-05-2003	0	6.66	31.29	25.97	27.19	79.51	54.83	292.896	-999
02-05-2003	0	6.35	31.96	25.78	24.46	80.25	53.73	289.44	-999
03-05-2003	0	6.42	31.48	25.4	26.42	75.54	53.14	224.64	-999
04-05-2003	0	5.77	31.24	24.35	24	81.99	51.84	188.352	-999
05-05-2003	2.56	5.64	31.14	23.71	22.88	82.18	51.47	207.36	-999
06-05-2003	0.59	4.46	30.04	25.17	16.06	78.18	59.2	209.088	-999
07-05-2003	0	6.05	31.68	26.03	24.63	74.98	52.85	219.456	-999
08-05-2003	0.2	6.22	31.24	25.64	25.3	76.91	55.33	234.144	-999
09-05-2003	0.99	4.95	30.34	24.82	18.28	81.29	58.2	229.824	-999
10-05-2003	0	5.47	31.49	25.72	20.24	75.38	51.51	224.64	-999
11-05-2003	0	6.14	30.98	25.36	23.54	73.46	50.8	237.6	-999
12-05-2003	0	6.24	30.23	24.83	24.21	78.78	49.19	270.432	-999
13-05-2003	0.99	5.7	31.26	24.77	21.48	84.28	50.56	266.976	-999
14-05-2003	1.38	5.93	31.64	24.83	24.08	80.56	54.81	234.144	-999
15-05-2003	6.3	4.26	30.07	23.18	15.42	87.87	59.11	197.856	-999
16-05-2003	3.74	5.69	31.29	25.31	24.83	82.66	56.08	207.36	-999
17-05-2003	2.17	4.5	29.37	25.23	17.63	86.11	66.29	238.464	-999
18-05-2003	0.59	5.58	30.61	25.96	23.25	82.55	60.12	257.472	-999
19-05-2003	0	6.23	31.35	25.96	25.91	80.98	58.39	268.704	-999
20-05-2003	0	5.27	30.91	23.63	20.58	86.4	61.22	266.112	-999
21-05-2003	0	6.12	31.54	23.64	25.35	87.23	54.21	285.984	-999
22-05-2003	13.99	4.34	31.08	23.78	14.56	89.73	61.75	295.488	-999
23-05-2003	11.43	3.94	30.01	24.16	14.12	91.03	68.34	307.584	-999
24-05-2003	0	5.88	31.26	26.39	24.09	79.08	58.47	265.248	-999
25-05-2003	0	6.52	30.93	26	26.71	78.61	58.37	296.352	-999
26-05-2003	0.2	6.42	31.66	26.22	26.14	79.15	56.19	270.432	-999
27-05-2003	0.59	6.31	31.34	25.48	25.74	83.1	55.14	266.112	-999
28-05-2003	0.79	6.18	31.58	25.82	23.76	80.92	55.73	304.128	-999
29-05-2003	0.2	6.59	31.54	26.11	25.94	77.59	55.29	300.672	-999
30-05-2003	0	6.9	31.79	26.32	26.59	76.66	51.53	308.448	-999
31-05-2003	0.59	7.02	31.41	24.86	27.87	80.88	51.4	326.592	-999
01-06-2003	16.74	5.31	30.26	22.67	20.5	90.41	57.25	295.488	-999
02-06-2003	2.36	6.01	30.28	24.28	26.59	83.78	60.86	300.672	-999
03-06-2003	3.15	5.82	30.69	23.84	23.31	84.69	56.09	298.944	-999
04-06-2003	6.9	5.08	30.82	22.52	18.67	87.67	58.61	304.128	-999
05-06-2003	0.2	5.94	30.66	23.27	25.11	87.25	58.22	325.728	-999
06-06-2003	1.77	5.8	30.85	23.87	23.11	83.27	60.54	349.056	-999
07-06-2003	1.97	5.93	31.06	24.23	23.19	87.37	56.22	350.784	-999
08-06-2003	38.02	3.33	28.22	23.46	10.83	91.5	74.28	368.928	-999
09-06-2003	0	6.57	30.21	25.81	27.97	78.61	59.48	379.296	-999
10-06-2003	2.56	5.81	30.48	25.02	20.93	82.94	58.88	396.576	-999
11-06-2003	0	6.02	30.59	25.92	22.77	78.39	60.8	369.792	-999
12-06-2003	1.77	5.59	30.85	24.76	21.37	86.03	61.83	362.016	-999
13-06-2003	0	6.58	31.2	26.01	25.09	78.9	55.34	367.2	-999
14-06-2003	34.87	3.23	27.12	23.61	9.04	91.01	71.63	340.416	-999
15-06-2003	0	5.5	30.2	26.4	21.82	79.18	63.51	364.608	-999
16-06-2003	5.52	5.65	30.46	24.13	22.95	89.02	62.07	356.832	-999
17-06-2003	3.35	6.06	30.69	24.49	26.22	86.78	62.51	355.104	-999
18-06-2003	49.05	3.07	28.15	21.74	9.45	92.41	75.53	346.464	-999
19-06-2003	0	5.34	30.09	26.08	21.1	79.22	61.84	338.688	-999
20-06-2003	5.91	4.93	29.87	23.69	19.17	89.16	65.56	348.192	-999
21-06-2003	0	5.86	30.53	25.87	25.1	83.55	64.55	347.328	-999
22-06-2003	0	6.15	30.46	26.09	25.47	81.41	62.71	338.688	-999
23-06-2003	17.53	5.4	30.36	24.49	22.85	91.19	66.2	361.152	-999
24-06-2003	0	6	30.83	25.8	24.96	82.77	62.78	343.008	-999
25-06-2003	0	6.16	30.99	26.6	25.45	78.57	62.26	292.032	-999
26-06-2003	0	6.31	30.93	26.19	26.08	80.21	59.95	289.44	-999
27-06-2003	4.93	5.77	30.92	23.6	23.7	88.54	57.96	274.752	-999
28-06-2003	0.2	5.85	31.45	26.11	23.14	80.58	56.6	280.8	-999
29-06-2003	2.96	5.69	31.17	25.93	22.47	85.19	60.32	295.488	-999
30-06-2003	0	5.94	31.57	25.7	23.31	82.77	59.72	308.448	-999
01-07-2003	0	6.18	30.76	23.21	26.09	88.42	58.63	315.36	-999
02-07-2003	16.15	5.91	31.29	22.85	25.39	89.54	58.84	300.672	-999
03-07-2003	62.45	5.45	31.38	22.66	22.87	93.14	59.67	292.896	-999
04-07-2003	0.99	5.96	30.93	23.88	26.79	93.25	58.15	278.208	-999
05-07-2003	0.99	5.98	31.25	25.67	25.64	86.25	57.71	263.52	-999
06-07-2003	1.18	4.89	30.77	26.19	17.93	85.95	59.62	262.656	-999
07-07-2003	21.67	4.01	30.3	24.19	14.57	92.35	64.11	227.232	-999
08-07-2003	15.56	3.59	30.33	24.52	13.45	91.4	69.81	238.464	-999
09-07-2003	2.36	5.23	30.76	25.72	22.38	85.17	63.65	232.416	-999
10-07-2003	0	5.65	30.96	26.29	22.51	78.13	61.08	257.472	-999
11-07-2003	0	6.34	31.14	25.9	26.01	77.37	59.54	278.208	-999
12-07-2003	14.38	3.61	28.98	23.89	12.97	89.8	69.01	203.904	-999
13-07-2003	0.99	4.73	31.23	25.78	20.16	87.28	61.86	204.768	-999
14-07-2003	1.38	5.72	31.29	23.84	24.82	89.59	57.33	203.904	-999
15-07-2003	0.79	5.92	31.03	23.77	26.75	89.88	57.21	214.272	-999
16-07-2003	12.61	5.57	31.04	21.94	25.97	92.62	63.76	202.176	-999
17-07-2003	0	5.49	31.23	23.87	25.1	89.86	58.75	194.4	-999
18-07-2003	3.35	5.19	31.65	25.71	22.46	88.02	61.95	201.312	-999
19-07-2003	0.79	5.89	31.46	25.21	25.34	87.61	58.32	221.184	-999
20-07-2003	0.99	5.86	31.57	24.57	25.3	86.73	60.37	235.872	-999
21-07-2003	0.59	5.23	31.11	26.55	21.02	81.51	62.46	237.6	-999
22-07-2003	21.28	3.62	30.51	24.6	12.8	92.14	68.92	222.912	-999
23-07-2003	0	5.31	31.11	26.44	21.52	78.93	59.5	216.864	-999
24-07-2003	0	5.6	31.43	26.52	23.11	80.34	62.01	219.456	-999
25-07-2003	0.2	5.65	31.88	26.44	23.64	82.66	60.48	203.904	-999
26-07-2003	29.35	4.09	30.8	24.22	15.95	91.93	68.94	200.448	-999
27-07-2003	3.15	4.98	31.44	25.57	21.38	84.43	65.11	198.72	-999
28-07-2003	3.15	5.31	31.29	25.5	23.24	86.76	66.36	203.904	-999
29-07-2003	0	5.28	31.47	26.76	21.07	77.79	59.97	203.904	-999
30-07-2003	0	5.66	32.05	26.33	22.98	80.94	58.91	209.088	-999
31-07-2003	17.34	5.07	31.27	23.79	21.41	90.94	64.14	195.264	-999
01-08-2003	3.94	4.38	31.39	26.11	18.13	88.21	64.69	188.352	-999
02-08-2003	0.99	5.3	31.04	25.28	22.81	87.22	63.95	203.04	-999
03-08-2003	0	5.74	31.95	26.58	23.69	77.38	57.77	205.632	-999
04-08-2003	0	4.92	31.8	23.87	18.42	88.65	56.94	206.496	-999
05-08-2003	16.55	4.52	31.59	24.04	17.12	91.42	57.65	209.952	-999
06-08-2003	0	4.72	31.46	26.7	19.58	88.81	63.83	211.68	-999
07-08-2003	1.18	5.47	31.67	25.46	22.25	85.42	58.28	209.088	-999
08-08-2003	4.53	4.9	31.52	26.09	20.3	88.22	64.13	205.632	-999
09-08-2003	2.17	5.79	31.38	26.31	25.12	86.95	62.62	231.552	-999
10-08-2003	0	5.22	31.53	24.04	20.66	88.54	57.83	221.184	-999
11-08-2003	0.2	5.67	31.54	23.08	24.68	89.47	56.9	210.816	-999
12-08-2003	0	5.81	31.5	22.83	25.25	89.22	52.14	205.632	-999
13-08-2003	8.08	4.73	31.15	24.57	20.12	90.24	63.68	213.408	-999
14-08-2003	16.15	5.63	31.59	23.92	25.26	91.55	60.13	204.768	-999
15-08-2003	13	5.65	31.91	22.51	25.28	91.1	59.26	196.128	-999
16-08-2003	0.79	4.98	31.81	22.71	21.14	90.43	60.87	203.04	-999
17-08-2003	1.38	5.41	31.95	23.94	23.31	89.09	58.84	215.136	-999
18-08-2003	1.97	5.5	31.92	24.06	23.63	87.19	60.54	213.408	-999
19-08-2003	0.2	5.49	32.88	26.89	21.89	81.42	58.94	229.824	-999
20-08-2003	7.68	3.88	30.72	24.18	12.58	89.15	65.29	224.64	-999
21-08-2003	0	4.97	32.23	24.84	21.04	88.64	61.85	203.904	-999
22-08-2003	2.36	5.1	32.34	23.33	21.53	90.7	60.68	180.576	-999
23-08-2003	1.58	5.74	31.94	23.31	25.38	90.42	55.66	194.4	-999
24-08-2003	18.52	5	32.05	24.13	21.87	91.54	64.57	204.768	-999
25-08-2003	15.76	3.96	30.75	25.18	16	91.9	69.15	205.632	-999
26-08-2003	0.39	5.7	32.34	25.67	25.07	85.47	62.74	213.408	-999
27-08-2003	0	5.79	32.25	26.69	24.22	81.4	59.75	207.36	-999
28-08-2003	1.18	5.41	32.42	24.21	21.93	89.25	57.76	203.04	-999
29-08-2003	0.2	5.78	32.37	24.6	25.34	87.99	59.06	201.312	-999
30-08-2003	0.2	4.89	32.15	23.66	20.16	89.48	60.44	183.168	-999
31-08-2003	0	4.89	31.76	24.49	20.41	90.13	59.78	196.128	-999
01-09-2003	0	5.37	32.28	24.77	22.66	89.2	56.1	194.4	-999
02-09-2003	0	5.32	33.73	23.65	19.75	85.01	44.96	179.712	-999
03-09-2003	0	5.27	33.72	23.11	19.11	86.69	43.25	178.848	-999
04-09-2003	10.83	5.79	32.79	22.91	24.04	87.29	50.63	192.672	-999
05-09-2003	0	5.5	32.81	25.33	22.63	83.57	56.39	209.088	-999
06-09-2003	0.99	5.92	32.49	24.34	24.3	86.81	54.21	224.64	-999
07-09-2003	0.39	5.79	33.09	24.92	23.83	87.03	53.98	217.728	-999
08-09-2003	4.53	3.74	31.39	23.87	11.73	89.42	61.73	212.544	-999
09-09-2003	0.39	5.71	32.99	26.03	24.18	85.21	57.73	224.64	-999
10-09-2003	0.39	5.52	32.5	23.85	22.26	89.36	56.95	217.728	-999
11-09-2003	2.17	5.09	32.6	23.68	20.07	88.84	55.95	212.544	-999
12-09-2003	0.2	5.15	32.61	23.02	19.32	88.67	50.51	210.816	-999
13-09-2003	0	6	34.24	23.04	21.96	87.05	38.85	218.592	-999
14-09-2003	0.2	6.02	32.7	23.86	25.15	87.32	54.09	232.416	-999
15-09-2003	24.23	5.21	32.62	24.24	21.48	92.06	58.81	227.232	-999
16-09-2003	8.86	4.14	30.78	24.69	15.92	91.7	64.48	222.048	-999
17-09-2003	0	5.53	31.99	23.99	24.37	90.69	59.48	224.64	-999
18-09-2003	0	5.76	32.51	23.75	24.99	89.44	56.27	220.32	-999
19-09-2003	7.88	4.24	32.63	23.99	14.75	89.81	57.73	216.864	-999
20-09-2003	3.74	4.06	29.89	23.79	14.97	90.39	62.54	222.048	-999
21-09-2003	0	4.23	31.44	23.23	16.21	88.87	62.57	233.28	-999
22-09-2003	0.99	5.41	32.13	23.9	23.8	89.82	60.61	234.144	-999
23-09-2003	0	5.62	32.64	23.95	24.14	89.61	58.89	237.6	-999
24-09-2003	0	5.73	32.99	27.44	24.04	81.68	61.94	241.92	-999
25-09-2003	2.36	5.08	31.87	25.09	19.71	89.06	61.74	241.92	-999
26-09-2003	2.76	5.26	32.98	25.76	21.72	88.16	63.72	258.336	-999
27-09-2003	0	6.05	32.54	27.45	24.02	77.42	55.64	241.92	-999
28-09-2003	0	5.83	32.96	27.3	20.69	77.45	52.18	254.016	-999
29-09-2003	0.39	4.99	32.97	25.59	17.2	85.05	57.99	250.56	-999
30-09-2003	0.99	5.64	32.44	24.7	22.8	90.12	54.81	244.512	-999
01-10-2003	4.14	4.01	31.61	24.19	13.44	90.66	59.99	232.416	-999
02-10-2003	41.17	4.87	31.79	24.13	19.92	91.23	61.17	248.832	-999
03-10-2003	23.05	4.08	31.66	23.86	14.15	90.69	61	246.24	-999
04-10-2003	0.99	4.49	31.47	23.14	17.95	90.47	63.57	243.648	-999
05-10-2003	0.2	4.55	31.14	23.54	18.28	88.74	62.9	251.424	-999
06-10-2003	0.2	5.06	31.99	22.98	20.91	89.21	59.53	249.696	-999
07-10-2003	20.09	4.81	32.45	23.68	19.71	91.95	62.52	263.52	-999
08-10-2003	28.96	3.55	30.61	23.9	11.02	91.83	63.99	266.976	-999
09-10-2003	52.4	2.05	26.24	22.84	4.88	92.05	80.71	259.2	-999
10-10-2003	0	5.01	32.05	23.91	23.04	90.78	62.3	274.752	-999
11-10-2003	1.58	5.38	32.23	23.97	23.17	90.32	60.19	254.88	-999
12-10-2003	8.08	3.54	29.36	23.76	11.91	89.61	65.47	237.6	-999
13-10-2003	16.35	4.37	31.56	23.23	18.48	92.64	63.49	238.464	-999
14-10-2003	0.99	4.82	31.56	23.63	19.86	89.42	59.95	245.376	-999
15-10-2003	0	5.27	31.74	23.5	22.81	89.14	57.85	235.872	-999
16-10-2003	7.09	4.67	32.27	23.03	19.1	91.75	62.31	250.56	-999
17-10-2003	0	4.58	32.07	23.92	17.95	89.97	60.73	252.288	-999
18-10-2003	10.64	4.7	31.83	24.26	18.51	91.54	59.46	259.2	-999
19-10-2003	7.68	3.72	31.32	23.65	12.38	90.75	64.42	258.336	-999
20-10-2003	1.58	4.68	31.64	23.79	19.57	90.36	64.5	272.16	-999
21-10-2003	0.2	5.25	32.47	23.53	21.17	91.01	55.98	273.024	-999
22-10-2003	0	5.57	31.83	22.73	23.19	89.18	54.09	267.84	-999
23-10-2003	0	5.38	31.67	22.27	22.37	88.22	51.99	247.104	-999
24-10-2003	9.06	4.79	32.66	24.03	20.83	90.96	61.15	228.96	-999
25-10-2003	36.05	3.55	31.06	23.67	13.28	92.28	65.6	195.264	-999
26-10-2003	1.77	4.58	31.19	24.09	19.25	89.12	59.64	222.912	-999
27-10-2003	16.55	4.36	31.33	22.97	17.76	91.46	59.28	213.408	-999
28-10-2003	2.36	3.68	30.94	22.61	14.78	91.63	65.02	195.264	-999
29-10-2003	27.38	2.93	30.53	23.93	12.58	92.25	65.2	196.128	-999
30-10-2003	16.15	2.38	28.91	23.26	9.42	91.86	70.97	200.448	-999
31-10-2003	0	3.97	30.73	22.65	20.52	89.37	64.86	211.68	-999
01-11-2003	15.17	3.43	31.64	23.18	15.74	90.21	62.79	197.856	-999
02-11-2003	2	3.75	31.23	23.47	17.35	90.05	61.92	213.408	-999
03-11-2003	6.5	4.06	31.95	23.76	18.88	91.42	59.94	207.36	-999
04-11-2003	11.43	3.46	31	23.91	15	90.75	61.75	213.408	-999
05-11-2003	3.55	4.29	31.07	24.17	21.26	89.73	60.69	203.904	-999
06-11-2003	20.88	2.78	30.4	22.97	11.56	91.72	67.45	179.712	-999
07-11-2003	13	2.23	29.68	24.45	9.25	90.71	69.49	191.808	-999
08-11-2003	38.61	1.46	26.82	22.6	3.98	92.08	78.25	189.216	-999
09-11-2003	35.85	1.72	29.26	22.43	6.22	92.92	71.41	197.856	-999
10-11-2003	109.3	1.54	26.58	22.24	5.22	93.63	79.28	197.856	-999
11-11-2003	15.17	1.78	26.54	21.72	6.64	93.48	73.09	199.584	-999
12-11-2003	57.72	1.53	27.85	22.54	6.26	92.71	76.98	209.088	-999
13-11-2003	4.33	3.39	30.32	23.95	17.4	91.29	66.54	234.144	-999
14-11-2003	5.71	3.19	30.72	24.66	14.62	90.22	65.4	232.416	-999
15-11-2003	33.69	2.82	30.18	23.3	11.62	92.45	67.95	218.592	-999
16-11-2003	31.52	2.79	30.79	21.89	11.37	93.06	68.37	235.872	-999
17-11-2003	2.36	3.86	30.47	22.11	18.08	93.27	61.82	259.2	-999
18-11-2003	0.39	3.85	30.71	23.12	18.61	92.18	63.15	269.568	-999
19-11-2003	0	4.31	30.92	22.34	20.58	89.99	55.34	245.376	-999
20-11-2003	0.2	4.16	30.42	21.19	20.58	90.28	58.34	228.096	-999
21-11-2003	0	3.93	30.43	20.67	20.08	90.11	61.5	226.368	-999
22-11-2003	0	4.14	31.22	22.09	20.71	91.08	59.5	255.744	-999
23-11-2003	0.2	3.44	29.78	22.21	16.16	89.78	62.84	253.152	-999
24-11-2003	0	4.16	30.93	22.54	19.34	90.11	55.51	300.672	-999
25-11-2003	23.05	4.06	30.68	23.3	19.05	93.03	61.72	316.224	-999
26-11-2003	11.23	2.78	30.51	23.35	11.41	91.89	68.48	296.352	-999
27-11-2003	15.17	2.29	29.68	23.5	7.59	92.96	68.96	294.624	-999
28-11-2003	6.7	3.46	30.08	22.27	14.6	89.6	59.76	331.776	-999
29-11-2003	0	3.97	31.07	21.74	18.01	88.43	57.89	360.288	-999
30-11-2003	0	3.87	30.88	22.42	16.82	89.28	56.78	340.416	-999
01-12-2003	0	4.52	31.13	22.15	19.47	90.11	48.05	300.672	-999
02-12-2003	0	4.06	30.88	21.16	18.32	88.73	53.05	264.384	-999
03-12-2003	0	3.68	31.07	21.33	15.52	88.94	52.48	254.88	-999
04-12-2003	0	3.2	30.34	24.47	15.57	78.5	54.42	269.568	-999
05-12-2003	23.84	3.86	30.55	23.37	17.39	92.26	59.41	269.568	-999
06-12-2003	15.96	3.67	30.54	23.96	17.15	91.36	62.38	281.664	-999
07-12-2003	0.2	3.66	30.17	24.77	18.91	86.51	64.97	315.36	-999
08-12-2003	53.39	3.49	29.6	22.71	15.76	92.96	66.03	312.768	-999
09-12-2003	0.39	3.82	30.52	22.28	18.51	90.13	60.81	292.896	-999
10-12-2003	18.71	3.47	30.23	22.63	15.97	91.79	61.66	256.608	-999
11-12-2003	30.73	3.01	29.35	22.71	12.89	93.31	65.54	273.024	-999
12-12-2003	0	3.59	30.04	21.97	17.49	90.07	62.83	296.352	-999
13-12-2003	18.12	3.97	30.51	21.58	18.96	92.15	60.35	305.856	-999
14-12-2003	7.49	2.96	30.09	22.67	13.31	90.24	65.8	292.032	-999
15-12-2003	0.79	3.71	30.44	21.78	17.44	90.18	58.95	253.152	-999
16-12-2003	0	3.67	30.03	22.29	17.97	90.76	60.65	247.968	-999
17-12-2003	4.93	3.44	30.05	22.3	16.52	89.24	62.43	281.664	-999
18-12-2003	5.32	4.25	30.16	20.77	20.39	90.88	54.92	284.256	-999
19-12-2003	3.94	3.66	30.09	20.74	16.62	89.44	57.4	304.992	-999
20-12-2003	3.15	2.97	28.66	22.12	13.61	91.37	66.32	335.232	-999
21-12-2003	0	3.32	30.47	21.58	15.16	88.5	60.72	311.904	-999
22-12-2003	0	4.03	29.67	21.51	17.74	91.09	53.85	327.456	-999
23-12-2003	18.91	3.28	29.44	22.11	15.57	92.39	66.58	332.64	-999
24-12-2003	0.2	3.97	29.79	22.05	19.62	89.59	57.66	300.672	-999
25-12-2003	11.62	3.14	29.66	22.17	14.25	92.4	64.4	256.608	-999
26-12-2003	47.67	2.29	27.77	21.32	8.1	92.91	66.91	236.736	-999
27-12-2003	15.96	3.57	29.65	22.07	17.65	92.14	60	263.52	-999
28-12-2003	5.71	3.12	28.27	21.52	10.05	92	62.76	261.792	-999
29-12-2003	1.38	2.56	27.06	20.03	11.37	88.28	64.54	248.832	-999
30-12-2003	0	3.28	27.14	18.81	15.53	86.5	51.22	251.424	-999
31-12-2003	0.2	3.88	27.6	18.65	18.34	86.01	40.82	260.064	-999
01-01-2004	0.59	3.02	28.65	20.08	13.64	86.48	53.34	257.472	-999
02-01-2004	2.56	2.85	27.94	20.8	11.19	90.06	55.9	259.2	-999
03-01-2004	0.99	2.89	27.4	21.12	11.85	89.41	56.95	288.576	-999
04-01-2004	0	3.36	28.57	20.22	17.14	86.44	58.72	280.8	-999
05-01-2004	11.03	3.22	29.05	21.56	16.24	92.05	66.18	293.76	-999
06-01-2004	10.64	3.06	28.96	22.14	14.92	90.05	66.79	319.68	-999
07-01-2004	1.38	3.53	28.87	21.2	15.57	89.97	56.94	308.448	-999
08-01-2004	1.58	3.17	28.89	21.26	14.85	90.63	63.22	292.032	-999
09-01-2004	0.79	4.05	29.15	20.1	19.84	90.78	55.56	288.576	-999
10-01-2004	9.46	3.16	29.01	22.24	14.66	90.33	61.88	306.72	-999
11-01-2004	16.15	3.41	28.69	21.54	13.72	91.01	56.13	318.816	-999
12-01-2004	0.2	4.1	30.1	21.28	20.44	90.55	59.87	354.24	-999
