date	rr	etp	tx	tn	rg	ux	un	vt	tm
01-04-2009	2	3.171	27.96	18.44	14.95	-999	-999	-999	22.12
02-04-2009	16.5	3.38	27.23	19.33	15.87	-999	-999	-999	22.53
03-04-2009	2.5	3.027	26.96	18.93	14.18	-999	-999	-999	22.37
04-04-2009	0.5	2.139	25.96	19.33	9.8	-999	-999	-999	22.45
05-04-2009	12.5	2.831	26.87	19.25	13.18	-999	-999	-999	22.53
06-04-2009	26	1.14	24.78	20.31	4.94	-999	-999	-999	21.95
07-04-2009	0	4.379	28.23	19.49	20.58	-999	-999	-999	23.11
08-04-2009	3	3.45	28.05	19.66	16.13	-999	-999	-999	22.86
09-04-2009	58	1.949	27.69	19.82	8.93	-999	-999	-999	22.04
10-04-2009	46	2.54	25.42	20.47	11.69	-999	-999	-999	22.86
11-04-2009	6	3.836	26.14	20.79	18.13	-999	-999	-999	22.45
12-04-2009	0	4.684	27.23	16.98	22.75	-999	-999	-999	21.21
13-04-2009	0.5	3.263	25.69	16.41	15.77	-999	-999	-999	20.72
14-04-2009	8.5	2.947	26.23	18.93	13.84	-999	-999	-999	22.12
15-04-2009	0	3.615	27.69	18.36	17.16	-999	-999	-999	22.04
16-04-2009	0	4.165	27.41	17.47	19.96	-999	-999	-999	21.79
17-04-2009	0	2.97	26.42	17.71	14.09	-999	-999	-999	21.54
18-04-2009	0	3.363	26.05	18.03	16.16	-999	-999	-999	21.13
19-04-2009	0	2.576	25.14	16.33	12.48	-999	-999	-999	19.9
20-04-2009	0	3.862	26.96	16	18.79	-999	-999	-999	20.72
21-04-2009	0.5	3.171	26.6	17.3	15.22	-999	-999	-999	21.05
22-04-2009	0	3.542	26.6	16.41	17.25	-999	-999	-999	20.47
23-04-2009	0	3.546	25.69	16.09	17.27	-999	-999	-999	20.47
24-04-2009	0	2.516	23.78	16.25	12.32	-999	-999	-999	19.24
25-04-2009	0	3.685	24.42	14.71	18.45	-999	-999	-999	18.99
26-04-2009	0	3.554	25.23	15.11	17.36	-999	-999	-999	20.31
27-04-2009	0	3.585	26.69	16.98	17.2	-999	-999	-999	21.38
28-04-2009	0	3.028	25.78	17.22	14.52	-999	-999	-999	20.97
29-04-2009	0	2.521	26.32	17.47	11.99	-999	-999	-999	20.88
30-04-2009	0	3.143	26.23	17.55	15.08	-999	-999	-999	21.05
01-05-2009	0	2.904	25.6	16.17	14.14	-999	-999	-999	19.98
02-05-2009	0	3.653	26.32	15.27	17.94	-999	-999	-999	20.06
03-05-2009	0	3.539	24.96	14.62	17.56	-999	-999	-999	19.4
04-05-2009	0	2.894	25.78	15.84	14.17	-999	-999	-999	19.65
05-05-2009	0	3.656	26.69	15.11	17.93	-999	-999	-999	20.14
06-05-2009	0	2.299	25.6	16.17	11.08	-999	-999	-999	19.81
07-05-2009	0	3.857	25.69	16.9	18.79	-999	-999	-999	20.64
08-05-2009	7	2.547	25.96	17.63	12.17	-999	-999	-999	20.64
09-05-2009	12.5	2.596	25.87	17.22	12.44	-999	-999	-999	20.55
10-05-2009	0.5	2.552	25.236936	16.91	12.38	-999	-999	-999	19.8111064
11-05-2009	0	2.551	26.139474	17.13	12.23	-999	-999	-999	20.45971792
12-05-2009	2.5	2.036	25.81218	17.98	9.56	-999	-999	-999	20.81930567
13-05-2009	0	1.368	24.264972	17.07	6.28	-999	-999	-999	20.06540067
14-05-2009	0	2.778	24.631938	16.62	13.56	-999	-999	-999	19.70897433
15-05-2009	0	2.589	24.592266	15.56	12.78	-999	-999	-999	18.87334833
16-05-2009	0	3.689	25.108002	14.21	18.47	-999	-999	-999	18.98614633
17-05-2009	0	3.366	24.979068	13.88	17.07	-999	-999	-999	18.09373767
18-05-2009	0	3.938	24.741036	14.11	19.9	-999	-999	-999	18.61629167
19-05-2009	0	3.886	23.640138	14.54	19.66	-999	-999	-999	18.529583
20-05-2009	0	3.026	23.82858	14.19	15.17	-999	-999	-999	18.459372
21-05-2009	0.4	2.212	23.650056	15.3	10.87	-999	-999	-999	18.630871
22-05-2009	0	2.911	25.574148	15.67	14.27	-999	-999	-999	19.60500067
23-05-2009	0	2.88	25.46505	16.33	14.04	-999	-999	-999	19.88622833
24-05-2009	0	2.449	25.385706	15.69	11.87	-999	-999	-999	19.71588033
25-05-2009	0	1.15	22.549158	17.16	5.19	-999	-999	-999	19.855535
26-05-2009	0	2.945	25.028658	16.16	14.35	-999	-999	-999	19.969484
27-05-2009	0	3.281	25.871688	16.67	16.05	-999	-999	-999	20.02396467
28-05-2009	0	2.271	24.046776	16.09	10.96	-999	-999	-999	19.69477867
29-05-2009	0.4	3.517	25.951032	17.01	17.02	-999	-999	-999	20.821224
30-05-2009	1.6	2.552	26.317998	17.05	12.2	-999	-999	-999	20.62517033
31-05-2009	0	2.678	25.742754	16.65	12.86	-999	-999	-999	20.53615967
01-06-2009	0	2.09	26.129556	18.01	9.79	-999	-999	-999	21.070991
02-06-2009	0	3.442	26.367588	17.13	16.53	-999	-999	-999	21.22369033
03-06-2009	0	3.529	26.744472	16.69	17.06	-999	-999	-999	20.89527167
04-06-2009	0	2.47	24.959232	15.86	11.95	-999	-999	-999	19.84594333
05-06-2009	0	3.05	25.177428	15.38	15.08	-999	-999	-999	19.24934167
06-06-2009	0	3.035	23.293008	13.49	15.42	-999	-999	-999	17.76109867
07-06-2009	0	3.384	24.245136	12.99	17.3	-999	-999	-999	17.680145
08-06-2009	0	2.589	23.154156	13.92	12.99	-999	-999	-999	18.00089033
09-06-2009	0	1.966	23.045058	15.03	9.58	-999	-999	-999	18.64123
10-06-2009	0	2.714	23.987268	15.07	13.46	-999	-999	-999	18.75441167
11-06-2009	0	2.649	23.501286	14.59	13.15	-999	-999	-999	18.64084633
12-06-2009	0	2.979	23.03514	14.77	14.83	-999	-999	-999	18.805823
13-06-2009	0	2.862	24.602184	14.39	14.18	-999	-999	-999	18.95852233
14-06-2009	0	3.328	23.858334	14.83	16.54	-999	-999	-999	19.174143
15-06-2009	0	2.538	24.641856	14.72	12.58	-999	-999	-999	18.589435
16-06-2009	0	2.094	23.223582	14.36	10.42	-999	-999	-999	17.77721267
17-06-2009	0	2.629	23.77899	13.21	13.2	-999	-999	-999	18.01470233
18-06-2009	0	2.872	24.07653	13.96	14.49	-999	-999	-999	18.00050667
19-06-2009	0	2.616	23.719482	14.09	13.18	-999	-999	-999	17.813661
20-06-2009	0	2.518	23.164074	13.37	12.81	-999	-999	-999	17.20248
21-06-2009	0	2.448	22.876452	13.49	12.38	-999	-999	-999	17.43076167
22-06-2009	0	2.662	24.17571	14.07	13.43	-999	-999	-999	17.79716333
23-06-2009	0	2.653	23.362434	14.44	13.22	-999	-999	-999	18.442107
24-06-2009	0	3.414	24.453414	13.7	17.07	-999	-999	-999	18.902507
25-06-2009	3.4	1.817	24.780708	15.47	8.73	-999	-999	-999	19.06057767
26-06-2009	0	3.167	25.177428	15.93	15.5	-999	-999	-999	19.91001567
27-06-2009	0.6	3.28	24.542676	17.08	15.98	-999	-999	-999	20.26107067
28-06-2009	2.2	1.467	22.509486	16.82	6.94	-999	-999	-999	18.87219733
29-06-2009	0	3.613	23.97735	16.13	17.79	-999	-999	-999	19.88392633
30-06-2009	29.2	1.497	20.238264	14.48	7.31	-999	-999	-999	17.37359533
01-07-2009	0	2.781	21.805308	12.08	14.46	-999	-999	-999	16.358797
02-07-2009	0	2.98	22.83678	12.22	15.48	-999	-999	-999	16.56674433
03-07-2009	0	3.128	22.549158	11.76	16.28	-999	-999	-999	16.57787067
04-07-2009	0	1.763	21.676374	12.45	8.9	-999	-999	-999	16.41596333
05-07-2009	0	2.384	21.914406	13.06	12.18	-999	-999	-999	16.81996433
06-07-2009	0	2.784	22.479732	12.74	14.34	-999	-999	-999	16.83339267
07-07-2009	0	2.942	22.211946	12.65	15.33	-999	-999	-999	16.37337633
08-07-2009	0	2.934	22.479732	11.25	15.14	-999	-999	-999	16.858331
09-07-2009	0	2.391	21.527604	12.45	12.31	-999	-999	-999	16.44320367
10-07-2009	0	3.119	22.529322	12.35	16.24	-999	-999	-999	16.538353
11-07-2009	0	2.329	22.48965	12.71	11.85	-999	-999	-999	16.96844333
12-07-2009	0	1.838	21.775554	13.6	9.2	-999	-999	-999	16.989545
13-07-2009	0	2.512	22.757436	13.15	12.77	-999	-999	-999	17.2255
14-07-2009	0	2.758	22.2417	13.5	14.05	-999	-999	-999	17.37014233
15-07-2009	0	2.789	21.954078	13.19	14.3	-999	-999	-999	17.07164967
16-07-2009	0	2.668	22.271454	13.26	13.56	-999	-999	-999	17.407358
17-07-2009	0	3.436	22.955796	12.67	17.65	-999	-999	-999	17.44841033
18-07-2009	0	3.7	23.372352	13.34	18.9	-999	-999	-999	17.897684
19-07-2009	0.8	1.34	21.735882	14.18	6.53	-999	-999	-999	16.91664833
20-07-2009	0	2.064	22.09293	13.88	10.31	-999	-999	-999	17.516703
21-07-2009	0	2.313	22.816944	13.76	11.6	-999	-999	-999	17.68321433
22-07-2009	0	3.621	24.294726	13.33	18.23	-999	-999	-999	18.643532
23-07-2009	0.2	1.919	23.33268	17.06	9.17	-999	-999	-999	19.60960467
24-07-2009	0	3.096	23.719482	15.73	15.13	-999	-999	-999	19.94224367
25-07-2009	0.6	2.439	23.957514	15.26	11.96	-999	-999	-999	19.05060233
26-07-2009	0.4	2.063	21.666456	14.37	10.27	-999	-999	-999	17.70930367
27-07-2009	0	3.512	24.67161	14.34	17.67	-999	-999	-999	18.61092033
28-07-2009	0	2.365	23.937678	15.18	11.66	-999	-999	-999	18.68113133
29-07-2009	7.2	3.163	23.699646	14.8	15.86	-999	-999	-999	18.56910067
30-07-2009	0	3.044	22.846698	14.08	15.45	-999	-999	-999	17.82248533
31-07-2009	0	2.866	24.96915	14.5	14.34	-999	-999	-999	18.42867867
01-08-2009	0	3.462	25.177428	14.07	17.39	-999	-999	-999	18.68189867
02-08-2009	0	2.816	22.747518	14.17	14.3	-999	-999	-999	17.594971
03-08-2009	0	1.704	19.86138	11.79	8.68	-999	-999	-999	15.839696
04-08-2009	0	2.233	20.149002	11.98	11.48	-999	-999	-999	16.32733633
05-08-2009	0	2.013	20.45646	12.18	10.35	-999	-999	-999	15.99546467
06-08-2009	0	2.643	21.99375	12.04	13.71	-999	-999	-999	16.34651967
07-08-2009	0	3.266	22.132602	12.84	16.85	-999	-999	-999	17.11423667
08-08-2009	0	4.158	23.838498	12.94	21.41	-999	-999	-999	17.691655
09-08-2009	0	3.34	23.293008	13.52	17.14	-999	-999	-999	17.440737
10-08-2009	0	3.984	23.798826	13.18	20.54	-999	-999	-999	17.546629
11-08-2009	0	3.436	23.03514	12.31	17.86	-999	-999	-999	16.841066
12-08-2009	0	3.677	22.58883	12.57	19.04	-999	-999	-999	17.16488067
13-08-2009	0	4.199	22.93596	12.43	21.74	-999	-999	-999	17.422321
14-08-2009	0	2.953	22.48965	13.1	15	-999	-999	-999	17.711222
15-08-2009	5.8	3.53	22.678092	12.37	18.22	-999	-999	-999	17.26003
16-08-2009	0	4.055	21.815226	12.13	21.09	-999	-999	-999	17.11308567
17-08-2009	0	2.034	21.408588	14.4	10.14	-999	-999	-999	17.56696333
18-08-2009	53.6	1.691	22.321044	14.61	8.34	-999	-999	-999	17.39661533
19-08-2009	14.4	2.382	22.648338	14.41	11.97	-999	-999	-999	17.68628367
20-08-2009	0.2	2.123	21.2499	14.85	10.58	-999	-999	-999	17.733091
21-08-2009	0	3.018	21.666456	14.57	15.3	-999	-999	-999	17.855097
22-08-2009	0	3.89	23.253336	13.9	19.95	-999	-999	-999	17.78565333
23-08-2009	0	2.41	21.487932	13.48	12.14	-999	-999	-999	17.59573833
24-08-2009	0	3.358	22.311126	12.63	17.29	-999	-999	-999	17.277295
25-08-2009	0	3.824	23.43186	12.57	19.56	-999	-999	-999	17.895382
26-08-2009	0	2.594	21.329244	13.73	13.25	-999	-999	-999	17.08431067
27-08-2009	0	2.076	21.031704	13.87	10.42	-999	-999	-999	17.30223333
28-08-2009	0	2.627	22.321044	13.2	13.28	-999	-999	-999	17.64945167
29-08-2009	0	3.761	22.7376	13.68	19.19	-999	-999	-999	18.00165767
30-08-2009	0	2.96	22.568994	12.56	15.15	-999	-999	-999	17.304919
31-08-2009	0	3.755	22.797108	12.8	19.24	-999	-999	-999	17.767621
01-09-2009	0	3.102	24.52284	13	15.75	-999	-999	-999	17.83629733
02-09-2009	10.2	2.902	23.67981	13.93	14.68	-999	-999	-999	17.88694133
03-09-2009	1.2	2.371	22.350798	14.57	11.85	-999	-999	-999	17.95254833
04-09-2009	0	2.227	21.408588	14.15	11.16	-999	-999	-999	17.62221133
05-09-2009	0	4.209	23.164074	12.25	21.84	-999	-999	-999	17.29724567
06-09-2009	0	4.22	23.08473	13.39	21.67	-999	-999	-999	17.86161933
07-09-2009	0	3.492	24.036858	13.47	17.92	-999	-999	-999	17.533968
08-09-2009	0	3.819	23.689728	13.67	19.55	-999	-999	-999	17.85548067
09-09-2009	0	4.635	23.491368	13.12	23.91	-999	-999	-999	17.76800467
10-09-2009	0	4.009	23.094648	12.93	20.66	-999	-999	-999	17.57732233
11-09-2009	0	2.86	21.99375	13.04	14.72	-999	-999	-999	16.946958
12-09-2009	0	4.829	22.98555	12.02	25.1	-999	-999	-999	17.43114533
13-09-2009	0	4.574	22.717764	13.71	23.44	-999	-999	-999	18.109468
14-09-2009	0	4.87	23.08473	13.72	24.93	-999	-999	-999	18.263702
15-09-2009	0	3.809	23.392188	13.55	19.39	-999	-999	-999	18.147451
16-09-2009	0	3.185	22.529322	14.45	16.09	-999	-999	-999	18.17929533
17-09-2009	0	2.608	21.29949	13.46	13.24	-999	-999	-999	17.41349667
18-09-2009	0	4.425	24.800544	14.31	22.41	-999	-999	-999	18.70376767
19-09-2009	0	2.899	22.370634	14.18	14.61	-999	-999	-999	18.080693
20-09-2009	0.6	2.717	24.106284	13.94	13.51	-999	-999	-999	18.632022
21-09-2009	0	4.108	23.610384	14.97	20.7	-999	-999	-999	18.84802633
22-09-2009	0	3.079	23.164074	14.26	15.49	-999	-999	-999	18.31166033
23-09-2009	0	3.595	23.253336	13.48	18.2	-999	-999	-999	18.325856
24-09-2009	0	3.296	24.096366	14.5	16.42	-999	-999	-999	19.01108467
25-09-2009	1.6	2.064	22.78719	15.19	10.11	-999	-999	-999	18.562962
26-09-2009	6.2	2.249	22.360716	15	11.07	-999	-999	-999	18.59135333
27-09-2009	0	2.21	21.606948	14.45	11.06	-999	-999	-999	17.66786767
28-09-2009	0	2.346	21.339162	12.92	12	-999	-999	-999	16.71483967
29-09-2009	0	3.919	23.352516	13.28	20.21	-999	-999	-999	17.499438
30-09-2009	0	3.436	22.63842	11.73	17.9	-999	-999	-999	16.72673333
01-10-2009	0	4.359	23.243418	13.78	22.43	-999	-999	-999	17.80867333
02-10-2009	0	2.805	21.874734	12.37	14.41	-999	-999	-999	16.979186
03-10-2009	0	3.317	23.28309	13.64	16.95	-999	-999	-999	17.655974
04-10-2009	0.2	2.629	22.19211	12.88	13.4	-999	-999	-999	17.22511633
05-10-2009	0	3.966	24.393906	14.05	19.96	-999	-999	-999	18.84802633
06-10-2009	0	4.102	25.732836	15.16	20.38	-999	-999	-999	19.63722867
07-10-2009	0	2.574	24.215382	15.63	12.5	-999	-999	-999	19.76192033
08-10-2009	0	2.711	24.780708	16.01	13.21	-999	-999	-999	19.73429633
09-10-2009	0.2	2.28	23.074812	15.81	11.12	-999	-999	-999	19.145368
10-10-2009	0.8	2.356	22.906206	14.86	11.63	-999	-999	-999	18.585982
11-10-2009	1.6	3.378	24.810462	14.2	16.89	-999	-999	-999	18.87066267
12-10-2009	0.4	2.75	24.592266	14.59	13.74	-999	-999	-999	18.40604233
13-10-2009	0	3.315	23.501286	14.44	16.63	-999	-999	-999	18.65274
14-10-2009	0	4.477	26.198982	14.87	22.25	-999	-999	-999	19.788777
15-10-2009	8.2	1.865	24.344316	14.61	9.04	-999	-999	-999	18.70261667
16-10-2009	0.2	2.973	24.503004	14.99	14.76	-999	-999	-999	18.962359
17-10-2009	2.2	2.441	24.185628	14.53	12.17	-999	-999	-999	18.17929533
18-10-2009	0	4.346	23.640138	14.7	21.87	-999	-999	-999	19.03065167
19-10-2009	1.8	2.868	23.769072	14.96	14.08	-999	-999	-999	19.48146
20-10-2009	0	4.35	26.35767	15.33	21.57	-999	-999	-999	19.864743
21-10-2009	0	4.29	25.336116	14.95	21.23	-999	-999	-999	19.94914967
22-10-2009	0	4.72	26.466768	16.08	23.17	-999	-999	-999	20.59294233
23-10-2009	0	3.288	25.385706	16.05	16	-999	-999	-999	20.32936333
24-10-2009	0	2.755	24.185628	17.09	13.34	-999	-999	-999	20.14635433
25-10-2009	0	2.938	24.235218	15.24	14.35	-999	-999	-999	19.84133933
26-10-2009	0	2.417	23.808744	16.53	11.64	-999	-999	-999	20.04122967
27-10-2009	0	2.557	23.144238	15.1	12.6	-999	-999	-999	18.93320033
28-10-2009	0	4.609	25.504722	14.54	22.92	-999	-999	-999	19.79875233
29-10-2009	0.2	4.923	24.909642	16.61	24.39	-999	-999	-999	20.12985667
30-10-2009	0	3.978	27.032094	16.23	19.53	-999	-999	-999	20.25800133
31-10-2009	0	3.103	25.058412	16.51	15.05	-999	-999	-999	20.381542
01-11-2009	3.2	3.058	25.445214	16.62	14.81	-999	-999	-999	20.42681467
02-11-2009	0	3.23	26.466768	17.03	15.59	-999	-999	-999	20.75715167
03-11-2009	8	2.456	24.284808	16.21	11.87	-999	-999	-999	19.88124067
04-11-2009	0.2	4.502	26.238654	15.96	22.31	-999	-999	-999	19.96679833
05-11-2009	0.8	4.904	26.228736	16.91	23.76	-999	-999	-999	21.44928633
06-11-2009	41.8	1.12	23.87817	17.94	4.96	-999	-999	-999	20.67005933
07-11-2009	95.6	0.878	22.162356	17.39	3.81	-999	-999	-999	19.66753833
08-11-2009	0	5.295	23.788908	14.41	26.6	-999	-999	-999	19.44654633
09-11-2009	0	4.523	23.858334	14.31	22.85	-999	-999	-999	18.88102167
10-11-2009	0	4.877	26.913078	14.8	23.97	-999	-999	-999	20.58028133
11-11-2009	0.6	2.439	24.641856	16.77	11.7	-999	-999	-999	20.29329867
12-11-2009	0	4.679	25.276608	16.59	22.79	-999	-999	-999	21.038763
13-11-2009	0	3.057	25.108002	16.71	14.79	-999	-999	-999	20.487434
14-11-2009	0.4	2.455	24.066612	16.86	11.8	-999	-999	-999	20.19316167
15-11-2009	0	4.11	24.532758	16.01	20.15	-999	-999	-999	20.41415367
16-11-2009	0	3.862	25.722918	15.9	18.97	-999	-999	-999	20.17244367
17-11-2009	0	3.499	25.951032	16.25	17.01	-999	-999	-999	20.55265733
18-11-2009	3	4.326	26.030376	16.46	21.24	-999	-999	-999	20.42451267
19-11-2009	0	2.296	24.800544	17.36	10.97	-999	-999	-999	20.286009
20-11-2009	0	4.483	25.524558	16.62	21.82	-999	-999	-999	21.00039633
21-11-2009	0	4.044	24.899724	14.61	19.86	-999	-999	-999	20.27718467
22-11-2009	0	3.698	24.284808	13.39	18.79	-999	-999	-999	18.195793
23-11-2009	0	2.648	23.13432	15.3	13.03	-999	-999	-999	19.12503367
24-11-2009	0	5.613	26.437014	14.19	27.82	-999	-999	-999	20.315935
25-11-2009	0	2.279	24.741036	16.26	10.89	-999	-999	-999	20.254932
26-11-2009	0	2.783	25.653492	16.74	13.37	-999	-999	-999	20.61097467
27-11-2009	0	2.487	25.246854	16.89	11.84	-999	-999	-999	20.79168167
28-11-2009	0	4.864	25.802262	18.52	23.5	-999	-999	-999	21.59316133
29-11-2009	0	3.714	26.218818	17.94	17.82	-999	-999	-999	21.46194733
30-11-2009	0.2	3.855	27.825534	16.72	18.61	-999	-999	-999	21.17534833
01-12-2009	1.8	3.078	25.306362	16.43	14.91	-999	-999	-999	20.42604733
02-12-2009	0.2	2.507	24.850134	16.78	11.96	-999	-999	-999	20.68617333
03-12-2009	0	3.132	25.405542	17.66	14.89	-999	-999	-999	21.57129233
04-12-2009	0	3.301	26.744472	18.14	15.5	-999	-999	-999	22.47444367
05-12-2009	0	4.037	27.577584	19.03	19.1	-999	-999	-999	22.510892
06-12-2009	20.4	1.984	25.901442	19.19	9.16	-999	-999	-999	21.68370667
07-12-2009	0.2	3.162	25.524558	19.13	14.99	-999	-999	-999	21.77233367
08-12-2009	14.2	3.3	26.06013	19.7	15.67	-999	-999	-999	21.78844767
09-12-2009	52.2	2.004	25.038576	18.57	9.3	-999	-999	-999	21.41552367
10-12-2009	0.6	3.056	25.703082	18.9	14.44	-999	-999	-999	21.873238
11-12-2009	1.8	2.321	24.661692	17.25	10.95	-999	-999	-999	21.062934
12-12-2009	0	4.945	26.248572	16.88	23.94	-999	-999	-999	21.509522
13-12-2009	0	3.937	26.982504	17.01	18.87	-999	-999	-999	21.653397
14-12-2009	0	5.541	25.931196	16.59	26.89	-999	-999	-999	21.54827233
15-12-2009	0	4.377	26.764308	17	21.01	-999	-999	-999	21.79305167
16-12-2009	0	4.594	27.74619	17.46	21.95	-999	-999	-999	22.170196
17-12-2009	0.4	2.695	27.180864	18.14	12.65	-999	-999	-999	21.890503
18-12-2009	0	5.556	28.004058	18.65	26.32	-999	-999	-999	23.05262933
19-12-2009	0	3.136	27.924714	18.98	14.61	-999	-999	-999	22.797491
20-12-2009	2	3.743	26.427096	17.79	17.85	-999	-999	-999	21.84024267
21-12-2009	9.8	2.917	25.782426	18.42	13.73	-999	-999	-999	21.95687733
22-12-2009	0	3.639	27.29988	17.68	17.41	-999	-999	-999	21.58280233
23-12-2009	0	3.995	27.309798	17.39	19.13	-999	-999	-999	21.74048933
24-12-2009	0	4.211	26.65521	17.42	20.14	-999	-999	-999	21.92886967
25-12-2009	0.2	3.721	26.675046	17.31	17.79	-999	-999	-999	21.67488233
26-12-2009	2	3.194	27.220536	17.19	15.31	-999	-999	-999	21.14849167
27-12-2009	0	4.732	28.728072	17.32	22.74	-999	-999	-999	21.877842
28-12-2009	0	4.226	27.408978	18.02	20.17	-999	-999	-999	22.07121
29-12-2009	3.4	4.719	28.747908	17.91	22.27	-999	-999	-999	22.989708
30-12-2009	6.8	3.56	28.380942	20.92	16.48	-999	-999	-999	23.56712633
31-12-2009	4	4.985	28.678482	20.53	23.33	-999	-999	-999	23.62774567
01-01-2010	2.8	2.805	27.289962	19.52	13.04	-999	-999	-999	22.581103
02-01-2010	0	5.414	27.379224	17.95	25.82	-999	-999	-999	22.58724167
03-01-2010	27	3.409	28.529712	19.31	15.91	-999	-999	-999	22.93484367
04-01-2010	1.8	2.462	26.585784	20.58	11.34	-999	-999	-999	22.690448
05-01-2010	0	5.63	27.656928	20.76	26.42	-999	-999	-999	23.68414467
06-01-2010	0.8	5.376	29.352906	20.91	25.18	-999	-999	-999	23.72596433
07-01-2010	2	1.92	25.494804	20.52	8.71	-999	-999	-999	22.563838
08-01-2010	0.4	2.036	26.268408	20.07	9.27	-999	-999	-999	22.61946967
09-01-2010	3.6	2.084	25.742754	20.34	9.55	-999	-999	-999	22.341695
10-01-2010	5.2	1.913	27.49824	20.36	8.65	-999	-999	-999	22.72305967
11-01-2010	0.4	1.552	25.832016	20.03	6.92	-999	-999	-999	22.43454233
12-01-2010	0.4	1.782	26.665128	19.9	8.02	-999	-999	-999	22.666277
13-01-2010	0.2	2.482	27.458568	19.81	11.4	-999	-999	-999	22.904534
14-01-2010	0.2	3.367	27.369306	20.53	15.56	-999	-999	-999	23.51840067
15-01-2010	0	2.832	28.579302	21.45	12.87	-999	-999	-999	24.04018733
16-01-2010	36.4	3.524	28.579302	21.13	16.33	-999	-999	-999	23.47389533
17-01-2010	11	1.996	24.998904	18.39	9.13	-999	-999	-999	22.24079067
18-01-2010	0	6.173	26.565948	17.2	29.92	-999	-999	-999	21.78422733
19-01-2010	0	4.84	26.744472	17.89	23.27	-999	-999	-999	21.89433967
20-01-2010	0	6.255	27.74619	18.54	29.98	-999	-999	-999	22.50014933
21-01-2010	0	4.677	27.54783	18.54	22.13	-999	-999	-999	22.81513967
22-01-2010	2.2	3.883	27.924714	19.26	18.23	-999	-999	-999	22.90031367
23-01-2010	0	5.246	29.352906	19.23	24.7	-999	-999	-999	23.34383233
24-01-2010	20.6	3.279	28.866924	19.15	15.35	-999	-999	-999	22.64671
25-01-2010	0.2	3.102	27.032094	19.31	14.47	-999	-999	-999	22.701958
26-01-2010	0.4	3.262	27.00234	20	15.15	-999	-999	-999	23.11017933
27-01-2010	3.6	3.382	28.09332	19.03	15.68	-999	-999	-999	23.315441
28-01-2010	0	4.571	27.736272	19.64	21.51	-999	-999	-999	23.110563
29-01-2010	0	5.512	27.736272	19.32	26.18	-999	-999	-999	22.87691
30-01-2010	0	5.445	28.499958	17.45	26.02	-999	-999	-999	22.467154
31-01-2010	0	4.837	29.759544	18.32	22.78	-999	-999	-999	23.173868
01-02-2010	0	3.784	28.311516	19.28	17.58	-999	-999	-999	23.49346233
02-02-2010	34.8	4.838	29.313234	19.9	22.63	-999	-999	-999	23.60280733
03-02-2010	13.2	4.263	28.013976	21.95	19.62	-999	-999	-999	24.381267
04-02-2010	152	4.706	29.214054	20.47	21.97	-999	-999	-999	23.6711
05-02-2010	0.2	5.047	27.319716	19.13	23.84	-999	-999	-999	23.06874333
06-02-2010	0	5.34	28.78758	18.12	25.35	-999	-999	-999	22.84660033
07-02-2010	8.6	2.951	28.896678	19.28	13.66	-999	-999	-999	23.008124
08-02-2010	0.2	2.921	28.658646	20.55	13.43	-999	-999	-999	23.40637
09-02-2010	3.4	3.598	29.521512	20.34	16.67	-999	-999	-999	23.53489833
10-02-2010	0	2.773	27.389142	19.05	12.85	-999	-999	-999	22.74531233
11-02-2010	0.4	4.682	30.136428	18.59	21.95	-999	-999	-999	23.40099867
12-02-2010	9.2	2.957	28.202418	21.15	13.59	-999	-999	-999	23.46583833
13-02-2010	9	2.882	28.24209	20.39	13.23	-999	-999	-999	23.458165
14-02-2010	0	5.333	29.92815	20.02	24.85	-999	-999	-999	24.037118
15-02-2010	1.6	2.787	28.073484	18.99	12.92	-999	-999	-999	22.74032467
16-02-2010	7.6	2.956	27.785862	19.03	13.78	-999	-999	-999	22.58302133
17-02-2010	0	4.165	29.273562	18.96	19.57	-999	-999	-999	23.00543833
18-02-2010	0.2	3.74	28.876842	18.69	17.55	-999	-999	-999	22.837776
19-02-2010	1.6	4.941	29.03553	18.16	23.4	-999	-999	-999	22.85542467
20-02-2010	0.8	2.753	28.023894	18.62	12.83	-999	-999	-999	22.38696767
21-02-2010	0	4.56	30.067002	18.37	21.65	-999	-999	-999	22.54849133
22-02-2010	0.2	3.479	29.660364	17.02	16.37	-999	-999	-999	22.48825567
23-02-2010	0.2	5.27	28.44045	19.25	24.98	-999	-999	-999	22.918346
24-02-2010	0	3.757	28.053648	19.91	17.55	-999	-999	-999	23.135885
25-02-2010	1	4.509	31.524948	18.12	20.96	-999	-999	-999	23.86753733
26-02-2010	0.6	2.838	28.132992	19.63	13.06	-999	-999	-999	23.250985
27-02-2010	0	2.987	29.471922	19.17	13.8	-999	-999	-999	23.186529
28-02-2010	3.8	2.285	28.232172	18.66	10.49	-999	-999	-999	22.62215533
01-03-2010	1.6	2.526	28.817334	18.96	11.61	-999	-999	-999	22.91335833
02-03-2010	0.4	3.031	30.394296	19.33	14.01	-999	-999	-999	23.20225933
03-03-2010	15.8	2.41	26.932914	19.67	11.16	-999	-999	-999	22.28452867
04-03-2010	7	2.59	27.170946	20.02	12.04	-999	-999	-999	22.31944233
05-03-2010	11.8	1.561	27.656928	20.34	6.99	-999	-999	-999	22.230048
06-03-2010	5	3.706	29.511594	19.78	17.3	-999	-999	-999	23.134734
07-03-2010	40.4	0.692	25.256772	19.65	2.75	-999	-999	-999	21.52601967
08-03-2010	0.6	3.336	30.681918	20	15.37	-999	-999	-999	23.67647133
09-03-2010	0.8	4.31	30.731508	19.74	19.92	-999	-999	-999	24.137255
10-03-2010	5.2	1.42	26.883324	19.65	6.25	-999	-999	-999	22.65054667
11-03-2010	0	5.024	29.908314	18.47	23.71	-999	-999	-999	23.119771
12-03-2010	0	2.53	27.64701	16.41	11.95	-999	-999	-999	21.29620333
13-03-2010	0	3.874	28.232172	17.31	18.54	-999	-999	-999	21.71823667
14-03-2010	0	3.854	29.164464	17.61	18.17	-999	-999	-999	22.61755133
15-03-2010	0	2.978	29.055366	18.53	13.86	-999	-999	-999	22.707713
16-03-2010	0	3.999	31.584456	17.75	18.76	-999	-999	-999	23.00774033
17-03-2010	49.8	0.985	26.476686	18.35	4.2	-999	-999	-999	21.64495633
18-03-2010	35.2	1.987	27.537912	20.63	8.93	-999	-999	-999	23.27247033
19-03-2010	0	4.179	29.957904	21.19	19.36	-999	-999	-999	23.90782233
20-03-2010	8.6	1.448	26.55603	19.83	6.41	-999	-999	-999	22.42763633
21-03-2010	0	5.282	27.964386	18.49	25.03	-999	-999	-999	22.948272
22-03-2010	0.2	3.102	28.926432	18.34	14.5	-999	-999	-999	22.55961767
23-03-2010	5.8	3.179	26.684964	18.78	14.97	-999	-999	-999	22.18707733
24-03-2010	0	4.213	27.54783	19.27	19.85	-999	-999	-999	22.857343
25-03-2010	0	4.383	27.666846	18.09	20.74	-999	-999	-999	22.682391
26-03-2010	0	2.468	27.25029	19.44	11.37	-999	-999	-999	22.69697033
27-03-2010	0	2.688	26.645292	17.86	12.63	-999	-999	-999	21.80110867
28-03-2010	0	2.874	27.339552	17.18	13.62	-999	-999	-999	21.510673
29-03-2010	0	3.401	28.162746	17.2	16.25	-999	-999	-999	21.48803667
30-03-2010	34	1.825	26.288244	17.69	8.46	-999	-999	-999	21.06139933
31-03-2010	0	3.306	26.883324	17.54	15.82	-999	-999	-999	21.33418633
01-04-2010	0	4.673	27.825534	15.7	22.46	-999	-999	-999	21.83794067
02-04-2010	0	4.183	27.458568	17.86	19.87	-999	-999	-999	22.34131133
03-04-2010	0	4.022	28.470204	17.93	19.14	-999	-999	-999	22.144874
04-04-2010	0	4.379	28.162746	16.81	21.01	-999	-999	-999	21.826047
05-04-2010	4	2.973	26.80398	17.7	14.07	-999	-999	-999	21.69061267
06-04-2010	1.2	2.52	26.377506	16.51	12.01	-999	-999	-999	20.77364933
07-04-2010	0	4.369	27.240372	17.74	20.95	-999	-999	-999	21.85750767
08-04-2010	0	3.866	26.615538	16.65	18.71	-999	-999	-999	21.04298333
09-04-2010	0	3.846	27.666846	15.2	18.59	-999	-999	-999	21.105521
10-04-2010	0	2.863	27.170946	17.63	13.63	-999	-999	-999	21.23942067
11-04-2010	0	4.135	27.022176	15.61	20.14	-999	-999	-999	20.80702833
12-04-2010	0	4.36	28.113156	15.7	21.09	-999	-999	-999	21.32344367
13-04-2010	0	3.384	27.091602	16.39	16.31	-999	-999	-999	20.97469067
14-04-2010	0	2.939	26.377506	16.96	14.11	-999	-999	-999	20.82275867
15-04-2010	0	2.686	26.85	15.39	13.03	-999	-999	-999	19.95
16-04-2010	0	2.274	25.63	14.59	11.01	-999	-999	-999	19.52
17-04-2010	0	3.144	26.3	14.67	15.31	-999	-999	-999	20.19
18-04-2010	0	2.731	26.02	15.89	13.11	-999	-999	-999	20.6
19-04-2010	0	3.915	27.02	16.62	19.02	-999	-999	-999	20.84
20-04-2010	0	4.1	27.51	16.11	19.55	-999	-999	-999	22.06
21-04-2010	0	3.14	27.08	16.65	14.96	-999	-999	-999	21.45
22-04-2010	0.2	3.651	28.26	18.02	17.26	-999	-999	-999	22.32
23-04-2010	0	3.124	26.98	17.54	14.86	-999	-999	-999	21.53
24-04-2010	0	4.321	27.86	15.8	20.92	-999	-999	-999	21.25
25-04-2010	7.2	2.416	27.36	15.62	11.69	-999	-999	-999	19.76
26-04-2010	0.2	2.72	27.95	14.91	13.19	-999	-999	-999	20.02
27-04-2010	0	3.874	27.86	16.53	18.6	-999	-999	-999	21.52
28-04-2010	0	3.136	26.81	17.49	14.93	-999	-999	-999	21.49
29-04-2010	0.2	3.383	26.95	17.47	16.25	-999	-999	-999	21.16
30-04-2010	0	3.402	26.88	17.54	16.29	-999	-999	-999	21.37
01-05-2010	0.2	3.446	28.12	16.71	16.28	-999	-999	-999	22.22
02-05-2010	33.2	1.152	24.18	18.09	5.05	-999	-999	-999	21.42
03-05-2010	0.8	2.384	26.67	17.77	11.22	-999	-999	-999	21.29
04-05-2010	0.2	2.759	26.92	17.35	13.01	-999	-999	-999	21.68
05-05-2010	44.2	1.821	27.32	18.27	8.36	-999	-999	-999	21.62
06-05-2010	0	2.614	26.50628	16.16665	12.46	-999	-999	-999	20.8839
07-05-2010	0	2.988	26.59711	17.14045	14.440424	-999	-999	-999	20.4724
08-05-2010	0	3.891	27.41458	16.7347	18.781628	-999	-999	-999	21.2131
09-05-2010	0	3.073	27.23292	16.32895	14.87356	-999	-999	-999	20.4724
10-05-2010	0	3.318	26.05213	16.81585	16.113904	-999	-999	-999	20.4724
11-05-2010	0	2.411	26.32462	16.97815	11.536444	-999	-999	-999	20.3901
12-05-2010	0	3.69	27.14209	16.2478	17.846448	-999	-999	-999	20.9662
13-05-2010	0	2.699	26.8696	17.14045	13.05242	-999	-999	-999	20.1432
14-05-2010	0	3.816	24.50802	15.274	18.771784	-999	-999	-999	20.0609
15-05-2010	0	3.972	24.05387	15.1117	19.913688	-999	-999	-999	19.0733
16-05-2010	0	3.059	24.59885	16.5724	15.129504	-999	-999	-999	19.2379
17-05-2010	0	3.431	27.32375	17.30275	16.615948	-999	-999	-999	20.7193
18-05-2010	0	3.114	26.68794	17.78965	14.893248	-999	-999	-999	21.2131
19-05-2010	23.2	2.77	26.68794	16.97815	13.170548	-999	-999	-999	21.2131
20-05-2010	10	2.867	26.32462	16.4101	13.810408	-999	-999	-999	20.5547
21-05-2010	6.8	2.845	25.87047	16.65355	13.899004	-999	-999	-999	19.7317
22-05-2010	7.8	2.342	25.9613	15.5986	11.250968	-999	-999	-999	20.0609
23-05-2010	0	3	25.23466	15.19285	14.735744	-999	-999	-999	19.5671
24-05-2010	0.4	3.068	25.59798	16.32895	15.040908	-999	-999	-999	19.7317
25-05-2010	0	2.741	25.59798	15.7609	13.308364	-999	-999	-999	19.9786
26-05-2010	11.8	2.682	26.50628	17.0593	13.022888	-999	-999	-999	19.8963
27-05-2010	5.2	3.616	26.96043	16.4101	17.452688	-999	-999	-999	21.0485
28-05-2010	71.6	2.56	26.55	17	11.97890549	-999	-999	-999	21.89
29-05-2010	0	3.113	25.19	16.27	15.10218545	-999	-999	-999	20.37
30-05-2010	0.2	2.568	26.1	17.18	12.21420594	-999	-999	-999	20.95
31-05-2010	0	2.984	25.54	16.55	14.34586165	-999	-999	-999	20.79
01-06-2010	0	2.846	25.47	15.76	13.80792183	-999	-999	-999	20.12
02-06-2010	0	3.157	24.88	14.45	15.57311844	-999	-999	-999	19.47
03-06-2010	51	2.778	26.49	16.66	13.15134852	-999	-999	-999	21.46
04-06-2010	12.8	3.543	24.98	16.77	17.21659207	-999	-999	-999	20.6
05-06-2010	0	3.654	24.55	13.89	18.21838314	-999	-999	-999	19.21
06-06-2010	0	3.314	24.46	12.38	16.61503812	-999	-999	-999	18.69
07-06-2010	0	3.323	24.51	15	16.59425963	-999	-999	-999	18.91
08-06-2010	0	2.133	23.66	13.99	10.60112501	-999	-999	-999	17.91
09-06-2010	0	2.629	23.96	13.29	13.09826981	-999	-999	-999	18.43
10-06-2010	0	1.918	22.94	14.31	9.403876842	-999	-999	-999	18.22
11-06-2010	0	1.611	22.6	15.04	7.6810567	-999	-999	-999	18.93
12-06-2010	0	2.081	23.62	15.25	10.12379612	-999	-999	-999	18.95
13-06-2010	0	1.995	24	13.56	9.851670238	-999	-999	-999	18
14-06-2010	0	3.562	24.6	12.43	18.01225066	-999	-999	-999	18.37
15-06-2010	0	2.877	23.63	12.88	14.48268541	-999	-999	-999	18.11
16-06-2010	0	2.079	23.33	14.7	10.16727361	-999	-999	-999	18.65
17-06-2010	0	3.697	24.41	14.09	18.49	-999	-999	-999	19.06
18-06-2010	0	3.531	24.9	14.23	17.55	-999	-999	-999	19.31
19-06-2010	0	3.194	24.18	13.83	15.86	-999	-999	-999	19.13
20-06-2010	0	3.27	23.85	14.32	16.4	-999	-999	-999	18.64
21-06-2010	0	2.528	23.72	13.67	12.63	-999	-999	-999	18.16
22-06-2010	0.4	2.119	23.54	15.13	10.31	-999	-999	-999	19
23-06-2010	0	2.336	23.91	14.29	11.57	-999	-999	-999	18.39
24-06-2010	0	2.362	24.21	14.04	11.61	-999	-999	-999	18.84
25-06-2010	0.8	1.718	23.97	15.94	8.16	-999	-999	-999	19.45
26-06-2010	0	2.345	24.35	14.75	11.43	-999	-999	-999	19.26
27-06-2010	0	3.299	23.42	13.22	16.67	-999	-999	-999	18.25
28-06-2010	0	3.509	24.63	13.1	17.71	-999	-999	-999	18.44
29-06-2010	0.2	2.399	23.07	13.98	12.04	-999	-999	-999	17.78
30-06-2010	0	2.655	21.72	13.02	13.68	-999	-999	-999	16.69
01-07-2010	0	1.951	21.28	12.69	9.92	-999	-999	-999	16.42
02-07-2010	0	2.383	22.39	12.37	12.28	-999	-999	-999	16.39
03-07-2010	0	3.012	22.93	12.44	15.61	-999	-999	-999	16.7
04-07-2010	0	2.994	22.64	12.26	15.65	-999	-999	-999	16.26
05-07-2010	0	2.894	22.44	12.56	14.89	-999	-999	-999	16.98
06-07-2010	0	2.961	22.85	12.39	15.25	-999	-999	-999	16.99
07-07-2010	0	3.567	22.99	12.08	18.46	-999	-999	-999	17.14
08-07-2010	0.2	2.438	23.4	13.68	12.27	-999	-999	-999	17.68
09-07-2010	0	1.855	21.27	12.36	9.34	-999	-999	-999	16.74
10-07-2010	5	1.271	21.14	14.01	6.13	-999	-999	-999	17.15
11-07-2010	0	2.459	22.37	13.47	12.41	-999	-999	-999	17.56
12-07-2010	0	3.115	23.42	12.89	15.93	-999	-999	-999	17.48
13-07-2010	0	3.562	22.99	11.55	18.4	-999	-999	-999	17.23
14-07-2010	0	2.3	24.83	13.86	11.38	-999	-999	-999	18.39
15-07-2010	0	2.516	24.1	15.96	12.31	-999	-999	-999	19.28
16-07-2010	0	2.113	23.17	14.47	10.41	-999	-999	-999	18.33
17-07-2010	0	2.694	24.48	14.19	13.42	-999	-999	-999	18.51
18-07-2010	0.4	1.733	22.52	14.38	8.44	-999	-999	-999	18.17
19-07-2010	0	3.716	24.52	13.46	18.8	-999	-999	-999	18.44
20-07-2010	0.6	3.668	24.07	13.03	18.66	-999	-999	-999	18.1
21-07-2010	0.8	2.022	22.81	13.67	10.02	-999	-999	-999	17.87
22-07-2010	0	3.132	23.73	13.89	15.9	-999	-999	-999	17.88
23-07-2010	0	3.181	23.15	12.33	16.35	-999	-999	-999	17.25
24-07-2010	0	2.441	21.8	13.27	12.44	-999	-999	-999	17.02
25-07-2010	0	2.213	21.66	12.97	11.24	-999	-999	-999	16.9
26-07-2010	4.6	3.233	21.32	12.18	16.85	-999	-999	-999	16.57
27-07-2010	0	2.896	21.84	12.54	15.04	-999	-999	-999	16.5
28-07-2010	0	3.559	22.67	11.94	18.63	-999	-999	-999	16.55
29-07-2010	0	1.581	19.74	13.39	7.85	-999	-999	-999	16.79
30-07-2010	0	3.719	23.35	13.23	18.75	-999	-999	-999	18.63
31-07-2010	0	3.466	23.97	12.98	17.69	-999	-999	-999	17.81
01-08-2010	0	2.337	21.27	12.08	12.04	-999	-999	-999	16.36
02-08-2010	0	2.525	21.97	12.05	13.11	-999	-999	-999	16.18
03-08-2010	0.4	3.216	21.79	11.92	16.9	-999	-999	-999	16.15
04-08-2010	0	2.204	20.78	11.99	11.4	-999	-999	-999	15.97
05-08-2010	0.2	2.499	21.9	12.37	12.93	-999	-999	-999	16.32
06-08-2010	0	3.449	22.49	12.66	17.85	-999	-999	-999	17.07
07-08-2010	0	3.347	23.36	11.89	17.34	-999	-999	-999	16.95
08-08-2010	0	3.465	23.61	13.09	17.78	-999	-999	-999	17.53
09-08-2010	0	3.222	23.26	12.79	16.54	-999	-999	-999	17.35
10-08-2010	1.2	1.607	20.8	14.44	7.85	-999	-999	-999	17.66
11-08-2010	0.4	1.776	22.06	13.2	8.84	-999	-999	-999	17.14
12-08-2010	2.4	1.641	20.05	14.64	8.14	-999	-999	-999	16.98
13-08-2010	1	1.725	21.25	13.97	8.54	-999	-999	-999	17.29
14-08-2010	1.2	1.265	18.83	14.04	6.16	-999	-999	-999	16.64
15-08-2010	0.2	2.932	22.65	13.6	14.94	-999	-999	-999	17.53
16-08-2010	0	2.571	22.24	13.16	13	-999	-999	-999	17.58
17-08-2010	0.8	3.04	22.94	13.54	15.44	-999	-999	-999	17.78
18-08-2010	0	3.12	23.2	13.89	15.75	-999	-999	-999	18.16
19-08-2010	0	3.851	23.62	14.08	19.44	-999	-999	-999	18.63
20-08-2010	1	2.827	22.71	14.24	14.14	-999	-999	-999	18.41
21-08-2010	0.2	2.67	23.73	15.02	13.32	-999	-999	-999	18.4
22-08-2010	0.2	2.866	23.25	14.35	14.38	-999	-999	-999	18.28
23-08-2010	0	2.153	23.33	14.87	10.63	-999	-999	-999	18.28
24-08-2010	0	3.334	23.42	14.36	16.88	-999	-999	-999	18.16
25-08-2010	0	2.871	23.66	14.66	14.36	-999	-999	-999	18.45
26-08-2010	0	2.962	23.21	14.11	15.03	-999	-999	-999	17.77
27-08-2010	0	2.109	22.13	14.55	10.53	-999	-999	-999	17.63
28-08-2010	0	2.79	23.05	14.22	14.01	-999	-999	-999	18.16
29-08-2010	0	4.294	24.64	14.68	21.71	-999	-999	-999	18.74
30-08-2010	0	2.807	23.15	14.62	14.08	-999	-999	-999	18.24
31-08-2010	0	2.687	23.34	13.72	13.6	-999	-999	-999	17.64
01-09-2010	0	1.991	21.81	13.81	9.87	-999	-999	-999	17.8
02-09-2010	0	1.58	20.29	13.67	7.78	-999	-999	-999	17.21
03-09-2010	0.6	1.69	20.91	15.6	8.25	-999	-999	-999	17.93
04-09-2010	0	4.662	24.41	16.34	23.32	-999	-999	-999	19.49
05-09-2010	0	4.398	24.38	14.75	22.13	-999	-999	-999	19.05
06-09-2010	0	4.769	27.83	13.76	23.87	-999	-999	-999	19.49
07-09-2010	0	4.072	25.59	16.6	19.89	-999	-999	-999	20.6
08-09-2010	12.8	3.44	23.5	16.06	16.94	-999	-999	-999	19.77
09-09-2010	1.8	2.202	22.16	16.65	10.63	-999	-999	-999	19.58
10-09-2010	3.8	3.08	24.24	14.94	15.17	-999	-999	-999	19.48
11-09-2010	0	4.384	24.92	13.92	22.21	-999	-999	-999	18.67
12-09-2010	0.2	1.943	21.97	15.7	9.44	-999	-999	-999	18.76
13-09-2010	0	4.404	23.02	14.66	22.61	-999	-999	-999	17.95
14-09-2010	0	4.334	22.35	12.34	22.59	-999	-999	-999	17.12
15-09-2010	0	2.627	21.83	12.75	13.44	-999	-999	-999	17.03
16-09-2010	0	2.194	20.29	13.71	11.02	-999	-999	-999	17.44
17-09-2010	0	3.824	22.76	12.18	19.53	-999	-999	-999	17.98
18-09-2010	0	2.487	22.85	14.86	12.37	-999	-999	-999	18.35
19-09-2010	0	2.661	22.1	14.3	13.38	-999	-999	-999	17.98
20-09-2010	0	1.917	22.47	14.17	9.46	-999	-999	-999	17.88
21-09-2010	0	2.36	22.67	13.61	11.77	-999	-999	-999	18.05
22-09-2010	2.2	2.272	22.34	14.5	11.32	-999	-999	-999	17.99
23-09-2010	0	4.181	24.05	14.31	21.08	-999	-999	-999	18.85
24-09-2010	0.2	1.942	21.93	13.29	9.67	-999	-999	-999	17.46
25-09-2010	0	1.822	21.28	13.08	9.1	-999	-999	-999	17.08
26-09-2010	0	1.801	22.15	13.86	8.88	-999	-999	-999	17.67
27-09-2010	0	1.727	21.84	14.52	8.4	-999	-999	-999	18.2
28-09-2010	3	4.606	24.49	14.79	23.21	-999	-999	-999	19.05
29-09-2010	0	2.486	23.31	15.09	12.24	-999	-999	-999	18.9
30-09-2010	0	2.872	23.17	14.74	14.34	-999	-999	-999	18.56
01-10-2010	0	3.143	23.08	14.39	15.81	-999	-999	-999	18.37
02-10-2010	0	4.741	24.38	15.37	23.86	-999	-999	-999	19.17
03-10-2010	0	4.488	24.48	14.37	22.66	-999	-999	-999	18.9
04-10-2010	0	4.987	23.99	14.46	25.05	-999	-999	-999	19.36
05-10-2010	0	2.01	23.02	17.2	9.6	-999	-999	-999	19.81
06-10-2010	0.2	2.395	23.07	16.74	11.55	-999	-999	-999	19.92
07-10-2010	0	2.012	22.9	15.98	9.62	-999	-999	-999	19.75
08-10-2010	0	5.167	24.42	15.55	25.74	-999	-999	-999	19.89
09-10-2010	0	3.896	25.11	15.41	19.31	-999	-999	-999	19.68
10-10-2010	0	4.425	22	13.99	22.82	-999	-999	-999	17.71
11-10-2010	0	2.806	22.72	13.75	14.09	-999	-999	-999	18.18
12-10-2010	0	2.313	22.39	14.89	11.38	-999	-999	-999	18.7
13-10-2010	0	3.341	24.02	15.57	16.55	-999	-999	-999	19.37
14-10-2010	0	2.435	21.83	14.9	12.02	-999	-999	-999	18.69
15-10-2010	0.2	3.559	23.25	15.22	17.78	-999	-999	-999	19.04
16-10-2010	0	1.555	22.31	16.72	7.28	-999	-999	-999	19.72
17-10-2010	0	3.309	24.69	15.61	16.25	-999	-999	-999	19.83
18-10-2010	0	3.731	23.95	15.35	18.45	-999	-999	-999	19.71
19-10-2010	0.4	3.869	24.66	16.49	19.07	-999	-999	-999	19.98
20-10-2010	4.6	2.717	23.24	15.08	13.29	-999	-999	-999	19.52
21-10-2010	0	4.396	25.06	15.52	21.92	-999	-999	-999	19.56
22-10-2010	0	5.367	25.34	15.64	26.6	-999	-999	-999	20.24
23-10-2010	0	3.551	24	15.8	17.6	-999	-999	-999	19.47
24-10-2010	0	2.881	23.55	15.83	14.14	-999	-999	-999	19.51
25-10-2010	0	2.643	24.2	15.87	12.8	-999	-999	-999	20
26-10-2010	0	3.461	26.13	16.58	16.86	-999	-999	-999	20.4
27-10-2010	0.2	5.02	25.48	15.29	24.89	-999	-999	-999	20.12
28-10-2010	6.6	1.721	24.14	16.55	8.15	-999	-999	-999	19.6
29-10-2010	0.2	1.916	23.84	16.64	9.09	-999	-999	-999	19.98
30-10-2010	1.2	2.113	24.05	16.88	10.04	-999	-999	-999	20.3
31-10-2010	4.8	1.601	23.1	17.08	7.48	-999	-999	-999	19.99
01-11-2010	1.2	0.944	21.32	17.89	4.13	-999	-999	-999	19.92
02-11-2010	0	4.895	24.59	16.61	24.19	-999	-999	-999	20.27
03-11-2010	0.4	3.034	25.37	14.66	14.99	-999	-999	-999	19.28
04-11-2010	0	2.251	23.55	14.8	10.9	-999	-999	-999	19.47
05-11-2010	0	3.337	25.4	15.51	16.39	-999	-999	-999	19.85
06-11-2010	0	2.418	24.45	16.23	11.7	-999	-999	-999	19.76
07-11-2010	0	2.09	22.65	15.6	10.1	-999	-999	-999	19.31
08-11-2010	0	2.754	23.43	15.42	13.55	-999	-999	-999	19.25
09-11-2010	0	2.59	23.14	15.61	12.64	-999	-999	-999	19.52
10-11-2010	0	3.761	25.84	15.67	18.58	-999	-999	-999	19.79
11-11-2010	0.2	1.776	23.53	15.41	8.47	-999	-999	-999	19.38
12-11-2010	0.2	2.979	23.49	15.6	14.64	-999	-999	-999	19.52
13-11-2010	0	5.604	25.39	15.21	27.89	-999	-999	-999	20.07
14-11-2010	1.6	2.349	24.22	15.59	11.35	-999	-999	-999	19.76
15-11-2010	0	3.733	25.32	15.19	18.46	-999	-999	-999	19.72
16-11-2010	14	1.595	22.98	15.58	7.59	-999	-999	-999	18.98
17-11-2010	0	2.859	23.87	15.7	13.96	-999	-999	-999	19.78
18-11-2010	0	5.564	26.95	15.58	27.43	-999	-999	-999	20.61
19-11-2010	0	4.144	26.25	15.32	20.29	-999	-999	-999	20.5
20-11-2010	4.8	3.028	26.08	17.11	14.63	-999	-999	-999	20.53
21-11-2010	0.2	3.258	24.4	16.59	15.9	-999	-999	-999	20.14
22-11-2010	0	2.625	23.9	16.49	12.65	-999	-999	-999	20.27
23-11-2010	0	4.684	25.8	16.31	22.89	-999	-999	-999	20.85
24-11-2010	1.2	2.508	25.09	16.31	12.06	-999	-999	-999	20.23
25-11-2010	14.6	2.099	24.84	16.5	10.07	-999	-999	-999	19.74
26-11-2010	0	2.875	23.69	15.81	14.07	-999	-999	-999	19.66
27-11-2010	0.4	3.043	24.8	15.89	14.85	-999	-999	-999	19.98
28-11-2010	0	4.061	26.49	16.07	19.61	-999	-999	-999	21.28
29-11-2010	0	3.844	26.66	19.04	18.33	-999	-999	-999	21.92
30-11-2010	10.2	1.61	22.82	17.86	7.46	-999	-999	-999	20.49
01-12-2010	0.2	4.695	24.87	16.48	23.03	-999	-999	-999	20.63
02-12-2010	0	2.426	23.94	16.97	11.61	-999	-999	-999	20.39
03-12-2010	0	2.378	23.45	16.11	11.42	-999	-999	-999	20.14
04-12-2010	6	2.35	24.15	16.08	11.4	-999	-999	-999	19.52
05-12-2010	0	3.529	24.42	15.8	17.36	-999	-999	-999	19.88
06-12-2010	0	3.205	25.17	16.67	15.5	-999	-999	-999	20.63
07-12-2010	0	4.202	26.24	16.68	20.36	-999	-999	-999	21.15
08-12-2010	0.4	2.343	24.58	16.59	11.2	-999	-999	-999	20.34
09-12-2010	0	2.703	24.74	16.68	12.92	-999	-999	-999	20.82
10-12-2010	18.2	3.946	26.34	18.21	18.85	-999	-999	-999	21.87
11-12-2010	1.4	2.895	25.45	17.65	13.78	-999	-999	-999	21.27
12-12-2010	0.6	2.295	24.54	18.02	10.73	-999	-999	-999	21.53
13-12-2010	0	2.459	24.74	16.82	11.69	-999	-999	-999	20.82
14-12-2010	0	3.611	25.58	17.2	17.34	-999	-999	-999	21.34
15-12-2010	0.2	3.653	25.7	16.73	17.68	-999	-999	-999	20.91
16-12-2010	0.2	5.64	27.86	19.04	27.03	-999	-999	-999	22.35
17-12-2010	0	4.505	27.73	18.15	21.486	-999	-999	-999	22.25
18-12-2010	0.2	2.327	25.05	17.11	11.03	-999	-999	-999	20.81
19-12-2010	0	4.092	26.34	16.91	19.78	-999	-999	-999	21.23
20-12-2010	0	4.517	27.16	17.35	21.79	-999	-999	-999	21.56
21-12-2010	0	4.632	27.66	17.69	22.18	-999	-999	-999	22.06
22-12-2010	0	3.28	27.56	18.12	15.47	-999	-999	-999	22.19
23-12-2010	0	4.774	28.02	18.77	22.43475	-999	-999	-999	23.28
24-12-2010	0.6	2.633	27.82	19.17	12.18	-999	-999	-999	22.68
25-12-2010	0.6	3.61	27.47	18.248	17.04	-999	-999	-999	22.39
26-12-2010	0	4.882	26.78	17.57	23.34	-999	-999	-999	22.25
27-12-2010	0	3.841	27.11	18.02	18.32	-999	-999	-999	21.89
28-12-2010	0	3.008	25.63	17.65	14.25	-999	-999	-999	21.66
29-12-2010	0	3.377	26.35	17.68	16.02	-999	-999	-999	21.9
30-12-2010	0	2.609	25.78	17.88	12.25	-999	-999	-999	21.75
31-12-2010	0	3.764	27.41	17.81	17.96	-999	-999	-999	21.83
01-01-2011	0	2.822	26.11	16.97	13.46	-999	-999	-999	21.07
02-01-2011	0	2.511	25.88	17.52	11.8	-999	-999	-999	21.56
03-01-2011	0	3.53	27.09	17.96	16.76	-999	-999	-999	21.97
04-01-2011	1.8	3.46	26.85	17.6	16.55	-999	-999	-999	21.48
05-01-2011	38	2.93	26.25	17.36	14.02	-999	-999	-999	21
06-01-2011	96.4	2.114	26.17	18.13	9.97	-999	-999	-999	20.72
07-01-2011	0.6	3.403	25.54	16.85	16.38	-999	-999	-999	21.06
08-01-2011	2.2	2.383	26.53	18.45	11.19	-999	-999	-999	21.42
09-01-2011	0.2	3.426	27.27	17.63	16.32	-999	-999	-999	21.69
10-01-2011	0.2	3.471	26.05	17.63	16.52	-999	-999	-999	21.79
11-01-2011	3.8	2.637	27.24	18.88	12.32	-999	-999	-999	22.09
12-01-2011	1.4	3.306	26.3	17.83	15.61	-999	-999	-999	22.13
13-01-2011	0.2	3.858	26.74	18.47	18.22	-999	-999	-999	22.52
14-01-2011	0	5.3	28.66	18.21	25.13	-999	-999	-999	22.92
15-01-2011	0	5.434	28.79	19.26	25.59	-999	-999	-999	23.39
16-01-2011	0	3.741	26.81	17.96	17.73	-999	-999	-999	22.23
17-01-2011	8.6	3.542	27.05	18.56	16.83	-999	-999	-999	21.93
18-01-2011	13.6	1.722	24.76	17.46	7.98	-999	-999	-999	20.8
19-01-2011	0.2	3.937	26.53	18.22	18.79	-999	-999	-999	21.91
20-01-2011	0.4	3.681	26.5	17.88	17.47	-999	-999	-999	22.1
21-01-2011	6	2.494	26.45	18.14	11.67	-999	-999	-999	21.8
22-01-2011	0	3.195	26.67	18.4	15.15	-999	-999	-999	21.78
23-01-2011	0	3.72	26.45	17.05	17.78	-999	-999	-999	21.69
24-01-2011	15	2.895	27.31	18.12	13.76	-999	-999	-999	21.37
25-01-2011	0.2	3.434	26.37	18.59	16.3	-999	-999	-999	21.92
26-01-2011	0	5.371	27.03	18.62	25.52	-999	-999	-999	22.81
27-01-2011	18.8	4.102	29.13	20.31	19.09	-999	-999	-999	23.58
28-01-2011	103.2	3.697	25.77	20.34	17.47528527	-999	-999	-999	22.36
29-01-2011	127.6	0.636	23.33	20.16	2.44	-999	-999	-999	22.08
30-01-2011	129.2	0.773	26.11	20.34	3.12	-999	-999	-999	22.08
31-01-2011	0	5.232	28.59	20.84	24.21	-999	-999	-999	24.47
01-02-2011	2.2	3.09	27.34	19.8	14.3	-999	-999	-999	23.17
02-02-2011	34.8	3.379	27.96	19.91	15.76	-999	-999	-999	22.94
03-02-2011	0.6	2.861	27.51	20.12	13.26	-999	-999	-999	22.84
04-02-2011	24.4	2.471	27.24	19.1	11.44	-999	-999	-999	22.39
05-02-2011	10.8	3.251	27.72	19.24	15.2	-999	-999	-999	22.69
06-02-2011	0.8	3.106	26.93	19.27	14.55	-999	-999	-999	22.45
07-02-2011	0.4	3.18	28.22	18.83	14.86	-999	-999	-999	22.67
08-02-2011	3	2.371	26.22	18.95	11.02	-999	-999	-999	22.01
09-02-2011	0.2	3.422	27.07	17.52	16.22	-999	-999	-999	21.99
10-02-2011	0	5.695	28.53	18.79	26.92	-999	-999	-999	23.23
11-02-2011	2.2	2.484	27.52	18.75	11.52	-999	-999	-999	22.32
12-02-2011	6.8	4.628	28.06	20.19	21.68	-999	-999	-999	23.43
13-02-2011	11.8	3.175	28.13	20.18	14.66	-999	-999	-999	23.39
14-02-2011	7.2	2.077	27.86	19.11	9.45	-999	-999	-999	22.74
15-02-2011	0.2	3.343	27.94	19.14	15.63	-999	-999	-999	22.77
16-02-2011	0.2	4.001	28.47	18.15	18.94	-999	-999	-999	22.46
17-02-2011	0	4.496	28.52	19.11	21.21	-999	-999	-999	22.92
18-02-2011	0.4	4.981	28.83	20.45	23	-999	-999	-999	24.51
19-02-2011	3.4	5.711	29.03	21.84	26.5	-999	-999	-999	24.44
20-02-2011	1.4	4.406	27.63	21.93	20.43	-999	-999	-999	23.97
21-02-2011	0	1.953	26.64	19.87	8.78	-999	-999	-999	23.17
22-02-2011	0.2	5.506	28.98	18.83	25.89	-999	-999	-999	23.51
23-02-2011	0	4.609	28.66	19.48	21.64	-999	-999	-999	23.27
24-02-2011	0	3.775	29.44	19.11	17.63	-999	-999	-999	23.16
25-02-2011	0.8	3.422	28.65	18.7	15.97	-999	-999	-999	22.94
26-02-2011	0.2	3.803	30.7	19.23	17.59	-999	-999	-999	23.79
27-02-2011	0	3.263	29.44	19.93	14.97	-999	-999	-999	23.89
28-02-2011	0.4	2.802	28.07	19.68	12.88	-999	-999	-999	23.28
01-03-2011	0	5.224	28.65	18.03	24.77	-999	-999	-999	22.89
02-03-2011	1.6	3.697	28.63	17.65	17.47	-999	-999	-999	22.38
03-03-2011	3.2	3.123	28.22	18.77	14.66	-999	-999	-999	22.34
04-03-2011	16	2.722	26.8222	18.568	12.7793798	-999	-999	-999	21.8985
05-03-2011	35.5	3.179	26.566	18.008	15.14410012	-999	-999	-999	21.486
06-03-2011	7	2.674	26.4806	17.768	12.63031546	-999	-999	-999	21.486
07-03-2011	0	3.68	27.6762	18.168	17.40288679	-999	-999	-999	22.311
08-03-2011	80.5	2.372	26.566	18.728	11.00099118	-999	-999	-999	22.146
09-03-2011	0	2.815	25.9682	17.528	13.27865749	-999	-999	-999	21.7335
10-03-2011	18	3.164	26.84355	18.328	14.84259975	-999	-999	-999	22.414125
11-03-2011	3.5	3.164	26.84355	18.328	14.84259975	-999	-999	-999	22.414125
12-03-2011	3.5	3.164	26.84355	18.328	14.84259975	-999	-999	-999	22.414125
13-03-2011	3.5	3.164	26.84355	18.328	14.84259975	-999	-999	-999	22.414125
14-03-2011	30	3.169	27.42	19.128	14.8924513	-999	-999	-999	22.311
15-03-2011	0	4.297	27.42	17.928	20.06428521	-999	-999	-999	23.466
16-03-2011	0	3.592	26.3952	19.848	17.01974684	-999	-999	-999	22.146
17-03-2011	0	3.72	26.3952	18.008	17.74395424	-999	-999	-999	21.816
18-03-2011	5	2.547	26.0536	17.768	12.11799737	-999	-999	-999	20.9085
19-03-2011	0	4.164	26.7368	17.528	19.9212915	-999	-999	-999	21.8985
20-03-2011	0	4.642	27.5908	18.008	22.07697375	-999	-999	-999	22.476
21-03-2011	3	2.444	27.1638	18.568	11.35650583	-999	-999	-999	22.146
22-03-2011	0.5	2.94	26.8222	18.648	13.81848792	-999	-999	-999	22.0635
23-03-2011	0	2.569	26.3952	17.848	11.98961011	-999	-999	-999	22.0635
24-03-2011	0	3.709	28.0178	17.768	17.64066447	-999	-999	-999	21.981
25-03-2011	0	3.25	26.9076	17.448	15.49994893	-999	-999	-999	21.486
26-03-2011	2	3.396	27.3346	17.368	16.05317065	-999	-999	-999	22.146
27-03-2011	23	2.245	27.3346	19.368	10.37356038	-999	-999	-999	22.146
28-03-2011	6	2.893	27.5054	19.048	13.53294117	-999	-999	-999	22.311
29-03-2011	10	2.196	26.0536	18.728	10.13466709	-999	-999	-999	22.146
30-03-2011	5.5	2.914	27.42	18.008	13.69164572	-999	-999	-999	22.0635
31-03-2011	0.5	3.611	27.42	18.328	17.04047718	-999	-999	-999	22.3935
01-04-2011	0.5	2.693	25.712	18.248	12.72616094	-999	-999	-999	21.486
02-04-2011	0	4.702	26.8222	18.008	22.61281464	-999	-999	-999	21.816
03-04-2011	0.5	3.013	26.7368	17.448	14.2194565	-999	-999	-999	21.8985
04-04-2011	0	4.037	26.993	17.448	19.26639415	-999	-999	-999	21.981
05-04-2011	0	2.747	26.3952	18.008	12.9389149	-999	-999	-999	21.7335
06-04-2011	0	3.288	26.4806	17.688	15.62536307	-999	-999	-999	21.7335
07-04-2011	0	3.931	28.1032	18.008	18.69168163	-999	-999	-999	22.146
08-04-2011	2.5	2.686	26.9076	19.208	12.51308029	-999	-999	-999	22.311
09-04-2011	13.5	2.135	25.712	19.448	9.82987061	-999	-999	-999	22.146
10-04-2011	0	4.222	27.3346	17.368	20.17657186	-999	-999	-999	21.981
11-04-2011	0	4.916	27.42	18.408	23.1777243	-999	-999	-999	23.136
12-04-2011	0	3.458	26.0536	19.208	16.29270149	-999	-999	-999	22.3935
13-04-2011	0	3.157	27.2492	16.648	14.95539982	-999	-999	-999	21.816
14-04-2011	0	3.041	26.8222	17.208	14.37744694	-999	-999	-999	21.816
15-04-2011	1.5	0.977	25.1142	19.128	4.218271403	-999	-999	-999	20.9085
16-04-2011	0.5	3.172	27.2492	18.648	14.94491009	-999	-999	-999	22.146
17-04-2011	0	4.04	29.8112	18.408	18.99976173	-999	-999	-999	22.8885
18-04-2011	0	2.165	25.5412	18.328	10.12379612	-999	-999	-999	21.321
19-04-2011	0	2.636	25.1996	17.848	12.491754	-999	-999	-999	21.2385
20-04-2011	0	2.588	27.5054	16.008	12.37439957	-999	-999	-999	20.661
21-04-2011	0.5	3.309	27.42	17.288	15.77156305	-999	-999	-999	21.5685
22-04-2011	15	2.056	25.285	17.448	9.688064414	-999	-999	-999	20.661
23-04-2011	0	2.663	25.285	16.808	12.71551472	-999	-999	-999	20.826
24-04-2011	28	2.609	25.7974	17.608	12.37439957	-999	-999	-999	21.156
25-04-2011	4.5	2.605	26.139	17.608	12.33703815	-999	-999	-999	21.2385
26-04-2011	0.5	2.601	26.4806	17.608	12.29966636	-999	-999	-999	21.321
27-04-2011	0.5	2.353	26.3952	18.248	11.01177968	-999	-999	-999	21.5685
28-04-2011	4.5	2.497	25.8401	17.768	11.80751174	-999	-999	-999	21.19725
29-04-2011	0.5	2.639	25.285	17.288	12.59835217	-999	-999	-999	20.826
30-04-2011	0	3.113	25.8828	16.648	15.07074244	-999	-999	-999	20.496
01-05-2011	0	3.621	25.8828	15.688	17.69231627	-999	-999	-999	20.331
02-05-2011	0	3.016	26.2244	16.328	14.59836681	-999	-999	-999	20.4135
03-05-2011	2.5	2.212	24.858	16.328	10.53615267	-999	-999	-999	20.331
04-05-2011	12.5	2.52	25.285	16.888	12.0859123	-999	-999	-999	20.4135
05-05-2011	0.5	3.038	26.2244	17.368	14.60887912	-999	-999	-999	20.826
06-05-2011	24.5	2.268	25.285	17.048	10.83904667	-999	-999	-999	20.2485
07-05-2011	24.5	3.212	25.7974	17.688	15.37444166	-999	-999	-999	21.2385
08-05-2011	0	4.157	26.6514	16.008	20.5028996	-999	-999	-999	20.0835
09-05-2011	2	1.876	24.5164	14.648	8.89913011	-999	-999	-999	19.9185
10-05-2011	7.5	2.375	25.7974	17.608	11.24888334	-999	-999	-999	20.9085
11-05-2011	0	2.485	25.0288	18.408	11.78607154	-999	-999	-999	20.991
12-05-2011	0	2.679	25.9682	18.408	12.80066165	-999	-999	-999	20.826
13-05-2011	0.5	2.773	25.3704	16.868	13.46941164	-999	-999	-999	19.980375
14-05-2011	0.5	2.773	25.3704	16.868	13.46941164	-999	-999	-999	19.980375
15-05-2011	5	2.874	25.0288	15.528	14.18783915	-999	-999	-999	19.176
16-05-2011	0	3.033	25.4558	15.128	15.08122411	-999	-999	-999	18.9285
17-05-2011	0	2.983	24.7726	14.888	14.81898051	-999	-999	-999	18.9285
18-05-2011	1	1.627	23.4916	14.808	7.825886274	-999	-999	-999	18.516
19-05-2011	0	3.199	24.858	15.608	15.82374716	-999	-999	-999	19.341
20-05-2011	0	2.833	25.1142	15.048	13.9135495	-999	-999	-999	19.4235
21-05-2011	0	3.357	25.712	16.088	16.44874315	-999	-999	-999	20.001
22-05-2011	0	2.796	25.3704	16.008	13.54352676	-999	-999	-999	20.166
23-05-2011	0	3.668	25.9682	15.848	18.03287361	-999	-999	-999	20.001
24-05-2011	0.5	2.767	25.5412	15.768	13.49059119	-999	-999	-999	19.7535
25-05-2011	16.5	1.874	24.5164	15.928	9.064003042	-999	-999	-999	18.846
26-05-2011	0	2.694	25.3704	15.128	13.23623365	-999	-999	-999	19.2585
27-05-2011	0	2.846	25.285	16.008	13.7762191	-999	-999	-999	20.2485
28-05-2011	0	3.564	25.9682	15.208	17.63033245	-999	-999	-999	19.5885
29-05-2011	1.5	3.495	26.2244	14.728	17.35115668	-999	-999	-999	19.341
30-05-2011	0	3.426	26.4806	14.248	17.07156836	-999	-999	-999	19.0935
31-05-2011	0	2.731	25.6266	14.728	13.46941164	-999	-999	-999	19.0935
01-06-2011	0.5	2.592	24.5164	14.568	12.74745093	-999	-999	-999	19.0935
02-06-2011	0	1.987	24.004	14.488	9.742627636	-999	-999	-999	18.351
03-06-2011	0	2.53	24.6872	13.688	12.57703917	-999	-999	-999	18.4335
04-06-2011	0	3.357	25.8828	13.768	16.79155949	-999	-999	-999	18.846
05-06-2011	0	2.892	24.6018	15.128	14.30373799	-999	-999	-999	19.0935
06-06-2011	0	2.379	23.9186	14.488	11.73245537	-999	-999	-999	18.681
07-06-2011	0	1.853	24.0894	14.488	9.009076199	-999	-999	-999	18.516
08-06-2011	0.5	2.589	24.1748	14.568	12.88575668	-999	-999	-999	18.4335
09-06-2011	0	2.954	25.0288	14.488	14.73497295	-999	-999	-999	18.681
10-06-2011	0	3.09	25.1996	14.728	15.37444166	-999	-999	-999	18.9285
11-06-2011	0	3.492	24.7726	14.168	17.41323112	-999	-999	-999	19.0935
12-06-2011	51.5	1.927	24.0894	16.248	9.129875003	-999	-999	-999	20.0835
13-06-2011	52	1.334	22.1252	17.608	6.104143359	-999	-999	-999	20.0835
14-06-2011	34	1.652	23.0646	17.048	7.881524324	-999	-999	-999	19.011
15-06-2011	0	2.668	24.6018	14.648	13.1619619	-999	-999	-999	19.011
16-06-2011	0.5	2.448	24.9434	15.448	11.92536925	-999	-999	-999	19.4235
17-06-2011	0	2.083	25.0288	16.408	10.01502727	-999	-999	-999	19.5885
18-06-2011	0	3.29	24.858	14.408	16.12610582	-999	-999	-999	19.9185
19-06-2011	0	3.577	24.004	16.248	17.72330071	-999	-999	-999	19.506
20-06-2011	0	1.698	21.869	13.528	8.424917272	-999	-999	-999	17.1135
21-06-2011	0	2.668	24.004	12.888	13.63876304	-999	-999	-999	17.1135
22-06-2011	0.5	2.494	23.4916	13.968	12.52640752	-999	-999	-999	17.835375
23-06-2011	0.5	2.494	23.4916	13.968	12.52640752	-999	-999	-999	17.835375
24-06-2011	0	2.358	23.577	14.728	11.71100261	-999	-999	-999	18.2685
25-06-2011	0	3.246	24.5164	14.728	16.20942328	-999	-999	-999	18.846
26-06-2011	2.5	1.56	24.1748	16.168	7.278663107	-999	-999	-999	19.9185
27-06-2011	0	2.285	24.3456	15.048	11.17349143	-999	-999	-999	19.011
28-06-2011	0.5	2.957	24.5164	14.968	14.68244593	-999	-999	-999	18.9285
29-06-2011	0	1.953	24.5164	15.768	9.447648714	-999	-999	-999	19.011
30-06-2011	0	2.839	24.1748	13.048	14.37744694	-999	-999	-999	17.7735
01-07-2011	0	3.489	23.9186	12.968	17.52698163	-999	-999	-999	18.681
02-07-2011	10	3.424	24.1748	16.088	16.81231549	-999	-999	-999	19.9185
03-07-2011	0	3.49	22.8938	16.488	17.27871075	-999	-999	-999	19.506
04-07-2011	6.5	3.303	23.6624	13.688	16.58386949	-999	-999	-999	18.5985
05-07-2011	0.5	1.804	22.8938	16.648	8.756013478	-999	-999	-999	18.516
06-07-2011	0	3.27	23.577	14.088	16.63581424	-999	-999	-999	17.856
07-07-2011	13.5	2.819	24.0894	12.488	14.02965508	-999	-999	-999	18.681
08-07-2011	0	3.112	22.296	15.608	15.75068497	-999	-999	-999	18.021
09-07-2011	0	2.694	22.8938	11.768	13.93466619	-999	-999	-999	16.536
10-07-2011	0	2.692	22.5522	12.808	13.76565004	-999	-999	-999	17.1135
11-07-2011	0	2.42	22.2106	13.528	12.44909141	-999	-999	-999	16.536
12-07-2011	0	2.093	23.0646	12.488	10.74177357	-999	-999	-999	16.206
13-07-2011	0	2.458	22.8084	11.288	12.80066165	-999	-999	-999	15.9585
14-07-2011	0	2.513	22.8938	12.328	12.97080021	-999	-999	-999	16.4535
15-07-2011	0	2.877	22.4668	12.408	14.7874828	-999	-999	-999	17.031
16-07-2011	0.5	1.554	22.296	13.208	7.614128007	-999	-999	-999	17.361
17-07-2011	0	2.3	23.2354	13.768	11.49627551	-999	-999	-999	17.856
18-07-2011	0	2.603	24.1748	14.968	12.74745093	-999	-999	-999	19.341
19-07-2011	0	2.88	24.431	15.848	14.26160296	-999	-999	-999	19.011
20-07-2011	0	1.497	23.7478	14.648	7.15530657	-999	-999	-999	18.4335
21-07-2011	0.5	2.499	24.004	14.088	12.47042438	-999	-999	-999	18.186
22-07-2011	0	2.595	22.8938	14.888	12.91765402	-999	-999	-999	18.4335
23-07-2011	0	3.768	22.1252	12.728	19.30738438	-999	-999	-999	17.7735
24-07-2011	0	2.438	22.723	12.728	12.48108961	-999	-999	-999	16.7835
25-07-2011	0	2.274	22.2106	12.248	11.56073196	-999	-999	-999	16.9485
26-07-2011	0	2.134	23.0646	14.328	10.54698394	-999	-999	-999	18.186
27-07-2011	1.5	1.502	22.8084	13.848	7.278663107	-999	-999	-999	17.7735
28-07-2011	0	2.824	24.431	13.768	14.22999419	-999	-999	-999	18.021
29-07-2011	0	2.73	24.004	14.568	13.64934108	-999	-999	-999	18.351
30-07-2011	0	2.024	24.004	14.568	9.873465444	-999	-999	-999	18.681
31-07-2011	2	1.782	22.8938	15.048	8.678861952	-999	-999	-999	18.2685
01-08-2011	1	2.147	22.723	13.608	10.75258567	-999	-999	-999	17.526
02-08-2011	0	2.738	24.1748	13.928	13.83961788	-999	-999	-999	17.7735
03-08-2011	0	2.017	21.6982	11.448	10.34101398	-999	-999	-999	16.1235
04-08-2011	0	1.894	22.0398	13.448	9.403876842	-999	-999	-999	17.526
05-08-2011	0	2.357	22.8938	15.128	11.66808628	-999	-999	-999	18.4335
06-08-2011	0.5	1.994	22.2106	13.448	9.938824641	-999	-999	-999	17.526
07-08-2011	0	1.479	20.7588	14.888	7.188968467	-999	-999	-999	17.526
08-08-2011	0	2.342	22.296	13.368	11.90394859	-999	-999	-999	17.031
09-08-2011	2	1.688	21.9544	12.488	8.45807988	-999	-999	-999	16.6185
10-08-2011	0.5	2.547	23.7478	14.888	12.74745093	-999	-999	-999	18.1035
11-08-2011	0	1.957	22.6376	13.368	9.786258038	-999	-999	-999	17.2785
12-08-2011	1	2.321	23.4916	14.488	11.51776467	-999	-999	-999	18.2685
13-08-2011	0.5	2.791	23.4916	15.288	13.88186894	-999	-999	-999	18.681
14-08-2011	1	1.706	22.8084	14.808	8.225688175	-999	-999	-999	18.5985
15-08-2011	0.5	2.28	23.2354	14.808	11.28117996	-999	-999	-999	18.351
16-08-2011	0	2.219	22.8084	14.808	11.06570764	-999	-999	-999	17.856
17-08-2011	2	1.544	22.0398	13.848	7.524805662	-999	-999	-999	17.6085
18-08-2011	0	3.219	24.0894	13.288	16.36553791	-999	-999	-999	17.856
19-08-2011	0	2.469	23.2354	13.608	12.35305146	-999	-999	-999	18.021
20-08-2011	0	3.652	23.4916	13.848	18.54775187	-999	-999	-999	18.186
21-08-2011	29.5	1.706	22.0398	15.448	8.28107354	-999	-999	-999	18.2685
22-08-2011	0	3.355	23.9186	13.848	17.06120522	-999	-999	-999	17.9385
23-08-2011	0.5	2.102	22.4668	13.528	10.57947163	-999	-999	-999	17.196
24-08-2011	0	2.138	21.5274	13.528	10.77420687	-999	-999	-999	17.196
25-08-2011	0	1.927	21.015	13.048	9.688064414	-999	-999	-999	16.9485
26-08-2011	0	2.688	21.442	13.608	13.74450968	-999	-999	-999	17.1135
27-08-2011	0	2.732	22.723	13.208	13.78678742	-999	-999	-999	17.856
28-08-2011	0	2.195	22.296	13.048	11.13038941	-999	-999	-999	16.9485
29-08-2011	0	2.595	23.0646	12.648	13.2892615	-999	-999	-999	16.9485
30-08-2011	0	3.23	23.15	13.288	16.55269548	-999	-999	-999	17.4435
31-08-2011	0	2.427	23.6624	12.568	12.34237613	-999	-999	-999	17.1135
01-09-2011	0	3.071	23.2354	13.528	15.60446714	-999	-999	-999	17.7735
02-09-2011	0	2.741	23.15	13.128	13.9874451	-999	-999	-999	17.2785
03-09-2011	0	4.15	24.2602	13.928	21.01183783	-999	-999	-999	18.5985
04-09-2011	0	2.722	24.0894	13.928	13.52235482	-999	-999	-999	18.681
05-09-2011	0	3.21	24.431	14.168	16.14693888	-999	-999	-999	18.4335
06-09-2011	0	4.697	25.3704	13.528	23.84189589	-999	-999	-999	18.681
07-09-2011	0.5	2.66	22.723	12.808	13.59644336	-999	-999	-999	17.1135
08-09-2011	0	4.033	22.8084	12.408	21.07283398	-999	-999	-999	16.866
09-09-2011	0.5	2.424	24.1748	12.328	12.38507236	-999	-999	-999	16.866
10-09-2011	0	2.55	22.3814	12.488	13.0876517	-999	-999	-999	16.7835
11-09-2011	0	2.559	22.0398	12.888	12.99205309	-999	-999	-999	17.361
12-09-2011	0	1.932	20.8442	13.688	9.546067612	-999	-999	-999	17.856
13-09-2011	0	2.309	21.6128	13.528	11.63588953	-999	-999	-999	17.4435
14-09-2011	0	4.01	23.4062	13.048	20.68624937	-999	-999	-999	17.526
15-09-2011	0	4.343	24.7726	13.128	22.18828318	-999	-999	-999	18.186
16-09-2011	0	3.388	24.2602	12.968	17.34080896	-999	-999	-999	17.6085
17-09-2011	0.5	2.944	25.9682	13.528	14.8609679	-999	-999	-999	18.021
18-09-2011	0	3.773	24.6872	14.248	18.958711	-999	-999	-999	18.846
19-09-2011	0	4.968	23.4916	12.408	25.83444459	-999	-999	-999	17.4435
20-09-2011	0	5.001	24.5164	12.328	25.46506942	-999	-999	-999	18.5985
21-09-2011	0	4.15	25.5412	14.888	20.67606719	-999	-999	-999	19.506
22-09-2011	0	2.389	23.2354	14.728	11.81823051	-999	-999	-999	18.516
23-09-2011	0.5	2.365	23.2354	13.928	11.76462776	-999	-999	-999	18.186
24-09-2011	1.5	3.235	24.004	14.088	16.25106728	-999	-999	-999	18.516
25-09-2011	0.5	4.622	24.431	14.248	23.30868252	-999	-999	-999	19.011
26-09-2011	4.5	2.065	22.3814	14.328	10.12379612	-999	-999	-999	18.516
27-09-2011	0	2.958	22.296	16.568	14.73497295	-999	-999	-999	18.7635
28-09-2011	0	2.142	22.0398	14.248	10.67687997	-999	-999	-999	17.7735
29-09-2011	0.5	1.813	22.296	13.208	9.042035978	-999	-999	-999	17.1135
30-09-2011	0	3.511	23.7478	13.608	17.85750935	-999	-999	-999	18.021
01-10-2011	1.5	2.122	22.1252	14.568	10.47114356	-999	-999	-999	18.2685
02-10-2011	0	2.413	23.577	13.688	12.15007465	-999	-999	-999	17.6085
03-10-2011	0	3.735	25.5412	13.288	18.81496913	-999	-999	-999	18.681
04-10-2011	0	2.592	24.5164	15.208	12.6516202	-999	-999	-999	19.506
05-10-2011	0	2.46	25.3704	14.968	12.11799737	-999	-999	-999	18.846
06-10-2011	2	5.052	26.139	14.888	25.35516069	-999	-999	-999	19.4235
07-10-2011	0	1.669	24.1748	15.208	8.070426226	-999	-999	-999	18.351
08-10-2011	0	4.195	24.1748	13.768	21.34711713	-999	-999	-999	18.351
09-10-2011	0	2.896	22.296	12.648	14.74547629	-999	-999	-999	17.526
10-10-2011	0	3.757	24.9434	13.208	19.13312053	-999	-999	-999	18.1035
11-10-2011	0.5	2.547	23.0646	13.528	12.84321563	-999	-999	-999	17.691
12-10-2011	0	3.589	24.431	12.808	18.0225624	-999	-999	-999	18.7635
13-10-2011	0.5	2.284	23.15	16.488	11.09805285	-999	-999	-999	19.341
14-10-2011	0.5	2.761	24.5164	14.648	13.78678742	-999	-999	-999	18.4335
15-10-2011	0	2.405	22.5522	13.288	12.0324198	-999	-999	-999	17.9385
16-10-2011	0	2.742	23.4062	12.808	13.81848792	-999	-999	-999	17.9385
17-10-2011	0	4.115	26.566	13.608	20.76769027	-999	-999	-999	18.7635
18-10-2011	0	5.014	27.5054	13.768	24.94511399	-999	-999	-999	19.9185
19-10-2011	2	3.477	27.847	15.448	16.91606032	-999	-999	-999	20.496
20-10-2011	0.5	3.101	26.6087	15.448	15.1179047	-999	-999	-999	20.0835
21-10-2011	0	2.726	25.3704	15.448	13.29986474	-999	-999	-999	19.671
22-10-2011	2.5	2.614	25.0288	14.408	12.91765402	-999	-999	-999	18.846
23-10-2011	0	3.052	23.6624	15.848	15.15457713	-999	-999	-999	19.011
24-10-2011	0	5.287	25.285	14.248	26.53194584	-999	-999	-999	19.506
25-10-2011	0	4.537	26.8222	15.608	22.2186314	-999	-999	-999	20.661
26-10-2011	0	5.809	26.566	16.808	28.44651874	-999	-999	-999	21.0735
27-10-2011	0	4.15	26.0536	15.928	20.20718553	-999	-999	-999	20.826
28-10-2011	0	4.276	26.9076	17.128	20.75751176	-999	-999	-999	21.0735
29-10-2011	0	6.102	25.6266	14.008	30.59500305	-999	-999	-999	19.7535
30-10-2011	0	3.49	24.7726	15.448	17.50630476	-999	-999	-999	18.7635
31-10-2011	0	3.95	25.0288	13.848	19.84975937	-999	-999	-999	18.9285
01-11-2011	0.5	5.369	26.6514	13.528	27.18805234	-999	-999	-999	19.011
02-11-2011	0	4.726	25.6266	14.488	23.71120984	-999	-999	-999	19.341
03-11-2011	0	4.377	25.6266	13.288	22.00611368	-999	-999	-999	19.0935
04-11-2011	1	2.001	24.1748	14.968	9.753536913	-999	-999	-999	18.681
05-11-2011	0	2.191	23.9186	15.288	10.60112501	-999	-999	-999	19.4235
06-11-2011	0.5	2.818	25.6266	14.808	13.79735499	-999	-999	-999	19.5885
07-11-2011	10	1.365	23.7478	15.848	6.331514743	-999	-999	-999	19.506
08-11-2011	0	3.283	26.2244	16.808	15.86548309	-999	-999	-999	20.7435
09-11-2011	0	3.364	27.2492	17.208	16.25106728	-999	-999	-999	20.826
10-11-2011	0	2.852	25.712	16.248	13.80792183	-999	-999	-999	20.2485
11-11-2011	0.5	3.494	26.320475	16.538	16.92383883	-999	-999	-999	20.7538125
12-11-2011	0.5	3.494	26.320475	16.538	16.92383883	-999	-999	-999	20.7538125
13-11-2011	0.5	3.494	26.320475	16.538	16.92383883	-999	-999	-999	20.7538125
14-11-2011	0	4.313	26.3952	16.168	20.97116472	-999	-999	-999	20.991
15-11-2011	0.5	3.44	25.9255	16.528	16.59425963	-999	-999	-999	20.94975
16-11-2011	1	2.545	25.4558	16.888	12.10730321	-999	-999	-999	20.9085
17-11-2011	0.5	1.912	24.3456	16.648	8.998087151	-999	-999	-999	20.4135
18-11-2011	1	1.963	24.2602	17.448	9.327231027	-999	-999	-999	20.001
19-11-2011	0.5	2.595	25.285	14.728	12.60900742	-999	-999	-999	19.7535
20-11-2011	0.5	2.633	24.7726	16.168	12.67292166	-999	-999	-999	20.331
21-11-2011	0	3.446	26.4806	16.968	16.61503812	-999	-999	-999	20.991
22-11-2011	9.5	3.08	25.9682	16.328	14.73497295	-999	-999	-999	21.156
23-11-2011	2	3.036	26.0536	16.648	14.6404119	-999	-999	-999	20.661
24-11-2011	23	2.62	25.7974	16.248	12.68357115	-999	-999	-999	20.001
25-11-2011	0	3.568	26.2244	16.568	17.13373516	-999	-999	-999	21.321
26-11-2011	0	3.517	27.42	16.328	16.92643159	-999	-999	-999	21.156
27-11-2011	0	2.757	27.2492	16.008	13.1725745	-999	-999	-999	20.9085
28-11-2011	0	3.767	25.8828	15.928	18.17717383	-999	-999	-999	21.156
29-11-2011	0.5	2.81	26.2244	16.488	13.36346792	-999	-999	-999	21.2385
30-11-2011	0	2.928	26.139	18.088	13.95577995	-999	-999	-999	21.2385
01-12-2011	0	3.262	25.285	16.488	15.78200114	-999	-999	-999	20.661
02-12-2011	0	2.316	24.6872	15.368	11.16271736	-999	-999	-999	19.836
03-12-2011	11	3.4	26.3098	16.728	16.50072682	-999	-999	-999	20.5785
04-12-2011	0	3.515	25.6266	15.528	17.20623696	-999	-999	-999	20.166
05-12-2011	2.5	1.957	24.0894	16.488	9.338183955	-999	-999	-999	19.7535
06-12-2011	0	2.427	24.7726	15.768	11.6144205	-999	-999	-999	20.4135
07-12-2011	0	4.211	27.5054	16.568	20.28880123	-999	-999	-999	21.486
08-12-2011	0	4.485	27.847	16.168	21.71232668	-999	-999	-999	21.321
09-12-2011	0	5.438	28.6156	16.888	26.26311127	-999	-999	-999	21.816
10-12-2011	2	2.716	25.3704	16.568	13.02392644	-999	-999	-999	20.661
