date	rr	etp	tx	tn	rg	ux	un	vt	tm
31-12-2001	0	5.313275405	30.5	20.1	27.4	-999	-999	-999	-999
01-01-2002	20.6	1.82396973	29.3	18.2	11.98	-999	-999	-999	-999
02-01-2002	0.2	4.314647928	30.1	18.2	23.49	-999	-999	-999	-999
03-01-2002	0	4.929115316	32.6	19.1	26.43	-999	-999	-999	-999
04-01-2002	0	4.941887526	31.9	18.5	24.97	-999	-999	-999	-999
05-01-2002	0	4.141533724	33	19.4	22.43	-999	-999	-999	-999
06-01-2002	10.2	4.831488716	33.6	20.4	23.56	-999	-999	-999	-999
07-01-2002	4	0.797533384	26.7	19.8	9.7	-999	-999	-999	-999
08-01-2002	45.4	3.046334189	30.9	18.1	17.6	-999	-999	-999	-999
09-01-2002	43.8	1.784030113	27.9	17.3	11.95	-999	-999	-999	-999
10-01-2002	0.2	2.953844474	29	19.1	17.51	-999	-999	-999	-999
11-01-2002	3.4	1.03350295	25.9	19.3	9.21	-999	-999	-999	-999
12-01-2002	74.2	2.019260333	28.4	18.7	12.08	-999	-999	-999	-999
13-01-2002	9.8	0.621245633	25.5	19.5	7.15	-999	-999	-999	-999
14-01-2002	2.8	2.499713903	28.2	19.8	15	-999	-999	-999	-999
15-01-2002	5.8	2.270065313	27.1	18.3	13.26	-999	-999	-999	-999
16-01-2002	0	2.24365665	24.5	12	15.01	-999	-999	-999	-999
17-01-2002	0	4.906004777	27.6	15.8	27.85	-999	-999	-999	-999
18-01-2002	0	4.15760399	27.4	16.4	21.87	-999	-999	-999	-999
19-01-2002	14	1.844786085	25.9	18.8	12.91	-999	-999	-999	-999
20-01-2002	0.8	2.278973468	29	19.5	13.78	-999	-999	-999	-999
21-01-2002	0.2	4.250721905	32.7	18.8	22.48	-999	-999	-999	-999
22-01-2002	1	3.697001957	33.1	19.4	19.19	-999	-999	-999	-999
23-01-2002	0	3.792980419	30.1	19.3	20.59	-999	-999	-999	-999
24-01-2002	21.2	3.947749717	32	19.5	20.95	-999	-999	-999	-999
25-01-2002	25	2.118412562	31.6	19.1	13.78	-999	-999	-999	-999
26-01-2002	0.2	5.087710309	33	20.1	24.8	-999	-999	-999	-999
27-01-2002	0.2	3.504231279	33	19.2	19.45	-999	-999	-999	-999
28-01-2002	60.8	4.024699958	31.4	20.3	21.19	-999	-999	-999	-999
29-01-2002	27	3.998573567	31.9	20.7	20.87	-999	-999	-999	-999
30-01-2002	1.6	3.425585113	32.1	21	17.97	-999	-999	-999	-999
31-01-2002	0	4.781916898	33.1	21.7	23	-999	-999	-999	-999
01-02-2002	40.2	1.523966255	29.3	20.6	9.21	-999	-999	-999	-999
02-02-2002	0.2	3.995529157	29.5	16	21.53	-999	-999	-999	-999
03-02-2002	0	4.108908175	27.6	13.6	24.85	-999	-999	-999	-999
04-02-2002	0	4.676110973	29.6	13.8	27.51	-999	-999	-999	-999
05-02-2002	0	5.016053563	30.5	15.2	28.33	-999	-999	-999	-999
06-02-2002	30.6	4.571833109	31.7	17	22.61	-999	-999	-999	-999
07-02-2002	14.2	1.608695915	27	19.6	10.81	-999	-999	-999	-999
08-02-2002	12.4	1.951779262	28.1	20.3	11.63	-999	-999	-999	-999
09-02-2002	19.8	0.491755529	24.4	17.5	7.62	-999	-999	-999	-999
10-02-2002	0.2	2.825662728	28	18.3	17.47	-999	-999	-999	-999
11-02-2002	0	4.921615389	32	18.5	25.28	-999	-999	-999	-999
12-02-2002	7.8	3.588270457	32.8	17.8	20	-999	-999	-999	-999
13-02-2002	0.6	3.673482328	32.4	19.1	19.48	-999	-999	-999	-999
14-02-2002	17.6	0.57520798	23.6	16.3	9.49	-999	-999	-999	-999
15-02-2002	0.2	3.693960511	30.9	17.4	21.16	-999	-999	-999	-999
16-02-2002	1.2	3.212997667	30.5	19.1	18.59	-999	-999	-999	-999
17-02-2002	0	3.761449844	29.9	17.9	20.29	-999	-999	-999	-999
18-02-2002	0	4.529191039	29	17.8	22.98	-999	-999	-999	-999
19-02-2002	0	3.908609184	29.8	18.9	21.15	-999	-999	-999	-999
20-02-2002	8.2	1.397213842	26.6	19.5	9.96	-999	-999	-999	-999
21-02-2002	16.4	2.018769698	27.7	21	13.21	-999	-999	-999	-999
22-02-2002	7.8	2.192762799	28.5	20.5	13.75	-999	-999	-999	-999
23-02-2002	0.6	2.933808587	29	19	15.1	-999	-999	-999	-999
24-02-2002	0.2	3.503164842	30.6	17.3	19.02	-999	-999	-999	-999
25-02-2002	0	4.802816649	29.7	16.6	24.33	-999	-999	-999	-999
26-02-2002	0.2	2.34010004	28.5	18.4	13.78	-999	-999	-999	-999
27-02-2002	1	0.890914705	26.7	20	8.89	-999	-999	-999	-999
28-02-2002	0.6	2.151529409	29.9	16.6	14.11	-999	-999	-999	-999
01-03-2002	0	4.372829394	32	17.4	23.28	-999	-999	-999	-999
02-03-2002	0	3.246107476	31.6	19.1	18.98	-999	-999	-999	-999
03-03-2002	19	3.152744902	32.2	17.2	19.14	-999	-999	-999	-999
04-03-2002	0.2	4.372463429	33.5	17.5	24.18	-999	-999	-999	-999
05-03-2002	0	4.545177127	33.5	18.6	23.62	-999	-999	-999	-999
06-03-2002	0	4.139416274	33.3	18.4	22.56	-999	-999	-999	-999
07-03-2002	0	4.464508913	33.9	19.1	22.7	-999	-999	-999	-999
08-03-2002	0	4.436317748	33.7	18.5	23.33	-999	-999	-999	-999
09-03-2002	0	4.453741502	34.4	19.1	23.68	-999	-999	-999	-999
10-03-2002	0	4.667169809	33.6	19.4	24.05	-999	-999	-999	-999
11-03-2002	0	4.456780234	33.7	18.8	23.34	-999	-999	-999	-999
12-03-2002	0	4.159216721	35.4	19.2	21.95	-999	-999	-999	-999
13-03-2002	25.8	4.553202174	34.3	20	22.69	-999	-999	-999	-999
14-03-2002	22.2	2.399024593	31.9	19.1	14.31	-999	-999	-999	-999
15-03-2002	0.2	3.981465432	30.9	18.8	21.88	-999	-999	-999	-999
16-03-2002	0	4.426682006	32.8	20	22.64	-999	-999	-999	-999
17-03-2002	11.4	4.09580523	32.3	21.6	21.08	-999	-999	-999	-999
18-03-2002	1.2	3.288864205	32.2	21.1	17.46	-999	-999	-999	-999
19-03-2002	0	4.040759435	33.7	21.7	20.5	-999	-999	-999	-999
20-03-2002	18.8	4.874680359	32	21.1	23.45	-999	-999	-999	-999
21-03-2002	0	2.604363468	27.6	18	14.8	-999	-999	-999	-999
22-03-2002	0	4.24424349	30.2	17.7	23.1	-999	-999	-999	-999
23-03-2002	6.4	4.017240581	31.4	19.5	21.04	-999	-999	-999	-999
24-03-2002	91.8	1.300095521	27.7	20.8	9.57	-999	-999	-999	-999
25-03-2002	4	2.673265886	29.5	16.8	16.43	-999	-999	-999	-999
26-03-2002	0	3.510279046	31.6	17.6	21.49	-999	-999	-999	-999
27-03-2002	12	3.028487563	32	18.7	17.62	-999	-999	-999	-999
28-03-2002	0	3.642274356	32	19.1	20.2	-999	-999	-999	-999
29-03-2002	0	4.076224738	32.9	18	22.13	-999	-999	-999	-999
30-03-2002	0	4.002818696	32	16.2	22.9	-999	-999	-999	-999
31-03-2002	0	3.82213765	33.2	17.8	21.23	-999	-999	-999	-999
01-04-2002	0	3.574288333	33.2	18.1	20.29	-999	-999	-999	-999
02-04-2002	0	3.952705486	33.9	19	21.37	-999	-999	-999	-999
03-04-2002	4.2	3.056550961	33	18.1	18.68	-999	-999	-999	-999
04-04-2002	0	3.312305771	30	16.5	20.2	-999	-999	-999	-999
05-04-2002	0	3.102717929	30.5	16.2	19.53	-999	-999	-999	-999
06-04-2002	3.8	3.20585173	30.4	16.4	19.43	-999	-999	-999	-999
07-04-2002	0.2	3.221439941	30.4	14.6	20.04	-999	-999	-999	-999
08-04-2002	0	3.157165291	28.7	15.8	20.51	-999	-999	-999	-999
09-04-2002	0	2.913552811	29	14.8	19.11	-999	-999	-999	-999
10-04-2002	0	2.898949946	31.1	15.8	18.94	-999	-999	-999	-999
11-04-2002	0	2.851200416	33.4	15.5	18.16	-999	-999	-999	-999
12-04-2002	0	3.401808875	33	16.6	20.08	-999	-999	-999	-999
13-04-2002	0	2.758627593	30.7	16.9	17.06	-999	-999	-999	-999
14-04-2002	0	3.372550317	31.5	17.5	19.75	-999	-999	-999	-999
15-04-2002	0	3.306018872	32.3	17	19.58	-999	-999	-999	-999
16-04-2002	0	3.135556756	31.6	17.4	19	-999	-999	-999	-999
17-04-2002	0	3.139084607	33.8	17.2	19.11	-999	-999	-999	-999
18-04-2002	0	3.384021771	33	17.5	19.46	-999	-999	-999	-999
19-04-2002	0	2.942346873	31.8	15.8	18.65	-999	-999	-999	-999
20-04-2002	0	3.181610471	32.4	15.4	19	-999	-999	-999	-999
21-04-2002	0	2.799642773	31.3	17.1	16.98	-999	-999	-999	-999
22-04-2002	0	3.017877722	30.6	14.7	18.28	-999	-999	-999	-999
23-04-2002	0.8	2.898832286	31.5	14.9	19.22	-999	-999	-999	-999
24-04-2002	0	2.963570145	32.4	14.8	19.16	-999	-999	-999	-999
25-04-2002	0	2.484884885	32.9	14	17.55	-999	-999	-999	-999
26-04-2002	0	2.511559532	32	14.3	17.39	-999	-999	-999	-999
27-04-2002	0.2	2.900512317	31.6	16	17.76	-999	-999	-999	-999
28-04-2002	0	2.68509702	30.7	15.3	18.22	-999	-999	-999	-999
29-04-2002	0	3.133556759	32.4	15.5	17.29	-999	-999	-999	-999
30-04-2002	1.6	2.440428162	31.4	18.4	12.66	-999	-999	-999	-999
01-05-2002	0	1.817649067	29.2	13	14.2	-999	-999	-999	-999
02-05-2002	4.6	2.779405341	30.5	14.5	17.06	-999	-999	-999	-999
03-05-2002	20.6	1.920367722	29.3	17.5	12.11	-999	-999	-999	-999
04-05-2002	1	1.244520034	26.9	16.1	10.5	-999	-999	-999	-999
05-05-2002	12.2	2.320768509	29.4	16.2	15.54	-999	-999	-999	-999
06-05-2002	0.8	2.196978875	28.5	15.7	15.23	-999	-999	-999	-999
07-05-2002	0	2.093592273	29.6	16	15.59	-999	-999	-999	-999
08-05-2002	0	1.567545422	27.9	16.5	12.06	-999	-999	-999	-999
09-05-2002	0	0.824323931	25.5	14	9.51	-999	-999	-999	-999
10-05-2002	0	2.327080202	28.9	14.6	17.09	-999	-999	-999	-999
11-05-2002	0	2.255041518	30.5	15.2	16.8	-999	-999	-999	-999
12-05-2002	0.2	2.106756373	30.1	13.5	16.32	-999	-999	-999	-999
13-05-2002	0	2.335318689	30.1	12.6	17.18	-999	-999	-999	-999
14-05-2002	0	2.408108808	30	13.5	17.03	-999	-999	-999	-999
15-05-2002	0	2.482166324	30.9	13.7	17.03	-999	-999	-999	-999
16-05-2002	0.6	1.406547442	27.9	14.2	9.92	-999	-999	-999	-999
17-05-2002	0	2.375181728	28.5	14.4	16.49	-999	-999	-999	-999
18-05-2002	0	2.028898361	30.6	15.2	14.02	-999	-999	-999	-999
19-05-2002	22.2	0.0566	20.1	14.6	3	-999	-999	-999	-999
20-05-2002	17.2	0.97632952	23.7	15	8.99	-999	-999	-999	-999
21-05-2002	31	1.244932123	22.7	15.4	8.14	-999	-999	-999	-999
22-05-2002	0	0.83015697	21.8	10.3	8.06	-999	-999	-999	-999
23-05-2002	0	1.715318752	22.9	10.8	13.8	-999	-999	-999	-999
24-05-2002	0	1.469563992	22.7	6.7	13.53	-999	-999	-999	-999
25-05-2002	0	1.779838505	23.8	6.9	16.47	-999	-999	-999	-999
26-05-2002	0	1.788734578	25.9	7.1	16.69	-999	-999	-999	-999
27-05-2002	0	1.65277612	26.4	7.2	16.35	-999	-999	-999	-999
28-05-2002	0	1.947042353	26.7	7.5	16.41	-999	-999	-999	-999
29-05-2002	0	1.507749517	26.1	9.4	13.19	-999	-999	-999	-999
30-05-2002	0.2	1.684765372	27.1	9.6	13.96	-999	-999	-999	-999
31-05-2002	0	0.978753189	24.1	11.7	8.13	-999	-999	-999	-999
01-06-2002	0	1.703090893	26.9	12.2	13.71	-999	-999	-999	-999
02-06-2002	0	1.994760491	29.1	12	15.09	-999	-999	-999	-999
03-06-2002	0.2	1.996765447	28.1	10.2	15.23	-999	-999	-999	-999
04-06-2002	0	1.899952811	28.5	10.4	15.59	-999	-999	-999	-999
05-06-2002	0	2.188120466	29.9	10.8	15.45	-999	-999	-999	-999
06-06-2002	0	1.512333093	28.9	10.7	12.94	-999	-999	-999	-999
07-06-2002	0	2.046406957	29.3	10.8	14.93	-999	-999	-999	-999
08-06-2002	0	1.922399853	30.5	10.8	14.32	-999	-999	-999	-999
09-06-2002	0	2.510986906	29.9	11.4	14.49	-999	-999	-999	-999
10-06-2002	0	1.714189012	29.4	13.8	11.58	-999	-999	-999	-999
11-06-2002	0.8	1.694861875	29.7	13.5	12.39	-999	-999	-999	-999
12-06-2002	0	1.972155136	30.2	13.9	13.08	-999	-999	-999	-999
13-06-2002	0	1.828409848	30.5	12	13.37	-999	-999	-999	-999
14-06-2002	0	1.823722648	30.3	12.8	13.67	-999	-999	-999	-999
15-06-2002	0	1.70449363	26.1	11.4	13.77	-999	-999	-999	-999
16-06-2002	0.2	1.632594041	27.3	11.5	14.13	-999	-999	-999	-999
17-06-2002	0	1.690448024	27.7	10.2	13.49	-999	-999	-999	-999
18-06-2002	0	2.401570214	29.8	10.6	14.92	-999	-999	-999	-999
19-06-2002	0	1.84368332	29	10.7	14	-999	-999	-999	-999
20-06-2002	0	1.718643882	28.2	10.1	13.56	-999	-999	-999	-999
21-06-2002	0	1.558269544	27.4	11.3	13.37	-999	-999	-999	-999
22-06-2002	0	1.767893037	24.9	11.8	13.18	-999	-999	-999	-999
23-06-2002	0	1.830846921	24.3	10.6	13.69	-999	-999	-999	-999
24-06-2002	0	1.619633407	26.3	10.4	13.79	-999	-999	-999	-999
25-06-2002	0	1.599368278	24.7	9.8	14.02	-999	-999	-999	-999
26-06-2002	0.2	1.648542215	25.3	9.8	14.07	-999	-999	-999	-999
27-06-2002	0	1.804320249	27.2	10.3	13.55	-999	-999	-999	-999
28-06-2002	0	1.783203897	29.3	8.9	13.76	-999	-999	-999	-999
29-06-2002	0	1.968704955	29.1	9.1	14.38	-999	-999	-999	-999
30-06-2002	0	2.064260267	29.3	10	14.3	-999	-999	-999	-999
01-07-2002	0	1.935987357	28.6	10.2	13.99	-999	-999	-999	-999
02-07-2002	0	1.994433777	26.3	9.9	13.94	-999	-999	-999	-999
03-07-2002	0	1.780429796	27.1	9.8	13.17	-999	-999	-999	-999
04-07-2002	0	2.064068678	28	11.6	13.39	-999	-999	-999	-999
05-07-2002	0	1.443709749	27.1	11.3	11.97	-999	-999	-999	-999
06-07-2002	0	1.571279246	27.1	11.5	10.85	-999	-999	-999	-999
07-07-2002	0	0.440705754	22.8	5.2	4.07	-999	-999	-999	-999
08-07-2002	0.2	1.325662198	19.5	3.2	14.89	-999	-999	-999	-999
09-07-2002	0	1.367376111	21.7	2.9	14.73	-999	-999	-999	-999
10-07-2002	0	1.23484742	22.9	4.7	11.49	-999	-999	-999	-999
11-07-2002	3.2	0.170561253	17	9	4.17	-999	-999	-999	-999
12-07-2002	0.2	0.378568362	19.3	12.2	4.39	-999	-999	-999	-999
13-07-2002	0.2	0.750611825	19.7	6.2	8.41	-999	-999	-999	-999
14-07-2002	0.2	1.517796216	23.1	4.5	14.78	-999	-999	-999	-999
15-07-2002	0	1.585936654	23.5	4.7	15.47	-999	-999	-999	-999
16-07-2002	0	1.34883289	25.4	4.3	13.34	-999	-999	-999	-999
17-07-2002	0	1.882450779	24.3	4.3	15.68	-999	-999	-999	-999
18-07-2002	0	1.720497993	23.6	7.8	13.8	-999	-999	-999	-999
19-07-2002	0	1.805089874	25.9	7.6	13.02	-999	-999	-999	-999
20-07-2002	0	2.576831889	28.3	10.4	12.83	-999	-999	-999	-999
21-07-2002	2.4	0.371565439	21	14.4	4.07	-999	-999	-999	-999
22-07-2002	3	0.410006746	22.7	14.4	4.69	-999	-999	-999	-999
23-07-2002	0	1.869474305	26.7	8.7	14.83	-999	-999	-999	-999
24-07-2002	0	2.005969861	30	8.7	15.57	-999	-999	-999	-999
25-07-2002	0	2.314322057	31.3	8.4	15.89	-999	-999	-999	-999
26-07-2002	0	1.980722604	28.5	8.4	15.08	-999	-999	-999	-999
27-07-2002	0	2.839297063	30.6	8.8	14.84	-999	-999	-999	-999
28-07-2002	0	1.969888111	26	8.1	14.62	-999	-999	-999	-999
29-07-2002	0	2.187338322	25.3	8.4	16.26	-999	-999	-999	-999
30-07-2002	0	2.882779527	30.7	9.1	15.35	-999	-999	-999	-999
31-07-2002	9.4	1.954196206	29.3	15.2	11.02	-999	-999	-999	-999
01-08-2002	44.8	0.489454929	22.1	15.2	4.91	-999	-999	-999	-999
02-08-2002	27.8	0.60752795	20.4	15.4	5.66	-999	-999	-999	-999
03-08-2002	0	0.540454481	21.8	11.4	5.27	-999	-999	-999	-999
04-08-2002	0	2.401425272	27.7	11.8	16.33	-999	-999	-999	-999
05-08-2002	0.2	2.21242086	31.7	13.6	13.66	-999	-999	-999	-999
06-08-2002	8.2	1.940548899	28.5	15	13.2	-999	-999	-999	-999
07-08-2002	0	2.480415651	31.3	14.4	16.4	-999	-999	-999	-999
08-08-2002	0	3.053797669	32.8	14.5	16.47	-999	-999	-999	-999
09-08-2002	0	3.135384201	31.7	14.4	15.72	-999	-999	-999	-999
10-08-2002	0	2.181616852	28.7	11.5	16.33	-999	-999	-999	-999
11-08-2002	0	1.862742814	31.1	11.6	14.46	-999	-999	-999	-999
12-08-2002	0	2.209686349	32.3	12.3	15.38	-999	-999	-999	-999
13-08-2002	0	2.359568479	31.3	13.6	13.77	-999	-999	-999	-999
14-08-2002	0	2.433654062	32.1	14.5	14.81	-999	-999	-999	-999
15-08-2002	0	2.505440697	30.9	13.6	16.01	-999	-999	-999	-999
16-08-2002	0	2.530026195	29.9	12.8	16.21	-999	-999	-999	-999
17-08-2002	0	3.219919159	29.3	14.3	17.87	-999	-999	-999	-999
18-08-2002	0	3.737942097	29.6	14.1	18.52	-999	-999	-999	-999
19-08-2002	0	3.67446294	29.7	13.9	18.18	-999	-999	-999	-999
20-08-2002	0	3.520174307	28.9	13.8	16.93	-999	-999	-999	-999
21-08-2002	0	3.563504082	29.6	14.4	16.48	-999	-999	-999	-999
22-08-2002	0	2.848585623	30	14.4	13.57	-999	-999	-999	-999
23-08-2002	0	3.108071726	31.8	13.4	18.1	-999	-999	-999	-999
24-08-2002	0	3.149323021	30.8	11.8	18.43	-999	-999	-999	-999
25-08-2002	0	3.239005139	30.5	12.2	18.92	-999	-999	-999	-999
26-08-2002	0.8	2.953341351	29.5	11.6	17.9	-999	-999	-999	-999
27-08-2002	0	3.325296914	28.9	11.6	19.51	-999	-999	-999	-999
28-08-2002	0	4.095143987	30.1	12.6	18.58	-999	-999	-999	-999
29-08-2002	11.2	1.443351719	28.5	14.8	8.08	-999	-999	-999	-999
30-08-2002	0.2	1.641906052	24.7	13.9	11.42	-999	-999	-999	-999
31-08-2002	7.6	0.494295873	23.1	13.1	6.75	-999	-999	-999	-999
01-09-2002	0	3.557071762	21.9	6.7	19.81	-999	-999	-999	-999
02-09-2002	0	2.663013552	19.3	2.5	21.74	-999	-999	-999	-999
03-09-2002	0	2.583312566	24.3	3.3	20.46	-999	-999	-999	-999
04-09-2002	0	2.49742395	26.9	8.1	17.44	-999	-999	-999	-999
05-09-2002	0	2.022975268	27.5	11.2	12.18	-999	-999	-999	-999
06-09-2002	6	4.729126681	33.7	17.4	17.24	-999	-999	-999	-999
07-09-2002	1	2.214444352	26.1	13.4	11.17	-999	-999	-999	-999
08-09-2002	0.2	2.420021305	22.3	12.4	13.35	-999	-999	-999	-999
09-09-2002	0	2.795889921	28.9	13.1	16.18	-999	-999	-999	-999
10-09-2002	0	3.385939198	30	14.6	19.62	-999	-999	-999	-999
11-09-2002	0	3.694511049	30.5	15.3	19.23	-999	-999	-999	-999
12-09-2002	0	4.961446879	32.3	17.4	19.05	-999	-999	-999	-999
13-09-2002	0	1.159824696	27.9	19	6.97	-999	-999	-999	-999
14-09-2002	1	1.44586516	27	13.8	9.2	-999	-999	-999	-999
15-09-2002	0	3.908537858	29.6	14.6	19.89	-999	-999	-999	-999
16-09-2002	1.2	0.74128352	23.3	13.8	7.63	-999	-999	-999	-999
17-09-2002	0	3.91924724	31.6	15.4	19.89	-999	-999	-999	-999
18-09-2002	0	3.279715297	32.1	16.7	16.51	-999	-999	-999	-999
19-09-2002	3	4.585392789	32.8	19.1	17.14	-999	-999	-999	-999
20-09-2002	24.8	0.455763748	25.4	14.8	4.44	-999	-999	-999	-999
21-09-2002	0.8	0.548948634	16.9	11.5	4.69	-999	-999	-999	-999
22-09-2002	0	1.205727964	19.8	11.8	9.17	-999	-999	-999	-999
23-09-2002	0	1.603168822	22.5	14.4	10.16	-999	-999	-999	-999
24-09-2002	0	1.453260397	20	10.4	9.06	-999	-999	-999	-999
25-09-2002	0	3.686132802	26.9	10.5	22.7	-999	-999	-999	-999
26-09-2002	0	3.979767288	27.9	12.1	23.42	-999	-999	-999	-999
27-09-2002	0	3.980767438	29.2	13.2	22.74	-999	-999	-999	-999
28-09-2002	0	4.120987808	30.5	13.6	22.48	-999	-999	-999	-999
29-09-2002	0	4.459466043	32.2	15.8	21.14	-999	-999	-999	-999
30-09-2002	0	5.28754474	34.4	18.7	20.07	-999	-999	-999	-999
01-10-2002	1.6	0.853294005	23	16.5	6.89	-999	-999	-999	-999
02-10-2002	0	4.344344465	28.9	13	23.79	-999	-999	-999	-999
03-10-2002	0	4.006879433	31.9	14.8	18.48	-999	-999	-999	-999
04-10-2002	0	4.123986071	32.7	16.8	20.78	-999	-999	-999	-999
05-10-2002	0	5.102404948	34.7	18	22.79	-999	-999	-999	-999
06-10-2002	0.2	3.773154916	34.5	19.2	17.33	-999	-999	-999	-999
07-10-2002	0	5.545964907	34.8	19.2	22.47	-999	-999	-999	-999
08-10-2002	0	5.523213288	36.3	20.1	23.15	-999	-999	-999	-999
09-10-2002	0	5.07085675	36.8	19.5	21.58	-999	-999	-999	-999
10-10-2002	0	4.620821682	36.6	18.1	20.73	-999	-999	-999	-999
11-10-2002	0	5.255225889	37.3	21.2	22.44	-999	-999	-999	-999
12-10-2002	0	5.417512487	37.8	18.1	21.97	-999	-999	-999	-999
13-10-2002	1	4.705044209	37.5	18.1	20.92	-999	-999	-999	-999
14-10-2002	0	4.659915751	37.2	17.2	22.21	-999	-999	-999	-999
15-10-2002	0	4.517241944	36	14.3	22.26	-999	-999	-999	-999
16-10-2002	0	6.069611418	37.3	18.6	23.34	-999	-999	-999	-999
17-10-2002	0	3.940074054	30.7	21.1	14.98	-999	-999	-999	-999
18-10-2002	0	4.269826808	32.5	19.9	18.36	-999	-999	-999	-999
19-10-2002	0	4.066453377	33.6	20	16.59	-999	-999	-999	-999
20-10-2002	0	5.042546921	35.6	20.4	20.35	-999	-999	-999	-999
21-10-2002	4.4	4.686646128	36.8	19.4	19.27	-999	-999	-999	-999
22-10-2002	0	4.5613562	30.8	15.7	21.85	-999	-999	-999	-999
23-10-2002	0	4.724121535	28.6	16.3	24.24	-999	-999	-999	-999
24-10-2002	0	4.753257017	34.5	18.5	23.16	-999	-999	-999	-999
25-10-2002	11.6	3.130528018	35	19.4	16.87	-999	-999	-999	-999
26-10-2002	0.2	4.410601389	32.7	17.7	21.51	-999	-999	-999	-999
27-10-2002	0	4.866367506	33.1	16.5	23.85	-999	-999	-999	-999
28-10-2002	0	4.772558306	34.8	18.4	23.72	-999	-999	-999	-999
29-10-2002	71.8	4.939524593	35.7	19.7	22.76	-999	-999	-999	-999
30-10-2002	0.2	1.975342596	28	19	10.32	-999	-999	-999	-999
31-10-2002	0	3.5302635	28.1	17.5	18.58	-999	-999	-999	-999
01-11-2002	0	4.36101525	30.1	17.3	22.9	-999	-999	-999	-999
02-11-2002	0	5.244278373	31.7	15	27.43	-999	-999	-999	-999
03-11-2002	0	5.399019474	34.2	17.7	27.83	-999	-999	-999	-999
04-11-2002	8	2.475966307	29.7	19.4	12.76	-999	-999	-999	-999
05-11-2002	0	2.047462579	23.3	15.8	8.96	-999	-999	-999	-999
06-11-2002	0	3.698903121	23	12.9	19.6	-999	-999	-999	-999
07-11-2002	0	4.943362614	26.3	14	27.31	-999	-999	-999	-999
08-11-2002	0	4.926658677	28.4	12.8	28.35	-999	-999	-999	-999
09-11-2002	0	6.374160549	33.5	17.7	27.61	-999	-999	-999	-999
10-11-2002	5.8	3.832673509	33.2	19.5	16.46	-999	-999	-999	-999
11-11-2002	1	2.102852529	25.9	19.6	12.36	-999	-999	-999	-999
12-11-2002	0	3.331657704	27.6	18.2	16.99	-999	-999	-999	-999
13-11-2002	1.2	1.469746622	26.1	16.7	9.08	-999	-999	-999	-999
14-11-2002	25.6	3.419745023	30	18.3	18.18	-999	-999	-999	-999
15-11-2002	10.8	4.064193669	30.7	18.7	21.8	-999	-999	-999	-999
16-11-2002	0	4.18387668	32.2	18.5	20.89	-999	-999	-999	-999
17-11-2002	0	4.437895656	32.9	20.4	21.2	-999	-999	-999	-999
18-11-2002	34.4	4.00622886	34	18.5	19.67	-999	-999	-999	-999
19-11-2002	0.2	4.237319235	30.3	19.4	22.63	-999	-999	-999	-999
20-11-2002	0	5.306269615	32.7	20.9	26.69	-999	-999	-999	-999
21-11-2002	0	6.373419996	34.8	21.2	25.21	-999	-999	-999	-999
22-11-2002	0	4.179790299	30.7	19.9	18.83	-999	-999	-999	-999
23-11-2002	0	4.538411406	32.8	21.5	22.02	-999	-999	-999	-999
24-11-2002	0	3.925938441	31.5	22.7	18.41	-999	-999	-999	-999
25-11-2002	19	3.979533779	32.8	20	18.74	-999	-999	-999	-999
26-11-2002	7	0.523466598	24.7	20.4	5.75	-999	-999	-999	-999
27-11-2002	21	3.921161591	31.8	20.5	20.8	-999	-999	-999	-999
28-11-2002	26.8	4.331720736	32.6	19.5	21.74	-999	-999	-999	-999
29-11-2002	9.4	3.330668605	31.6	20.6	16.03	-999	-999	-999	-999
30-11-2002	0.2	1.642549287	27.1	20.1	10.97	-999	-999	-999	-999
01-12-2002	14	4.74711589	33.6	21.2	23.02	-999	-999	-999	-999
02-12-2002	0.2	2.448135316	28.7	21	13.41	-999	-999	-999	-999
03-12-2002	0	4.631529629	30.9	20.7	22.79	-999	-999	-999	-999
04-12-2002	3.6	5.023131279	34.8	21	25.88	-999	-999	-999	-999
05-12-2002	2.4	4.343301457	32.4	21.1	22.63	-999	-999	-999	-999
06-12-2002	6.4	4.033153064	32.3	21.5	21.57	-999	-999	-999	-999
07-12-2002	0	3.611283572	31.9	19.8	19.36	-999	-999	-999	-999
08-12-2002	4.2	2.113488794	27.3	20.1	11.74	-999	-999	-999	-999
09-12-2002	0.2	2.984941453	27.3	18.1	13.5	-999	-999	-999	-999
10-12-2002	0	3.770610931	28.8	20.1	17.97	-999	-999	-999	-999
11-12-2002	1.2	1.998129937	25.7	20.3	11.8	-999	-999	-999	-999
12-12-2002	0.2	3.651324611	30.5	19	20.15	-999	-999	-999	-999
13-12-2002	2.4	2.04486403	29.6	19.1	13.53	-999	-999	-999	-999
14-12-2002	10.2	3.504831617	30.3	19.8	19.71	-999	-999	-999	-999
15-12-2002	36.2	2.66755307	28.6	19.1	14.7	-999	-999	-999	-999
16-12-2002	3.4	2.680406508	27.8	19	16.45	-999	-999	-999	-999
17-12-2002	0.2	4.427111756	31.3	18.9	22.51	-999	-999	-999	-999
18-12-2002	0	4.719723772	30.3	15.8	24.69	-999	-999	-999	-999
19-12-2002	15.2	3.925652477	33.5	20.1	21.18	-999	-999	-999	-999
20-12-2002	0.4	5.108918721	33.2	20.5	24.51	-999	-999	-999	-999
21-12-2002	11.6	3.878616891	31.8	20.1	20.85	-999	-999	-999	-999
22-12-2002	0	5.134000371	33.4	20.8	26.26	-999	-999	-999	-999
23-12-2002	0.6	3.976099821	32.8	21.1	21.31	-999	-999	-999	-999
24-12-2002	9.8	3.577387094	31.9	20.4	19.47	-999	-999	-999	-999
25-12-2002	5.6	1.664907679	26.9	17	11.59	-999	-999	-999	-999
26-12-2002	0.2	3.794946016	28.5	16.2	22.07	-999	-999	-999	-999
27-12-2002	0	4.701110014	31	15.7	26.03	-999	-999	-999	-999
28-12-2002	0	5.253320241	32.5	16.7	28.54	-999	-999	-999	-999
29-12-2002	0	4.993875086	33.4	17.5	26.51	-999	-999	-999	-999
30-12-2002	0	5.449933748	34.1	19.8	27.99	-999	-999	-999	-999
31-12-2002	0	5.473307009	34.4	21	27.38	-999	-999	-999	-999
01-01-2003	0	4.457075136	33.5	21.9	22.6	-999	-999	-999	-999
02-01-2003	0	3.183637163	31	21	17.63	-999	-999	-999	-999
03-01-2003	41.2	2.527590326	30.9	20.5	14.66	-999	-999	-999	-999
04-01-2003	21.4	2.160725967	28.7	20.6	13.62	-999	-999	-999	-999
05-01-2003	4.6	2.073708442	27.2	21.5	13.06	-999	-999	-999	-999
06-01-2003	0.4	3.540893766	30.3	16.6	19.7	-999	-999	-999	-999
07-01-2003	0	4.993269581	31.9	15.4	28.61	-999	-999	-999	-999
08-01-2003	0	5.292527012	32.4	18.5	29.51	-999	-999	-999	-999
09-01-2003	0	4.841535614	32.9	21.5	24.65	-999	-999	-999	-999
10-01-2003	6.2	4.475626078	34.8	20.1	22.86	-999	-999	-999	-999
11-01-2003	26.6	4.648147218	32.3	20.5	23.77	-999	-999	-999	-999
12-01-2003	32.2	1.374979575	27.2	19.7	9.81	-999	-999	-999	-999
13-01-2003	2.8	0.716580257	24.8	18.6	8.78	-999	-999	-999	-999
14-01-2003	0	3.314709381	28.6	18.4	19.27	-999	-999	-999	-999
15-01-2003	0	3.649055333	30.3	19.1	20.76	-999	-999	-999	-999
16-01-2003	4.8	2.795351198	31.3	18.4	17.38	-999	-999	-999	-999
17-01-2003	9	3.874087309	31	19.2	21.77	-999	-999	-999	-999
18-01-2003	9.8	3.967892811	31.4	19.5	21.5	-999	-999	-999	-999
19-01-2003	0	3.734598953	30.8	20	21.01	-999	-999	-999	-999
20-01-2003	2.2	3.030751422	30.4	21.1	17.88	-999	-999	-999	-999
21-01-2003	21.6	1.673262544	29	20.2	11.15	-999	-999	-999	-999
22-01-2003	22	3.536683717	30.8	20.8	18.74	-999	-999	-999	-999
23-01-2003	3.4	2.357994318	29.3	21	12.95	-999	-999	-999	-999
24-01-2003	25.6	1.713676325	28.3	18.8	11.34	-999	-999	-999	-999
25-01-2003	0	1.796325047	25.5	19.3	12.62	-999	-999	-999	-999
26-01-2003	2.6	2.153915113	26.8	19.9	14.17	-999	-999	-999	-999
27-01-2003	37.2	1.102875967	26.3	19.1	9.84	-999	-999	-999	-999
28-01-2003	16.6	1.298747671	26.8	19.8	10.69	-999	-999	-999	-999
29-01-2003	14.6	1.078037709	25.3	18.6	9.21	-999	-999	-999	-999
30-01-2003	11	1.240810862	25.2	19.1	11.2	-999	-999	-999	-999
31-01-2003	0.2	2.941120435	28.9	20.5	16.2	-999	-999	-999	-999
01-02-2003	0	3.021159824	31	18.5	19.31	-999	-999	-999	-999
02-02-2003	0	5.405725447	33.8	19.4	26.93	-999	-999	-999	-999
03-02-2003	0	5.439412406	33.6	19	26.77	-999	-999	-999	-999
04-02-2003	1	3.853022716	32.7	18.8	21.76	-999	-999	-999	-999
05-02-2003	2.4	3.661280837	32.8	19.7	20.56	-999	-999	-999	-999
06-02-2003	0	4.732624448	32.5	19.8	24.82	-999	-999	-999	-999
07-02-2003	0	4.847193878	33.7	21.3	24.7	-999	-999	-999	-999
08-02-2003	0	4.643602812	34.5	22	24.31	-999	-999	-999	-999
09-02-2003	6	1.627980894	31.6	19.6	12.71	-999	-999	-999	-999
10-02-2003	0	5.072681819	34.5	20	26.4	-999	-999	-999	-999
11-02-2003	0	3.991736493	33.8	19.1	22.52	-999	-999	-999	-999
12-02-2003	10.4	4.691078048	35	19.9	24.32	-999	-999	-999	-999
13-02-2003	7	3.925818232	32.8	19.2	21.77	-999	-999	-999	-999
14-02-2003	14.6	1.331706894	25.1	18.9	10.01	-999	-999	-999	-999
15-02-2003	13.2	0.27898926	23.3	19	6.21	-999	-999	-999	-999
16-02-2003	14	3.807695208	30.7	20.5	20.29	-999	-999	-999	-999
17-02-2003	9	1.297486147	26.5	20.5	8.67	-999	-999	-999	-999
18-02-2003	12.2	1.167907068	28.4	17.8	9.36	-999	-999	-999	-999
19-02-2003	0.2	4.098847461	31.8	19.2	20.53	-999	-999	-999	-999
20-02-2003	1.6	3.822534538	31.7	21.3	21.25	-999	-999	-999	-999
21-02-2003	0.2	4.55637371	32.3	21.1	22.32	-999	-999	-999	-999
22-02-2003	0	4.566984621	33.3	19.6	23.31	-999	-999	-999	-999
23-02-2003	0	4.668203862	32.9	18.8	24.44	-999	-999	-999	-999
24-02-2003	0	4.400471922	33.9	19.1	24.33	-999	-999	-999	-999
25-02-2003	0	4.734731752	34.5	19.1	25.21	-999	-999	-999	-999
26-02-2003	0	4.532945588	33.1	17.6	24.85	-999	-999	-999	-999
27-02-2003	0	4.562887857	35.1	18.6	25.27	-999	-999	-999	-999
28-02-2003	0	4.483722027	34.4	17.2	24.67	-999	-999	-999	-999
01-03-2003	0	4.436768982	34.9	15.9	25.47	-999	-999	-999	-999
02-03-2003	0	4.600294078	33.8	18.6	24.9	-999	-999	-999	-999
03-03-2003	10.2	2.662740228	32	17.6	16.95	-999	-999	-999	-999
04-03-2003	0.2	4.258157213	32.7	18.4	23.24	-999	-999	-999	-999
05-03-2003	4.4	3.285621975	31.8	18.2	20.07	-999	-999	-999	-999
06-03-2003	9.4	3.780103128	33	18.7	20.69	-999	-999	-999	-999
07-03-2003	31.2	3.787667534	32	19.7	20.24	-999	-999	-999	-999
08-03-2003	39.6	0.983038	26.7	19.3	9.45	-999	-999	-999	-999
09-03-2003	14.2	1.138821913	27.1	20.4	9.13	-999	-999	-999	-999
10-03-2003	4.4	1.355169298	26.5	20.7	9.08	-999	-999	-999	-999
11-03-2003	3.4	1.644951611	28.6	20.9	11.47	-999	-999	-999	-999
12-03-2003	1.4	2.186773279	28.9	20.1	14.06	-999	-999	-999	-999
13-03-2003	0	3.196746709	30.3	17.3	18.61	-999	-999	-999	-999
14-03-2003	0	3.808950856	31.3	17.6	21.84	-999	-999	-999	-999
15-03-2003	0	4.146541026	32	19.2	22.66	-999	-999	-999	-999
16-03-2003	0.2	2.682433695	30.7	18.8	16.25	-999	-999	-999	-999
17-03-2003	0.2	3.26116705	28.5	17	18.11	-999	-999	-999	-999
18-03-2003	0	2.703061569	27.7	16.6	17.47	-999	-999	-999	-999
19-03-2003	0	3.040336536	29.8	16.8	18.45	-999	-999	-999	-999
20-03-2003	9	2.84698786	31	18.1	17.05	-999	-999	-999	-999
21-03-2003	14.8	1.267606993	27.1	18.5	9	-999	-999	-999	-999
22-03-2003	0	2.78417268	26.1	15.8	17.49	-999	-999	-999	-999
23-03-2003	0	3.447563458	27.9	16.7	20.16	-999	-999	-999	-999
24-03-2003	0	3.199355002	28.6	17.2	17.64	-999	-999	-999	-999
25-03-2003	0	3.44104175	28.2	17.5	19.13	-999	-999	-999	-999
26-03-2003	0.4	2.046648131	26.7	17.8	12.8	-999	-999	-999	-999
27-03-2003	17.8	1.62167122	28.3	16.6	13.27	-999	-999	-999	-999
28-03-2003	0	3.487033796	27.2	15.1	21.27	-999	-999	-999	-999
29-03-2003	0	3.865601806	30.2	16.2	22.54	-999	-999	-999	-999
30-03-2003	0	3.498957398	31.5	15.7	21.04	-999	-999	-999	-999
31-03-2003	0	3.741932837	32.1	16.6	20.63	-999	-999	-999	-999
01-04-2003	0	3.234293406	30.7	13.9	18.78	-999	-999	-999	-999
02-04-2003	0	3.535465061	30.9	14.9	21.74	-999	-999	-999	-999
03-04-2003	0	3.575642811	30.6	15.7	20.81	-999	-999	-999	-999
04-04-2003	10.2	0.001	23	17.4	4.42	-999	-999	-999	-999
05-04-2003	0	1.533128767	25.3	16.6	10.55	-999	-999	-999	-999
06-04-2003	20	1.856058468	27.4	17.7	11.63	-999	-999	-999	-999
07-04-2003	0.2	1.745295528	25.1	11.8	13.14	-999	-999	-999	-999
08-04-2003	0	3.237518561	27.9	12.8	21.18	-999	-999	-999	-999
09-04-2003	0.2	2.256799036	28.5	15.2	14.41	-999	-999	-999	-999
10-04-2003	5.8	0.129958485	24	18.1	4.97	-999	-999	-999	-999
11-04-2003	0.6	1.786284886	27.1	11.6	13.97	-999	-999	-999	-999
12-04-2003	0	2.500814306	25.9	11	19.09	-999	-999	-999	-999
13-04-2003	0	3.296235948	25.2	11.6	21.76	-999	-999	-999	-999
14-04-2003	0	3.340884663	27.6	14.2	20.43	-999	-999	-999	-999
15-04-2003	0	1.661172777	26.5	14.6	12.99	-999	-999	-999	-999
16-04-2003	0	2.706682257	28.3	12.9	18.39	-999	-999	-999	-999
17-04-2003	0.2	2.699016679	30	14	18.35	-999	-999	-999	-999
18-04-2003	0	3.821273499	30.9	14.9	19.19	-999	-999	-999	-999
19-04-2003	8	2.724371146	31.4	17.6	14.41	-999	-999	-999	-999
20-04-2003	0.2	2.05041299	25.6	18.3	12.46	-999	-999	-999	-999
21-04-2003	1.4	1.246980799	26.7	16.5	10.38	-999	-999	-999	-999
22-04-2003	3.8	2.893433169	31.1	16.6	17.88	-999	-999	-999	-999
23-04-2003	0.2	3.043850383	31	14.6	19.19	-999	-999	-999	-999
24-04-2003	0	2.666773414	30.8	14.2	18.85	-999	-999	-999	-999
25-04-2003	0	2.694022694	31	13.3	18.45	-999	-999	-999	-999
26-04-2003	0	2.664119561	32	14.7	17.47	-999	-999	-999	-999
27-04-2003	0	2.67562386	32.6	14.1	18.42	-999	-999	-999	-999
28-04-2003	0	2.630011221	32.1	14.4	17.73	-999	-999	-999	-999
29-04-2003	0	2.349298133	31.9	14.1	16.49	-999	-999	-999	-999
30-04-2003	0	2.495209313	32.3	15	16.6	-999	-999	-999	-999
01-05-2003	1.8	2.369615322	30.5	15.8	15.02	-999	-999	-999	-999
02-05-2003	24	0.001	21.4	10.1	4.03	-999	-999	-999	-999
03-05-2003	0.2	2.314110442	22.8	9	18.7	-999	-999	-999	-999
04-05-2003	0	2.350909763	24.8	10.1	16.65	-999	-999	-999	-999
05-05-2003	7.2	0.443378777	21.5	14.5	5.2	-999	-999	-999	-999
06-05-2003	0.2	1.655313255	24.1	8.9	14.42	-999	-999	-999	-999
07-05-2003	0	1.932689976	21	4.5	18.66	-999	-999	-999	-999
08-05-2003	0	1.880871484	21.7	5.3	18.12	-999	-999	-999	-999
09-05-2003	0	1.987390526	22.8	6.9	16.48	-999	-999	-999	-999
10-05-2003	0	2.06933643	24.7	10.1	15.72	-999	-999	-999	-999
11-05-2003	0	2.263248486	26	9.1	16.71	-999	-999	-999	-999
12-05-2003	0	2.28927323	25.8	10.2	17.16	-999	-999	-999	-999
13-05-2003	0.2	2.120661058	26.9	10.4	16.02	-999	-999	-999	-999
14-05-2003	0	2.404992773	27.3	11.9	16.35	-999	-999	-999	-999
15-05-2003	0	2.079983472	27.9	11.9	14.64	-999	-999	-999	-999
16-05-2003	0	2.39702503	29	12.2	16.62	-999	-999	-999	-999
17-05-2003	0	2.158692802	29.2	10	16.35	-999	-999	-999	-999
18-05-2003	0	2.013038904	27.5	9.8	16.14	-999	-999	-999	-999
19-05-2003	0	2.087047005	26.7	11	15.98	-999	-999	-999	-999
20-05-2003	0.2	1.981544969	28.3	11.4	14.21	-999	-999	-999	-999
21-05-2003	0	1.813769686	29.3	13.5	13	-999	-999	-999	-999
22-05-2003	0	2.314171156	30	14.3	13.85	-999	-999	-999	-999
23-05-2003	23	1.175549458	27.7	15.5	7.08	-999	-999	-999	-999
24-05-2003	0.4	1.553039064	21.5	5.7	14.36	-999	-999	-999	-999
25-05-2003	0	1.758882469	22.1	4.5	16.75	-999	-999	-999	-999
26-05-2003	0	1.523418752	23.1	4.5	16.13	-999	-999	-999	-999
27-05-2003	0.2	0.489932973	20.1	4.7	9.95	-999	-999	-999	-999
28-05-2003	0	1.56662147	25	5	13.92	-999	-999	-999	-999
29-05-2003	0	1.742403852	25.8	8	14.46	-999	-999	-999	-999
30-05-2003	0.2	1.577346085	27	9.5	13.06	-999	-999	-999	-999
31-05-2003	0	1.913768669	28.1	9.8	14.37	-999	-999	-999	-999
01-06-2003	0	1.811680098	28.6	8.2	14.85	-999	-999	-999	-999
02-06-2003	0	2.208995452	28.3	9.8	15.26	-999	-999	-999	-999
03-06-2003	3.6	1.719761911	28.5	13	10.25	-999	-999	-999	-999
04-06-2003	0	1.370687776	25.2	15	9.05	-999	-999	-999	-999
05-06-2003	1.4	0.568770732	21.5	15.4	6.04	-999	-999	-999	-999
06-06-2003	0	2.182363449	28.9	14.5	13.11	-999	-999	-999	-999
07-06-2003	0.2	1.817238091	29.3	14.7	12.41	-999	-999	-999	-999
08-06-2003	0.2	1.673629036	27.2	13.7	11.39	-999	-999	-999	-999
09-06-2003	0.2	1.842947271	29	13.6	12.57	-999	-999	-999	-999
10-06-2003	0	2.245956107	28.6	14	13.95	-999	-999	-999	-999
11-06-2003	0	2.190288526	28.9	11	14.08	-999	-999	-999	-999
12-06-2003	0	1.764908297	28.6	10.6	13.57	-999	-999	-999	-999
13-06-2003	0	1.734738823	29	10.6	13.39	-999	-999	-999	-999
14-06-2003	0	1.74536387	27.3	10.5	12.44	-999	-999	-999	-999
15-06-2003	0	1.822690192	29.4	10.4	12.64	-999	-999	-999	-999
16-06-2003	0	1.683315951	28.6	10.3	12.07	-999	-999	-999	-999
17-06-2003	0.2	1.600177138	28.4	10.4	11.73	-999	-999	-999	-999
18-06-2003	0	1.515849959	28.5	10.4	11.38	-999	-999	-999	-999
19-06-2003	0	1.764869669	27.6	10.6	11.61	-999	-999	-999	-999
20-06-2003	0	1.719828785	26.1	9.2	12.63	-999	-999	-999	-999
21-06-2003	0	1.249891935	24.7	7.3	10.51	-999	-999	-999	-999
22-06-2003	0	1.658502047	25.8	7.4	12.75	-999	-999	-999	-999
23-06-2003	0.2	1.67579866	27.9	6.9	13.05	-999	-999	-999	-999
24-06-2003	0	1.572846444	30.3	7	12.68	-999	-999	-999	-999
25-06-2003	0	1.511613535	27.6	7	12.26	-999	-999	-999	-999
26-06-2003	0	1.403138176	26.4	7.1	11.17	-999	-999	-999	-999
27-06-2003	0	1.30447515	26.8	6.9	11.91	-999	-999	-999	-999
28-06-2003	0	1.710376939	27.3	6.6	12.67	-999	-999	-999	-999
29-06-2003	0	1.776320144	26.4	6.6	12.42	-999	-999	-999	-999
30-06-2003	0	1.909661412	24.7	5.7	13.13	-999	-999	-999	-999
01-07-2003	0	1.58699576	25.8	5.5	12.84	-999	-999	-999	-999
02-07-2003	0	1.508400935	25.3	5.7	12.36	-999	-999	-999	-999
03-07-2003	0	1.441093638	25.8	5.4	12.39	-999	-999	-999	-999
04-07-2003	0	1.676422817	27.1	5.4	12.47	-999	-999	-999	-999
05-07-2003	0	2.194467684	28.4	8.3	12.71	-999	-999	-999	-999
06-07-2003	0	2.388757377	28.9	9.6	11.38	-999	-999	-999	-999
07-07-2003	0	1.943570961	27	11.1	9.91	-999	-999	-999	-999
08-07-2003	0	2.597445363	30.3	11.1	12.49	-999	-999	-999	-999
09-07-2003	0	2.734499419	30	11.5	12.68	-999	-999	-999	-999
10-07-2003	15.2	0.158507186	18.5	13.4	2.27	-999	-999	-999	-999
11-07-2003	0.2	0.816692832	19.4	7.8	6.12	-999	-999	-999	-999
12-07-2003	0	1.752440573	16.8	7.8	9.47	-999	-999	-999	-999
13-07-2003	0	1.51288161	20.3	10	7.64	-999	-999	-999	-999
14-07-2003	0	1.451240922	24	9.9	9.91	-999	-999	-999	-999
15-07-2003	0	1.997787526	26.3	8.8	14.21	-999	-999	-999	-999
16-07-2003	0	2.184459673	27.7	9	14.18	-999	-999	-999	-999
17-07-2003	0	1.697185638	24.7	9.2	12.7	-999	-999	-999	-999
18-07-2003	0	1.883246505	27.9	8.2	13.76	-999	-999	-999	-999
19-07-2003	0	2.017568056	27.9	8.2	14.48	-999	-999	-999	-999
20-07-2003	0	2.188330488	29.5	7.6	14.78	-999	-999	-999	-999
21-07-2003	0	2.438503394	31.1	7.8	14.58	-999	-999	-999	-999
22-07-2003	0	2.296993001	29.8	8.6	14.22	-999	-999	-999	-999
23-07-2003	0	2.538682842	29.3	9.4	14.8	-999	-999	-999	-999
24-07-2003	0	2.587226866	28.5	9.4	14.67	-999	-999	-999	-999
25-07-2003	0	2.81117153	28.6	9.6	12.41	-999	-999	-999	-999
26-07-2003	0	2.595105533	27.5	11.8	10.68	-999	-999	-999	-999
27-07-2003	0	2.354775911	25.3	10.7	12.07	-999	-999	-999	-999
28-07-2003	0	2.106104541	26	9.2	12.01	-999	-999	-999	-999
29-07-2003	0	2.351674142	26.8	9.2	12.29	-999	-999	-999	-999
30-07-2003	0	2.178676233	28.3	11	13.09	-999	-999	-999	-999
31-07-2003	0	2.237759514	28.5	11	13.71	-999	-999	-999	-999
01-08-2003	0	2.201917571	28.6	11	14.01	-999	-999	-999	-999
02-08-2003	0	2.443506799	28.4	10.2	14.59	-999	-999	-999	-999
03-08-2003	0	2.357904817	28.9	10	15.26	-999	-999	-999	-999
04-08-2003	0	2.480171491	28.8	9.7	15.05	-999	-999	-999	-999
05-08-2003	0	3.749783142	30.6	11.8	15.43	-999	-999	-999	-999
06-08-2003	3.4	2.322828452	26.1	15.4	9.93	-999	-999	-999	-999
07-08-2003	5.4	0.0369	20.4	13.4	2.9	-999	-999	-999	-999
08-08-2003	2.2	2.625221717	27.8	13.6	13.34	-999	-999	-999	-999
09-08-2003	4.8	0.0507	19.9	9.6	3.08	-999	-999	-999	-999
10-08-2003	0	1.723778564	19.2	4.7	13.15	-999	-999	-999	-999
11-08-2003	0	2.579918274	21.3	5.2	17.27	-999	-999	-999	-999
12-08-2003	0	2.531398655	24.5	7.1	16.93	-999	-999	-999	-999
13-08-2003	0	2.480859681	27.3	8	16.33	-999	-999	-999	-999
14-08-2003	0.2	2.235301397	27.2	11.1	13.65	-999	-999	-999	-999
15-08-2003	0.2	2.308362466	26.2	12.3	12.86	-999	-999	-999	-999
16-08-2003	0	2.172385171	23.9	6.2	14.3	-999	-999	-999	-999
17-08-2003	0	2.525897376	21.1	4.7	17.86	-999	-999	-999	-999
18-08-2003	0	2.94402404	24.7	4.3	18.3	-999	-999	-999	-999
19-08-2003	0	2.896004346	29.8	5	17.56	-999	-999	-999	-999
20-08-2003	0	2.863713372	29.9	6.6	17.51	-999	-999	-999	-999
21-08-2003	0	2.787609121	30.5	7.3	17.27	-999	-999	-999	-999
22-08-2003	0	2.868171376	31.3	8	16.15	-999	-999	-999	-999
23-08-2003	0	3.148931778	32.8	8.3	16.5	-999	-999	-999	-999
24-08-2003	0	4.967341119	33.7	12.7	16.63	-999	-999	-999	-999
25-08-2003	2	0.001	18.8	11.7	1.81	-999	-999	-999	-999
26-08-2003	0.2	2.346464363	21.1	7.3	15.76	-999	-999	-999	-999
27-08-2003	0	2.365241951	23.9	7.4	14.24	-999	-999	-999	-999
28-08-2003	0	1.486265227	20	11.5	7.26	-999	-999	-999	-999
29-08-2003	0	1.948033581	20.3	10	10.1	-999	-999	-999	-999
30-08-2003	0	2.949836288	25.8	10.5	16.34	-999	-999	-999	-999
31-08-2003	0	1.772968699	23.2	8.9	11.28	-999	-999	-999	-999
01-09-2003	0	3.258205074	27.5	9.3	17.42	-999	-999	-999	-999
02-09-2003	0	3.166314762	27.5	8.7	17.21	-999	-999	-999	-999
03-09-2003	0	3.504080681	27.8	9.4	18.34	-999	-999	-999	-999
04-09-2003	0	3.271633452	28.7	10.8	17.11	-999	-999	-999	-999
05-09-2003	0	4.026537705	30.3	11.4	18.32	-999	-999	-999	-999
06-09-2003	0	4.34230351	30.6	13.2	18.45	-999	-999	-999	-999
07-09-2003	0	4.922998484	32.5	15.4	17.96	-999	-999	-999	-999
08-09-2003	0	4.585874102	32	17.5	15.04	-999	-999	-999	-999
09-09-2003	0	1.373891941	24.8	18.3	5.59	-999	-999	-999	-999
10-09-2003	5	0.288641912	21.5	12.4	2.65	-999	-999	-999	-999
11-09-2003	0.2	2.076101912	19.9	8.2	12.19	-999	-999	-999	-999
12-09-2003	0	3.706963936	29.5	8.8	18.52	-999	-999	-999	-999
13-09-2003	0	2.546096315	23.5	12.4	9.77	-999	-999	-999	-999
14-09-2003	0	3.672599636	24.5	9.8	20.12	-999	-999	-999	-999
15-09-2003	0	4.415056652	31.3	10.7	19.76	-999	-999	-999	-999
16-09-2003	7.4	0.694232961	20	14.8	4.87	-999	-999	-999	-999
17-09-2003	0	3.115834969	25.2	11	17.04	-999	-999	-999	-999
18-09-2003	0	3.621296263	28.9	11.6	20.28	-999	-999	-999	-999
19-09-2003	0	4.22585268	31.9	13.2	19.62	-999	-999	-999	-999
20-09-2003	0	4.746295131	33.3	13.9	19.42	-999	-999	-999	-999
21-09-2003	0	3.854573779	31.9	13.8	19.13	-999	-999	-999	-999
22-09-2003	0	4.292349921	35	14.4	20.05	-999	-999	-999	-999
23-09-2003	0	4.506017806	36	14.3	19.48	-999	-999	-999	-999
24-09-2003	0	5.442295499	36.4	17.1	19.19	-999	-999	-999	-999
25-09-2003	0	4.409216332	33.1	18.1	18.33	-999	-999	-999	-999
26-09-2003	0.6	1.36792009	25.5	16.2	6.11	-999	-999	-999	-999
27-09-2003	0.2	1.182314883	24.7	13.6	8.36	-999	-999	-999	-999
28-09-2003	0	4.904247172	32.3	14.8	20.97	-999	-999	-999	-999
29-09-2003	0	3.319897884	29.2	15.6	13.5	-999	-999	-999	-999
30-09-2003	0	4.517793063	29.7	12.5	21.32	-999	-999	-999	-999
01-10-2003	0	4.464476049	31.5	14	21.74	-999	-999	-999	-999
02-10-2003	0	4.342858408	33.4	14.8	20.24	-999	-999	-999	-999
03-10-2003	0	4.629576566	34	16.5	20.53	-999	-999	-999	-999
04-10-2003	0	4.627794787	34.7	15.8	21.23	-999	-999	-999	-999
05-10-2003	0	4.970427097	35.5	17.2	19.72	-999	-999	-999	-999
06-10-2003	0	3.800989747	32	20	13.9	-999	-999	-999	-999
07-10-2003	8	0.299401034	25.7	17.4	3.93	-999	-999	-999	-999
08-10-2003	0	2.738464773	28	17.1	13.54	-999	-999	-999	-999
09-10-2003	10.6	4.361465393	33.3	17.4	16.86	-999	-999	-999	-999
10-10-2003	21.2	3.322362442	27.3	15.8	15.22	-999	-999	-999	-999
11-10-2003	21.6	0.0799	17.5	13.1	3.89	-999	-999	-999	-999
12-10-2003	0	3.317773808	24.1	13.8	14.54	-999	-999	-999	-999
13-10-2003	0	4.233883078	27	12.6	22.54	-999	-999	-999	-999
14-10-2003	0	4.088516408	25.1	11.9	21.94	-999	-999	-999	-999
15-10-2003	0	4.794357731	26.8	11.7	23.92	-999	-999	-999	-999
16-10-2003	0	4.636502868	27.6	10.2	24.48	-999	-999	-999	-999
17-10-2003	0	4.841872083	30.8	12.8	24.27	-999	-999	-999	-999
18-10-2003	0	5.21213421	34.4	15.2	22.69	-999	-999	-999	-999
19-10-2003	0	5.094702748	35.9	18.1	20.36	-999	-999	-999	-999
20-10-2003	0	4.188837244	30.3	19.2	15.99	-999	-999	-999	-999
21-10-2003	1	1.243969377	28.6	18	7.32	-999	-999	-999	-999
22-10-2003	0.2	4.509440475	29.4	18.4	18.3	-999	-999	-999	-999
23-10-2003	0	4.024837332	27.9	17.8	16.77	-999	-999	-999	-999
24-10-2003	0	5.137906058	31.7	17.4	21.67	-999	-999	-999	-999
25-10-2003	0	5.871573991	33.6	19.8	21.59	-999	-999	-999	-999
26-10-2003	15.6	5.691557914	35.2	19	17.57	-999	-999	-999	-999
27-10-2003	3.2	0.196141417	21.9	19	4.14	-999	-999	-999	-999
28-10-2003	4.2	1.072092892	23	16.6	7.98	-999	-999	-999	-999
29-10-2003	0.2	3.036972364	27.6	16.7	15.66	-999	-999	-999	-999
30-10-2003	0	4.222468515	29.3	16.4	19.3	-999	-999	-999	-999
31-10-2003	0	5.329751375	31.7	18.6	23.52	-999	-999	-999	-999
01-11-2003	2.6	1.776606381	26.4	16.8	7.92	-999	-999	-999	-999
02-11-2003	0.8	1.977136804	21.6	14.2	7.08	-999	-999	-999	-999
03-11-2003	0	3.639244301	24	10.6	18.54	-999	-999	-999	-999
04-11-2003	0	5.349143934	26.4	13.5	26.09	-999	-999	-999	-999
05-11-2003	0.4	3.446705487	28	16.1	17.05	-999	-999	-999	-999
06-11-2003	0.2	2.178569748	26.1	15.8	11.19	-999	-999	-999	-999
07-11-2003	4.6	3.269913829	29.9	13.2	17.24	-999	-999	-999	-999
08-11-2003	0.2	5.578317894	30.7	16	25.68	-999	-999	-999	-999
09-11-2003	0	5.801853593	33.5	16	25.66	-999	-999	-999	-999
10-11-2003	0	6.366196859	35.6	17.8	25.1	-999	-999	-999	-999
11-11-2003	0	6.113361634	36	20.3	21.85	-999	-999	-999	-999
12-11-2003	12.8	6.705007804	36.1	20	20.41	-999	-999	-999	-999
13-11-2003	6.6	1.030326522	25	18.3	7.43	-999	-999	-999	-999
14-11-2003	0	3.914913033	27.5	15.9	19.4	-999	-999	-999	-999
15-11-2003	0	5.142857237	31.9	18.5	22.8	-999	-999	-999	-999
16-11-2003	50.4	5.452957104	33	19.3	20.88	-999	-999	-999	-999
17-11-2003	29.6	1.547926057	29.1	19.6	8.75	-999	-999	-999	-999
18-11-2003	8.8	3.046125716	28.8	19.9	13.53	-999	-999	-999	-999
19-11-2003	0	1.713870715	25.5	15.2	10.42	-999	-999	-999	-999
20-11-2003	0	5.845855832	29.6	16.9	27.46	-999	-999	-999	-999
21-11-2003	0	4.243025081	27.6	17.1	19.73	-999	-999	-999	-999
22-11-2003	0	4.956953608	30	19	23.1	-999	-999	-999	-999
23-11-2003	3	2.761432272	29.5	19	15.37	-999	-999	-999	-999
24-11-2003	8.8	0.976671727	26.5	18.7	7.64	-999	-999	-999	-999
25-11-2003	0.8	5.360325767	31.4	19.7	22.77	-999	-999	-999	-999
26-11-2003	13	2.014078675	27.7	19	13.47	-999	-999	-999	-999
27-11-2003	0.4	4.295290656	31	20	19.77	-999	-999	-999	-999
28-11-2003	1.4	1.993746096	24.2	17.4	9.83	-999	-999	-999	-999
29-11-2003	0	4.536709638	29.3	16.6	23.33	-999	-999	-999	-999
30-11-2003	72.8	4.292441473	32.3	19.8	19.46	-999	-999	-999	-999
01-12-2003	9.8	1.746586604	26.4	19.7	11.06	-999	-999	-999	-999
02-12-2003	2.8	4.646520759	31.3	20.3	22.24	-999	-999	-999	-999
03-12-2003	4.4	4.487673198	32	21	21.05	-999	-999	-999	-999
04-12-2003	0.2	2.730374632	28	21.4	14.99	-999	-999	-999	-999
05-12-2003	1.4	2.151661313	28.3	20	12.54	-999	-999	-999	-999
06-12-2003	3.4	2.949266432	30.2	19.3	14.99	-999	-999	-999	-999
07-12-2003	23.4	2.544228635	27.9	19.8	13.83	-999	-999	-999	-999
08-12-2003	16	3.926382277	31.3	18.7	17.79	-999	-999	-999	-999
09-12-2003	5.4	0.445609626	22.8	15.8	6.21	-999	-999	-999	-999
10-12-2003	0	4.211191521	29	17.8	20.53	-999	-999	-999	-999
11-12-2003	14.4	5.283122857	33.4	17.3	22.82	-999	-999	-999	-999
12-12-2003	1	1.664850148	26.4	17.7	12.23	-999	-999	-999	-999
13-12-2003	0	5.348178815	30.9	19	26.26	-999	-999	-999	-999
14-12-2003	0.4	4.769183567	34.3	20.3	22.64	-999	-999	-999	-999
15-12-2003	1.4	5.807154429	35	21.1	24.8	-999	-999	-999	-999
16-12-2003	2.2	5.787819942	35	19.6	25.5	-999	-999	-999	-999
17-12-2003	0.2	4.753622783	26.5	18.5	21.12	-999	-999	-999	-999
18-12-2003	0	4.931376275	29	18	23.49	-999	-999	-999	-999
19-12-2003	0	4.073201497	31.1	19.1	20.13	-999	-999	-999	-999
20-12-2003	5	4.771606618	32.7	19.5	22.32	-999	-999	-999	-999
21-12-2003	2.6	3.743752353	32.6	19.8	19.05	-999	-999	-999	-999
22-12-2003	19.6	4.885682424	31	19.2	24.15	-999	-999	-999	-999
23-12-2003	0.2	3.530445863	28.3	18	18.11	-999	-999	-999	-999
24-12-2003	0	4.305434601	25.9	16	24.34	-999	-999	-999	-999
25-12-2003	0	5.218924039	29.4	17.8	27.05	-999	-999	-999	-999
26-12-2003	0	4.36759731	29.6	17.8	23.2	-999	-999	-999	-999
27-12-2003	3	4.339835394	30.5	17.1	24.08	-999	-999	-999	-999
28-12-2003	0.2	4.9334538	31.3	18.6	25	-999	-999	-999	-999
29-12-2003	1.2	3.906091482	31.3	19.4	20.73	-999	-999	-999	-999
30-12-2003	1.4	4.942653393	32.2	20.3	22.86	-999	-999	-999	-999
31-12-2003	49.2	1.395305606	29.6	19.8	10.24	-999	-999	-999	-999
01-01-2004	12.6	1.388008235	23.9	18	9.21	-999	-999	-999	-999
02-01-2004	0.2	1.225485096	21	16.3	9.18	-999	-999	-999	-999
03-01-2004	0.2	3.708109131	26.3	17	18.66	-999	-999	-999	-999
04-01-2004	0	3.76847096	29.2	17.2	20.57	-999	-999	-999	-999
05-01-2004	0	4.614694678	30.3	17.6	24.75	-999	-999	-999	-999
06-01-2004	28.2	3.962125322	31.3	18.4	19.82	-999	-999	-999	-999
07-01-2004	3	1.288316811	24.3	18.6	11.57	-999	-999	-999	-999
08-01-2004	30	1.508475587	25.3	18.7	10.86	-999	-999	-999	-999
09-01-2004	13.4	1.621786042	27.9	18.8	12.07	-999	-999	-999	-999
10-01-2004	0	3.07320163	28.5	17	19.01	-999	-999	-999	-999
11-01-2004	0	5.144646891	31.9	19.3	26.81	-999	-999	-999	-999
12-01-2004	0	4.582449137	31.3	19	23.94	-999	-999	-999	-999
13-01-2004	0	4.978912904	30.6	18.1	26.69	-999	-999	-999	-999
14-01-2004	0	4.164369586	30.9	20.1	22.39	-999	-999	-999	-999
15-01-2004	1.4	4.209403085	32	18.6	23.51	-999	-999	-999	-999
16-01-2004	0.2	4.448236418	29.9	16	24.09	-999	-999	-999	-999
17-01-2004	0	4.967499903	29.3	14.4	27.6	-999	-999	-999	-999
18-01-2004	0	5.254179091	29.6	14.3	28.88	-999	-999	-999	-999
19-01-2004	0	4.827698396	29.5	17.5	24.79	-999	-999	-999	-999
20-01-2004	0	3.093697618	28.4	18.8	15.63	-999	-999	-999	-999
21-01-2004	0.2	1.030849778	25.2	19.4	8.06	-999	-999	-999	-999
22-01-2004	0.8	1.168593103	26.5	18.4	10.82	-999	-999	-999	-999
23-01-2004	18.2	3.255213293	30.6	19.9	17.7	-999	-999	-999	-999
24-01-2004	0	1.575114837	25.5	19.7	9.95	-999	-999	-999	-999
25-01-2004	68	2.038265849	28.6	18.8	11.92	-999	-999	-999	-999
26-01-2004	36.2	0.167139934	22.1	19.1	4.81	-999	-999	-999	-999
27-01-2004	19.8	0.393081862	23.2	20.1	6.69	-999	-999	-999	-999
28-01-2004	4.4	1.543886541	26.9	20.2	9.67	-999	-999	-999	-999
29-01-2004	0.2	3.003031834	30.5	18.5	19.01	-999	-999	-999	-999
30-01-2004	10.4	4.207428672	31.9	17.8	24.45	-999	-999	-999	-999
31-01-2004	0	3.028535148	31.5	18.8	17.83	-999	-999	-999	-999
01-02-2004	0	2.876210415	29.5	17.4	19.31	-999	-999	-999	-999
02-02-2004	0	4.061008474	31.3	19.6	22.03	-999	-999	-999	-999
03-02-2004	0	3.376060822	30	19.8	20.24	-999	-999	-999	-999
04-02-2004	0.2	4.754652277	32.4	21.4	23.77	-999	-999	-999	-999
05-02-2004	35.6	3.20316579	30.5	20.6	18.37	-999	-999	-999	-999
06-02-2004	0.6	2.65153007	27.5	17.8	15.47	-999	-999	-999	-999
07-02-2004	0	3.263326902	25.6	15.3	18.98	-999	-999	-999	-999
08-02-2004	0	4.970431441	27.8	15.6	28.62	-999	-999	-999	-999
09-02-2004	0	4.953225955	28.1	15.9	26.78	-999	-999	-999	-999
10-02-2004	0	5.091819748	29	17.2	26.57	-999	-999	-999	-999
11-02-2004	0	4.60387147	29.6	17	24.71	-999	-999	-999	-999
12-02-2004	0	4.351183619	31.3	16.4	24.43	-999	-999	-999	-999
13-02-2004	3	3.614244101	29.9	18.2	22.18	-999	-999	-999	-999
14-02-2004	32.4	0.524685232	23.1	19.2	7.22	-999	-999	-999	-999
15-02-2004	5.8	4.221703989	29.3	17.8	23.79	-999	-999	-999	-999
16-02-2004	0	4.127252397	29.9	16.8	23.39	-999	-999	-999	-999
17-02-2004	0	4.458579255	31	16.6	26.13	-999	-999	-999	-999
18-02-2004	0	4.108632556	33	19	23.36	-999	-999	-999	-999
19-02-2004	0.4	3.290256517	32.1	19.8	19.05	-999	-999	-999	-999
20-02-2004	17.2	2.51155783	29.9	19	14.84	-999	-999	-999	-999
21-02-2004	7	2.625193639	29.7	19.6	15.6	-999	-999	-999	-999
22-02-2004	38.6	1.364565912	26.5	18.1	10.69	-999	-999	-999	-999
23-02-2004	9.4	0.313152232	22.1	18.2	4.89	-999	-999	-999	-999
24-02-2004	6	0.742334631	22.4	17.6	8.56	-999	-999	-999	-999
25-02-2004	11.8	0.554351921	22.9	16	7.54	-999	-999	-999	-999
26-02-2004	0	3.119628911	29.1	14.6	19.9	-999	-999	-999	-999
27-02-2004	5.4	3.350689725	29	15.4	20.91	-999	-999	-999	-999
28-02-2004	0.2	4.285110428	28.3	15	25.72	-999	-999	-999	-999
29-02-2004	0	4.319616534	29.8	15.8	25.68	-999	-999	-999	-999
01-03-2004	0	4.114280232	31.3	16.8	23.38	-999	-999	-999	-999
02-03-2004	0.4	4.629076852	32.1	18.6	25.34	-999	-999	-999	-999
03-03-2004	13.4	2.318904122	32.2	19.2	14.54	-999	-999	-999	-999
04-03-2004	0.2	2.041153253	25.5	19.5	11.33	-999	-999	-999	-999
05-03-2004	3.4	1.220142508	26.1	18.6	9.43	-999	-999	-999	-999
06-03-2004	34.8	1.254014306	24	17.2	10.95	-999	-999	-999	-999
07-03-2004	0	3.389084291	29.8	17.7	19.36	-999	-999	-999	-999
08-03-2004	0	4.40301591	32	18.9	22.9	-999	-999	-999	-999
09-03-2004	0	4.729455465	32.2	18.8	24.45	-999	-999	-999	-999
10-03-2004	12.6	4.446242979	32.5	19	23.56	-999	-999	-999	-999
11-03-2004	0	4.47642859	30.2	18.8	23.37	-999	-999	-999	-999
12-03-2004	0	2.541161209	26.9	19.2	12.71	-999	-999	-999	-999
13-03-2004	0	3.694108797	29.9	19.9	19.5	-999	-999	-999	-999
14-03-2004	15.6	0.61244648	25.1	20	6.73	-999	-999	-999	-999
15-03-2004	0	3.602786136	29.2	16.4	21.24	-999	-999	-999	-999
16-03-2004	0	3.843579262	28.7	17	22.32	-999	-999	-999	-999
17-03-2004	0	3.542279539	29.4	16.2	20.82	-999	-999	-999	-999
18-03-2004	0	3.996592585	30.3	17	23.49	-999	-999	-999	-999
19-03-2004	16.6	1.784248441	30	17.4	12.19	-999	-999	-999	-999
20-03-2004	0.2	2.627902184	27.3	15.1	17.81	-999	-999	-999	-999
21-03-2004	0	3.299974704	26.3	13.1	22.13	-999	-999	-999	-999
22-03-2004	0	3.514169646	26.2	12.4	23.2	-999	-999	-999	-999
23-03-2004	0	3.146995721	26.2	12	21.46	-999	-999	-999	-999
24-03-2004	0	3.543146577	27.3	13.3	23.14	-999	-999	-999	-999
25-03-2004	0	3.566656039	27.5	13.8	23.26	-999	-999	-999	-999
26-03-2004	0	2.881322304	27.1	14.4	18.23	-999	-999	-999	-999
27-03-2004	0	3.649758101	29.3	14.7	22.32	-999	-999	-999	-999
28-03-2004	0	3.637079372	29.5	15.2	19.95	-999	-999	-999	-999
29-03-2004	0	3.622938177	30.6	13.9	21.29	-999	-999	-999	-999
30-03-2004	0	3.584107496	30.2	14.7	21.87	-999	-999	-999	-999
31-03-2004	0	3.374019276	29	14.8	21.51	-999	-999	-999	-999
01-04-2004	0	3.411086166	29.4	14	22.08	-999	-999	-999	-999
02-04-2004	0	3.381069775	30.3	14.2	21.63	-999	-999	-999	-999
03-04-2004	0	3.354065947	32	16	17.28	-999	-999	-999	-999
04-04-2004	0	1.073841646	26.2	16.8	8.91	-999	-999	-999	-999
05-04-2004	0.2	3.230077327	29.5	17.6	18.46	-999	-999	-999	-999
06-04-2004	31.6	2.854377441	30.8	17.6	15.85	-999	-999	-999	-999
07-04-2004	0.2	3.364273482	28.1	17.3	20.23	-999	-999	-999	-999
08-04-2004	0	3.4582019	30.9	17.4	20.24	-999	-999	-999	-999
09-04-2004	0	3.18770036	30.1	17.2	19.37	-999	-999	-999	-999
10-04-2004	0	3.26978275	28.9	16.6	19.87	-999	-999	-999	-999
11-04-2004	0	3.504712524	29.1	17.1	20.32	-999	-999	-999	-999
12-04-2004	0	3.39184818	30	18.6	18.42	-999	-999	-999	-999
13-04-2004	0.6	1.60140156	27.3	18.7	10.63	-999	-999	-999	-999
14-04-2004	8	0.118030497	23.1	18.4	6	-999	-999	-999	-999
15-04-2004	24.6	2.396949985	28.9	18	15.62	-999	-999	-999	-999
16-04-2004	2.6	1.670452911	27.9	17	11.78	-999	-999	-999	-999
17-04-2004	0.2	2.739371002	28.7	17.4	17.41	-999	-999	-999	-999
18-04-2004	0	2.922923795	30.6	18	17.66	-999	-999	-999	-999
19-04-2004	15.8	3.369819164	31.3	17.6	18.02	-999	-999	-999	-999
20-04-2004	0	2.32159798	26.9	17.6	13.81	-999	-999	-999	-999
21-04-2004	0	1.758529838	28.1	17.9	11.51	-999	-999	-999	-999
22-04-2004	0	3.00766728	29.9	16.1	18.3	-999	-999	-999	-999
23-04-2004	0	3.349368754	30	17.4	17.93	-999	-999	-999	-999
24-04-2004	5.6	1.761877085	26.2	18.8	11.17	-999	-999	-999	-999
25-04-2004	6.8	0.525946263	23	15.1	6.51	-999	-999	-999	-999
26-04-2004	0	1.756498374	23.3	14.7	12.28	-999	-999	-999	-999
27-04-2004	0	2.066661522	25.3	12.8	15.29	-999	-999	-999	-999
28-04-2004	0	2.80997067	26.3	11.9	19.45	-999	-999	-999	-999
29-04-2004	0	2.536968415	26.9	10.2	19.5	-999	-999	-999	-999
30-04-2004	0	2.582757387	27.1	10.6	19.14	-999	-999	-999	-999
01-05-2004	0	2.692835801	27.6	11.8	17.1	-999	-999	-999	-999
02-05-2004	0	2.610771124	29.8	13.8	15.51	-999	-999	-999	-999
03-05-2004	0	2.80601459	31.3	14.6	17.82	-999	-999	-999	-999
04-05-2004	1.2	2.357620642	28.7	16.2	15.91	-999	-999	-999	-999
05-05-2004	1	1.972969391	26.9	16.6	13.21	-999	-999	-999	-999
06-05-2004	7.8	0.296797376	21.8	16.8	6.08	-999	-999	-999	-999
07-05-2004	6.8	0.507639611	22.5	16.5	6.15	-999	-999	-999	-999
08-05-2004	0.2	0.815127475	20.8	8.4	8.99	-999	-999	-999	-999
09-05-2004	0	1.495896289	22	9.1	14.46	-999	-999	-999	-999
10-05-2004	0	1.166375826	23.3	10.6	12.39	-999	-999	-999	-999
11-05-2004	0.2	1.926241092	24.9	9.7	17.39	-999	-999	-999	-999
12-05-2004	0	2.355859035	28.7	9.9	16.57	-999	-999	-999	-999
13-05-2004	1.6	0.3573454	20.2	13.9	6.12	-999	-999	-999	-999
14-05-2004	2	1.561294025	24.2	16.3	10.12	-999	-999	-999	-999
15-05-2004	7.2	0.0803	19	10.6	3.82	-999	-999	-999	-999
16-05-2004	0	1.27293539	20.3	5	15.6	-999	-999	-999	-999
17-05-2004	1	1.910543442	21.7	5.3	16.88	-999	-999	-999	-999
18-05-2004	5.6	1.048670556	20.6	10.6	10.99	-999	-999	-999	-999
19-05-2004	2.2	1.637806411	23.7	11	12.52	-999	-999	-999	-999
20-05-2004	0	1.128665909	22.5	12.1	9.34	-999	-999	-999	-999
21-05-2004	6.6	1.909943629	23.7	12.4	13.56	-999	-999	-999	-999
22-05-2004	0.2	1.845577908	24.5	12.8	14.25	-999	-999	-999	-999
23-05-2004	0.6	0.586808713	22.5	14.3	6.81	-999	-999	-999	-999
24-05-2004	4	1.819947647	27	15.2	11.36	-999	-999	-999	-999
25-05-2004	39.4	0.565093967	24.4	12.1	5.36	-999	-999	-999	-999
26-05-2004	0.2	0.936653584	17.2	5.3	11.45	-999	-999	-999	-999
27-05-2004	0	1.252989882	18.4	4.9	15.71	-999	-999	-999	-999
28-05-2004	0	1.761440115	21.1	5.1	16.47	-999	-999	-999	-999
29-05-2004	1.2	1.932730853	23.8	6.9	15.19	-999	-999	-999	-999
30-05-2004	0.6	2.089648886	27.1	12	13.96	-999	-999	-999	-999
31-05-2004	22.8	0.393510169	21.2	13	6.31	-999	-999	-999	-999
01-06-2004	0.2	1.278123021	23.3	11.8	11.23	-999	-999	-999	-999
02-06-2004	10.8	0.756934098	21	11.8	7.06	-999	-999	-999	-999
03-06-2004	53.8	0.001	17.2	9.8	3.17	-999	-999	-999	-999
04-06-2004	0.2	1.363871099	19.3	9.8	11.32	-999	-999	-999	-999
05-06-2004	0	0.809732847	20	4.9	10.5	-999	-999	-999	-999
06-06-2004	0	1.426618669	23.9	4.7	15.86	-999	-999	-999	-999
07-06-2004	0.2	1.395013865	23	4.8	15.52	-999	-999	-999	-999
08-06-2004	0	1.919258906	25.3	4.9	15.37	-999	-999	-999	-999
09-06-2004	0.4	0.499488319	21.5	12.2	4.89	-999	-999	-999	-999
10-06-2004	0.2	1.678768488	27.1	15.2	10.21	-999	-999	-999	-999
11-06-2004	0	2.30674925	27	15	11.49	-999	-999	-999	-999
12-06-2004	7.8	0.001	18.6	5.8	1.57	-999	-999	-999	-999
13-06-2004	0.2	1.264440647	17.2	3.7	14.89	-999	-999	-999	-999
14-06-2004	3	1.799310919	23	3.7	13.82	-999	-999	-999	-999
15-06-2004	0.4	0.909779004	22.2	10	9.86	-999	-999	-999	-999
16-06-2004	0.2	1.545331883	25.1	7.7	14.54	-999	-999	-999	-999
17-06-2004	0	1.597226651	27.7	7.1	15.31	-999	-999	-999	-999
18-06-2004	0	1.593126862	26	7.3	14.83	-999	-999	-999	-999
19-06-2004	0	1.608340682	24.8	7.2	15.1	-999	-999	-999	-999
20-06-2004	0	1.927035204	25.8	7.3	15.16	-999	-999	-999	-999
21-06-2004	0.2	1.470701823	26.3	9.3	11.19	-999	-999	-999	-999
22-06-2004	0	1.690134471	26.5	8.1	14.46	-999	-999	-999	-999
23-06-2004	0	1.597996774	26.1	8	14.61	-999	-999	-999	-999
24-06-2004	0	1.510831	26.5	9.1	11	-999	-999	-999	-999
25-06-2004	0.4	0.870081373	25.3	14.2	6.48	-999	-999	-999	-999
26-06-2004	0	1.866315802	27.3	12	12.82	-999	-999	-999	-999
27-06-2004	0	1.987810777	27.3	12	12.25	-999	-999	-999	-999
28-06-2004	0	1.604765022	26.2	12.6	12.11	-999	-999	-999	-999
29-06-2004	0	1.779238941	27.3	11.1	12.42	-999	-999	-999	-999
30-06-2004	0.2	2.040686267	26.8	11.3	14.6	-999	-999	-999	-999
01-07-2004	0	1.892500341	27.7	10.8	13.62	-999	-999	-999	-999
02-07-2004	0	1.579563093	26.7	10.2	12.73	-999	-999	-999	-999
03-07-2004	0.2	2.010120894	28.7	10.8	14.35	-999	-999	-999	-999
04-07-2004	0	1.746820074	27.4	11.8	13.34	-999	-999	-999	-999
05-07-2004	0	0.908538332	25.5	12.1	8.12	-999	-999	-999	-999
06-07-2004	0.2	1.657480394	26.3	11.7	13.4	-999	-999	-999	-999
07-07-2004	0	2.057077529	28.3	11.9	13.19	-999	-999	-999	-999
08-07-2004	3.4	1.678416496	27.3	12.8	10.38	-999	-999	-999	-999
09-07-2004	0	0.326734238	22.6	11.8	5.04	-999	-999	-999	-999
10-07-2004	29.2	0.0118	17.2	12.4	2.62	-999	-999	-999	-999
11-07-2004	0.2	1.073142478	18.9	9.3	8.82	-999	-999	-999	-999
12-07-2004	0	1.98319786	23.6	11	14.08	-999	-999	-999	-999
13-07-2004	0	2.105169418	25.9	12.3	14.23	-999	-999	-999	-999
14-07-2004	0	2.260361051	27.5	13.4	14.6	-999	-999	-999	-999
15-07-2004	0	2.554002888	28.4	12.2	15.36	-999	-999	-999	-999
16-07-2004	3.4	2.175317014	27.1	12.4	13.09	-999	-999	-999	-999
17-07-2004	1.2	0.536928518	19.1	10.8	5.58	-999	-999	-999	-999
18-07-2004	2.8	1.59935275	20.1	12.7	7.99	-999	-999	-999	-999
19-07-2004	42.6	0.0509	14.3	12.8	1.43	-999	-999	-999	-999
20-07-2004	0.2	0.589682265	18.1	10.8	5.87	-999	-999	-999	-999
21-07-2004	0	1.959533083	19.8	8.3	14.92	-999	-999	-999	-999
22-07-2004	0	1.807980081	19.9	6.5	15.44	-999	-999	-999	-999
23-07-2004	0	1.956324007	20.5	4.2	16.88	-999	-999	-999	-999
24-07-2004	0	1.933133573	20.9	4.5	17.15	-999	-999	-999	-999
25-07-2004	0.2	1.900059797	21	4.7	16.81	-999	-999	-999	-999
26-07-2004	0	1.838472128	21.5	5.3	16.69	-999	-999	-999	-999
27-07-2004	0.2	1.783992551	23	5.4	16.25	-999	-999	-999	-999
28-07-2004	0	2.026967025	22.5	6.1	16.95	-999	-999	-999	-999
29-07-2004	0	2.025403429	23.3	6.8	15.74	-999	-999	-999	-999
30-07-2004	0	1.603191989	23.3	8.6	11.59	-999	-999	-999	-999
31-07-2004	0	2.404023076	26.5	8.7	15.8	-999	-999	-999	-999
01-08-2004	0	1.997850294	24.5	4	16.98	-999	-999	-999	-999
02-08-2004	0	1.728082341	25.5	4.1	12.96	-999	-999	-999	-999
03-08-2004	0	2.341639839	28.5	8.7	15.99	-999	-999	-999	-999
04-08-2004	0	2.239048089	26.9	9.1	16.09	-999	-999	-999	-999
05-08-2004	0	2.612505238	26.5	8.5	17.15	-999	-999	-999	-999
06-08-2004	0	2.569256041	26.4	9.1	17.14	-999	-999	-999	-999
07-08-2004	0	2.618185633	27	11	15.69	-999	-999	-999	-999
08-08-2004	0	1.973993846	22.4	4.9	14.16	-999	-999	-999	-999
09-08-2004	0	2.348104166	21.9	5.7	18	-999	-999	-999	-999
10-08-2004	0	2.162326488	23.5	5.2	17.49	-999	-999	-999	-999
11-08-2004	0	2.142070562	23.7	5.1	17.27	-999	-999	-999	-999
12-08-2004	0.2	2.618024904	21.8	8.1	17.52	-999	-999	-999	-999
13-08-2004	0	2.617379974	22.5	6	18.47	-999	-999	-999	-999
14-08-2004	0	2.899719498	23.9	7.3	18.53	-999	-999	-999	-999
15-08-2004	0	2.707487409	24.3	7.2	18.62	-999	-999	-999	-999
16-08-2004	0	2.611448359	26.4	7.7	18.14	-999	-999	-999	-999
17-08-2004	0	2.465766469	28.5	7.9	17.53	-999	-999	-999	-999
18-08-2004	0	2.494702638	29.1	8.6	17.47	-999	-999	-999	-999
19-08-2004	0	2.713966026	29.6	9.5	17.74	-999	-999	-999	-999
20-08-2004	0	3.054659624	32	11	18	-999	-999	-999	-999
21-08-2004	0	3.155655704	32.2	12.1	17.75	-999	-999	-999	-999
22-08-2004	0	3.00399338	32.8	12.6	17.33	-999	-999	-999	-999
23-08-2004	0	3.076064592	31.8	13.3	16.88	-999	-999	-999	-999
24-08-2004	0	2.593252159	28	11.9	16.54	-999	-999	-999	-999
25-08-2004	0	2.39558364	31.6	12.3	16.12	-999	-999	-999	-999
26-08-2004	0	2.656624192	30.2	13.4	15.26	-999	-999	-999	-999
27-08-2004	0	1.586904819	27.4	13.8	9.12	-999	-999	-999	-999
28-08-2004	0	0.878165242	25.5	13.8	7.34	-999	-999	-999	-999
29-08-2004	0.2	3.09748644	27.4	8.4	19.19	-999	-999	-999	-999
30-08-2004	0	3.417056614	29.9	9.8	19.33	-999	-999	-999	-999
31-08-2004	0	3.388870933	31.8	10	19.95	-999	-999	-999	-999
01-09-2004	0	3.421706497	33.1	10.6	19.25	-999	-999	-999	-999
02-09-2004	0	3.939445891	33.8	12.6	18.92	-999	-999	-999	-999
03-09-2004	0	3.681800438	32.1	13.4	17.63	-999	-999	-999	-999
04-09-2004	0	3.429871023	28.8	12.6	18.39	-999	-999	-999	-999
05-09-2004	0	3.314712989	32.1	12.6	18.58	-999	-999	-999	-999
06-09-2004	0	3.649912055	33.8	12	19.38	-999	-999	-999	-999
07-09-2004	0	3.783026201	34.1	13	19.05	-999	-999	-999	-999
08-09-2004	0	3.724115306	34	12.6	19.22	-999	-999	-999	-999
09-09-2004	0	3.767468224	34.2	11.5	19.27	-999	-999	-999	-999
10-09-2004	0	3.667547487	33.6	12	19.44	-999	-999	-999	-999
11-09-2004	0	4.177602374	29.5	13	18.74	-999	-999	-999	-999
12-09-2004	0	3.289517573	25.7	15.4	15.67	-999	-999	-999	-999
13-09-2004	0	4.292690756	30	16	18.31	-999	-999	-999	-999
14-09-2004	0	3.456401853	31.9	15.4	13.85	-999	-999	-999	-999
15-09-2004	0	2.414290013	27.6	10.8	14.71	-999	-999	-999	-999
16-09-2004	0	1.968897641	26.5	11.6	12.75	-999	-999	-999	-999
17-09-2004	0	2.01994249	25	13.2	10.94	-999	-999	-999	-999
18-09-2004	5.8	2.349964491	29.5	13.7	15.26	-999	-999	-999	-999
19-09-2004	0.2	3.357829334	29.7	14	19.88	-999	-999	-999	-999
20-09-2004	0	4.118815792	32.7	15.6	20.99	-999	-999	-999	-999
21-09-2004	0	4.554616206	34	16.6	20.61	-999	-999	-999	-999
22-09-2004	0	4.589284351	34.5	16.4	21.08	-999	-999	-999	-999
23-09-2004	0	3.753610552	34.8	15.6	19.93	-999	-999	-999	-999
24-09-2004	0	4.341807755	36.1	16.9	20.39	-999	-999	-999	-999
25-09-2004	0	3.972142954	35.6	16.8	19.58	-999	-999	-999	-999
26-09-2004	0	4.784518823	36.2	17.7	20.21	-999	-999	-999	-999
27-09-2004	0	4.441760035	36.2	16.6	20.35	-999	-999	-999	-999
28-09-2004	0	5.833854848	36.8	16.6	21.41	-999	-999	-999	-999
29-09-2004	0.2	3.169830514	29.5	16.3	12.3	-999	-999	-999	-999
30-09-2004	0	3.57492913	23	16	15.59	-999	-999	-999	-999
01-10-2004	2.8	0.001	18.7	15.2	2.9	-999	-999	-999	-999
02-10-2004	12.8	0.560135091	21.7	16.1	5.28	-999	-999	-999	-999
03-10-2004	6.2	0.001	18.2	14	2.96	-999	-999	-999	-999
04-10-2004	0.2	3.443103949	27.1	13.7	19.54	-999	-999	-999	-999
05-10-2004	0	4.23554627	28.2	13.8	22.35	-999	-999	-999	-999
06-10-2004	0	3.342432871	24.2	8.6	19.73	-999	-999	-999	-999
07-10-2004	0	4.263403435	24.2	9.8	24.43	-999	-999	-999	-999
08-10-2004	0	4.386017784	28.3	9	25	-999	-999	-999	-999
09-10-2004	0	4.668049	33.8	12.2	23.63	-999	-999	-999	-999
10-10-2004	21	3.147287663	33.6	16.8	13.36	-999	-999	-999	-999
11-10-2004	0.2	2.47805308	27.7	18.5	12.21	-999	-999	-999	-999
12-10-2004	0	3.079672942	28.3	19.1	14.51	-999	-999	-999	-999
13-10-2004	26.4	2.402380715	29.6	19.4	10.87	-999	-999	-999	-999
14-10-2004	3.2	1.939896422	26.5	18.9	10.63	-999	-999	-999	-999
15-10-2004	22.8	0.226439778	22	18.8	4.51	-999	-999	-999	-999
16-10-2004	9.2	5.045426973	32.1	16.8	18.96	-999	-999	-999	-999
17-10-2004	7.8	1.074471171	22.8	16.2	8.01	-999	-999	-999	-999
18-10-2004	16.4	2.59355991	27.6	18.2	13.16	-999	-999	-999	-999
19-10-2004	0.2	2.356248802	26.3	15	13.12	-999	-999	-999	-999
20-10-2004	0	3.783043035	23.5	14.4	20.16	-999	-999	-999	-999
21-10-2004	0	4.273432318	27.1	15.2	21.96	-999	-999	-999	-999
22-10-2004	0	3.813025668	28.9	17.4	18.53	-999	-999	-999	-999
23-10-2004	0	2.053053529	27.5	19	10.09	-999	-999	-999	-999
24-10-2004	1.4	1.489848561	26.1	19.4	9.58	-999	-999	-999	-999
25-10-2004	51.8	0.443138974	24.3	18	5.16	-999	-999	-999	-999
26-10-2004	0.2	3.003682018	27.5	15.2	17.32	-999	-999	-999	-999
27-10-2004	0	3.169231211	27.1	12.4	18.64	-999	-999	-999	-999
28-10-2004	0	4.265772877	25.8	11.4	26.02	-999	-999	-999	-999
29-10-2004	0	4.692697584	29.9	15.2	24.89	-999	-999	-999	-999
30-10-2004	0	4.613564054	32.5	17.6	22.81	-999	-999	-999	-999
31-10-2004	4	4.879429737	33.4	18.3	20.89	-999	-999	-999	-999
01-11-2004	0	3.450074569	28.8	17.2	18.12	-999	-999	-999	-999
02-11-2004	0	3.702897916	30.1	17.1	19.6	-999	-999	-999	-999
03-11-2004	1.2	5.724198383	33.3	19.8	23.01	-999	-999	-999	-999
04-11-2004	1.6	2.633061085	28.4	19.6	14.42	-999	-999	-999	-999
05-11-2004	1.6	2.062548428	27.9	19.8	12.41	-999	-999	-999	-999
06-11-2004	0.2	3.29459261	29.2	17.8	14.93	-999	-999	-999	-999
07-11-2004	0	2.769828231	22.4	15.5	12.46	-999	-999	-999	-999
08-11-2004	0	5.074230563	27.6	15.8	25.5	-999	-999	-999	-999
09-11-2004	0	5.139344512	31.1	16.9	24.67	-999	-999	-999	-999
10-11-2004	1.8	4.02557641	32.5	19.7	17.47	-999	-999	-999	-999
11-11-2004	26.4	0.382131251	22.2	17.3	5.21	-999	-999	-999	-999
12-11-2004	0.2	4.97483868	26.5	12	27.98	-999	-999	-999	-999
13-11-2004	0	5.003930075	27.4	13.9	27.45	-999	-999	-999	-999
14-11-2004	0	5.013696144	28.6	16	26.83	-999	-999	-999	-999
15-11-2004	46.4	2.664778444	29	18.4	14.81	-999	-999	-999	-999
16-11-2004	2.6	0.674436385	23.6	19.7	6.44	-999	-999	-999	-999
17-11-2004	4.2	1.484525652	26.6	19.8	10.44	-999	-999	-999	-999
18-11-2004	3.8	3.480948444	29	19.4	18.19	-999	-999	-999	-999
19-11-2004	0.2	2.760744285	26.5	16.5	16.2	-999	-999	-999	-999
20-11-2004	0	4.189340672	27.7	12.8	23.93	-999	-999	-999	-999
21-11-2004	0	4.888466739	26.7	12.7	27.24	-999	-999	-999	-999
22-11-2004	0	4.812972821	28.6	15.1	26.14	-999	-999	-999	-999
23-11-2004	0	4.86060714	30.6	15.2	25.61	-999	-999	-999	-999
24-11-2004	0	5.061353156	31.2	15.2	25.29	-999	-999	-999	-999
25-11-2004	0	5.315986196	33	17.1	26.24	-999	-999	-999	-999
26-11-2004	0	5.064273378	33.7	20.4	21.89	-999	-999	-999	-999
27-11-2004	2.6	4.823746775	32.6	20.1	21.03	-999	-999	-999	-999
28-11-2004	19	2.130928989	29.7	19.2	12.6	-999	-999	-999	-999
29-11-2004	0.2	3.151076474	27	15.3	18.45	-999	-999	-999	-999
30-11-2004	0	5.097099495	27.8	15.4	27.94	-999	-999	-999	-999
01-12-2004	0	5.117724211	29	17.9	25	-999	-999	-999	-999
02-12-2004	0	4.520260548	28.8	18.6	20.96	-999	-999	-999	-999
03-12-2004	0.8	1.269349398	24.3	18.4	11.1	-999	-999	-999	-999
04-12-2004	0	4.251179865	31.1	19.5	19.71	-999	-999	-999	-999
05-12-2004	0.2	3.425270293	31.4	19.4	18.55	-999	-999	-999	-999
06-12-2004	0.2	4.439917978	32.8	19.9	20.64	-999	-999	-999	-999
07-12-2004	0.4	2.734298262	28.9	19.8	14.58	-999	-999	-999	-999
08-12-2004	17.2	4.512130654	30.9	19.1	21.45	-999	-999	-999	-999
09-12-2004	9.2	2.452667104	28.9	18	14.83	-999	-999	-999	-999
10-12-2004	0	2.445396339	26.3	17.4	13.64	-999	-999	-999	-999
11-12-2004	0	2.768292183	25.5	13.9	17.5	-999	-999	-999	-999
12-12-2004	0	3.911609828	27.3	13.5	24.04	-999	-999	-999	-999
13-12-2004	0	4.926130921	28.7	14.5	29.05	-999	-999	-999	-999
14-12-2004	0	5.524826063	31.1	15.7	28.76	-999	-999	-999	-999
15-12-2004	41.6	4.623628306	33.1	18.8	23.85	-999	-999	-999	-999
16-12-2004	1.4	2.85133262	31.4	19.5	15.04	-999	-999	-999	-999
17-12-2004	2.6	3.350307082	30.5	19.2	17.57	-999	-999	-999	-999
18-12-2004	21.8	3.049829662	29.9	20.1	17.98	-999	-999	-999	-999
19-12-2004	2	2.329072984	28.1	20.3	14.77	-999	-999	-999	-999
20-12-2004	33.6	3.61975073	30.5	18.9	18.89	-999	-999	-999	-999
21-12-2004	7.6	0.675772448	23.4	17.1	8.57	-999	-999	-999	-999
22-12-2004	6	0.925091579	21.4	15.8	8.49	-999	-999	-999	-999
23-12-2004	7.2	2.762293078	24.9	17	17.37	-999	-999	-999	-999
24-12-2004	0	2.802464739	28.7	16	17.77	-999	-999	-999	-999
25-12-2004	9	4.755887032	30.9	18.8	24.38	-999	-999	-999	-999
26-12-2004	24.2	0.731066302	26.1	18.2	7.92	-999	-999	-999	-999
27-12-2004	0.4	2.422990472	27.4	18.4	16.15	-999	-999	-999	-999
28-12-2004	0	5.055599105	30.6	15.9	28.23	-999	-999	-999	-999
29-12-2004	0	5.305065306	31.5	16.4	28.34	-999	-999	-999	-999
30-12-2004	0	5.254495025	33.2	18.1	27.53	-999	-999	-999	-999
31-12-2004	0	4.712719153	32.2	20.3	23.6	-999	-999	-999	-999
01-01-2005	44.2	4.622368335	32.4	18	24.69	-999	-999	-999	-999
02-01-2005	0.2	4.731493225	31.4	18.2	24.52	-999	-999	-999	-999
03-01-2005	26	3.001822528	29.8	18.9	17.02	-999	-999	-999	-999
04-01-2005	42.6	0.526505773	25.3	19.4	9.29	-999	-999	-999	-999
05-01-2005	9.6	2.868467726	28	20.5	16.75	-999	-999	-999	-999
06-01-2005	1.2	3.825299159	28.9	20.9	19.85	-999	-999	-999	-999
07-01-2005	4.6	4.996041628	32.3	20.8	24.79	-999	-999	-999	-999
08-01-2005	48.6	5.097028234	31.7	20.7	25.13	-999	-999	-999	-999
09-01-2005	0.2	3.86697897	30.7	21.1	20.83	-999	-999	-999	-999
10-01-2005	0	4.321934657	31.5	22.1	20.75	-999	-999	-999	-999
11-01-2005	12	0.622446245	27.1	20.8	8.6	-999	-999	-999	-999
12-01-2005	0	2.988047182	28.4	17	18.4	-999	-999	-999	-999
13-01-2005	0	4.54729571	29.2	16.7	25.24	-999	-999	-999	-999
14-01-2005	0	5.141638461	32.5	18.6	27.7	-999	-999	-999	-999
15-01-2005	0	5.511538673	33.4	21.1	25.15	-999	-999	-999	-999
16-01-2005	0	2.772968931	30.5	20	14.35	-999	-999	-999	-999
17-01-2005	0.2	2.5442674	26.9	20.6	14.74	-999	-999	-999	-999
18-01-2005	26.2	1.925684447	29.2	20.4	12.41	-999	-999	-999	-999
19-01-2005	12.4	0.50925592	25.1	20.8	9.59	-999	-999	-999	-999
20-01-2005	5.4	1.449771362	25.9	21.2	12.63	-999	-999	-999	-999
21-01-2005	5.8	2.324034816	28.8	21.1	14.25	-999	-999	-999	-999
22-01-2005	0.2	1.621024258	29	19.1	12.15	-999	-999	-999	-999
23-01-2005	0	4.829564751	30.8	20.4	24.86	-999	-999	-999	-999
24-01-2005	8	3.417935748	30.5	21.1	21.1	-999	-999	-999	-999
25-01-2005	37	2.083541841	29.2	17.8	14.6	-999	-999	-999	-999
26-01-2005	1.6	1.021621696	21.8	16.8	7.99	-999	-999	-999	-999
27-01-2005	5.6	0.301496486	21	17	6.57	-999	-999	-999	-999
28-01-2005	10.6	0.862560761	24.5	18.6	9.68	-999	-999	-999	-999
29-01-2005	8.4	0.288785236	23.4	18.7	7.34	-999	-999	-999	-999
30-01-2005	6.6	2.13796346	27.7	16.9	15.53	-999	-999	-999	-999
31-01-2005	0	5.459097665	30.7	18.2	29.37	-999	-999	-999	-999
01-02-2005	11	4.321616243	28.8	18.6	23.98	-999	-999	-999	-999
02-02-2005	3.4	3.707668076	29.5	19.8	19.09	-999	-999	-999	-999
03-02-2005	11.8	3.71068682	29.6	19.8	20.79	-999	-999	-999	-999
04-02-2005	0.2	5.138633526	29.5	18.2	26.08	-999	-999	-999	-999
05-02-2005	0	3.919839202	28.8	17.1	22.51	-999	-999	-999	-999
06-02-2005	0	4.103461491	28.2	12.6	25.4	-999	-999	-999	-999
07-02-2005	0	5.046446223	28.2	14.5	29.16	-999	-999	-999	-999
08-02-2005	0	4.701541114	28.3	13	27.42	-999	-999	-999	-999
09-02-2005	0	5.043488778	29.7	15.1	28.65	-999	-999	-999	-999
10-02-2005	0	4.272680138	30.1	14.9	25.03	-999	-999	-999	-999
11-02-2005	5	4.388041926	30.8	17	23.47	-999	-999	-999	-999
12-02-2005	0.2	4.921900406	30.9	15.3	27.81	-999	-999	-999	-999
13-02-2005	0	3.816925018	28.8	17.5	22	-999	-999	-999	-999
14-02-2005	0	4.790167903	29.5	14.8	26.34	-999	-999	-999	-999
15-02-2005	0	4.432196164	28.8	15.4	26.4	-999	-999	-999	-999
16-02-2005	0	4.629675078	31.8	16.4	25.34	-999	-999	-999	-999
17-02-2005	0	4.6	34.3	17.4	24.39	-999	-999	-999	-999
18-02-2005	0.2	4.99	33.3	19.7	24.94	-999	-999	-999	-999
19-02-2005	0	4.04	31.9	17.8	22.48	-999	-999	-999	-999
20-02-2005	0	4.57	31.4	16.5	26.11	-999	-999	-999	-999
21-02-2005	0	4.58	30	14.6	27.67	-999	-999	-999	-999
22-02-2005	0	4.73	33	17.3	27.13	-999	-999	-999	-999
23-02-2005	0	4.83	35.1	19.2	25.26	-999	-999	-999	-999
24-02-2005	0	4.27	34.8	20.4	21.68	-999	-999	-999	-999
25-02-2005	30.8	2.86	32.7	19.7	16.57	-999	-999	-999	-999
26-02-2005	0.4	3.16	28.9	20.4	17.28	-999	-999	-999	-999
27-02-2005	2	2.47	29.5	19	15.19	-999	-999	-999	-999
28-02-2005	0.2	3.42	31.9	19	19.93	-999	-999	-999	-999
01-03-2005	0	4.58	30.7	18.3	24.71	-999	-999	-999	-999
02-03-2005	0	4.17	28.7	17.1	22.56	-999	-999	-999	-999
03-03-2005	0	1.95	25.3	15.5	12.15	-999	-999	-999	-999
04-03-2005	0	3.41	28	14.3	21.31	-999	-999	-999	-999
05-03-2005	0	3.74	28.7	14.6	23.13	-999	-999	-999	-999
06-03-2005	0	4.43	29.2	14.9	25.95	-999	-999	-999	-999
07-03-2005	0	4.43	32.1	16.8	24.45	-999	-999	-999	-999
08-03-2005	0	4.46	33.1	18.8	22.8	-999	-999	-999	-999
09-03-2005	0	3.37	34	17.8	18.6	-999	-999	-999	-999
10-03-2005	0	3.98	34.5	19.1	21.17	-999	-999	-999	-999
11-03-2005	0	4.44	34.1	19.4	23.11	-999	-999	-999	-999
12-03-2005	0	1.26	29.1	18.1	9.36	-999	-999	-999	-999
13-03-2005	2.4	4.26	33.6	19.6	19.96	-999	-999	-999	-999
14-03-2005	9.2	2.05	31.3	21	11.51	-999	-999	-999	-999
15-03-2005	38	1.61	29.3	19.8	11.32	-999	-999	-999	-999
16-03-2005	22	0.94	26.5	20	8.48	-999	-999	-999	-999
17-03-2005	0.6	2.07	27.8	20	12.67	-999	-999	-999	-999
18-03-2005	0	2.87	30	18	17.26	-999	-999	-999	-999
19-03-2005	0	3.55	30.6	18.8	20.18	-999	-999	-999	-999
20-03-2005	49.4	2.22	30.5	19.3	13.98	-999	-999	-999	-999
21-03-2005	2	1.1	26	20.2	9.06	-999	-999	-999	-999
22-03-2005	11.6	1.01	28.7	20.3	9.7	-999	-999	-999	-999
23-03-2005	25	2.67	29.3	20.4	15.21	-999	-999	-999	-999
24-03-2005	14.2	0.44	25.1	18.8	5.83	-999	-999	-999	-999
25-03-2005	0.2	2.24	26.5	16	14.52	-999	-999	-999	-999
26-03-2005	0	3.43	27.1	15.4	21.51	-999	-999	-999	-999
27-03-2005	0	3.83	29.8	15.8	22.49	-999	-999	-999	-999
28-03-2005	0	3.73	29.8	15.6	21.43	-999	-999	-999	-999
29-03-2005	0	4.05	31.8	16.8	22.43	-999	-999	-999	-999
30-03-2005	0	4.06	32.4	17.6	22.17	-999	-999	-999	-999
31-03-2005	0	3.74	31.7	18.1	20.6	-999	-999	-999	-999
01-04-2005	0	3.9	32.1	18.4	20.86	-999	-999	-999	-999
02-04-2005	0	4.09	32.3	18.8	20.96	-999	-999	-999	-999
03-04-2005	0.4	3.13	32	20.4	17.22	-999	-999	-999	-999
04-04-2005	17	2.62	31.7	19.3	15.03	-999	-999	-999	-999
05-04-2005	0.2	2.36	29	18.7	14.27	-999	-999	-999	-999
06-04-2005	0	4.15	32.4	19	21.78	-999	-999	-999	-999
07-04-2005	0	3.91	32.5	19.4	20.68	-999	-999	-999	-999
08-04-2005	0	4.05	34.1	19.7	21.19	-999	-999	-999	-999
09-04-2005	0	3.54	32.3	18.1	19.37	-999	-999	-999	-999
10-04-2005	0	3.76	33.3	19	20.83	-999	-999	-999	-999
11-04-2005	0	3.71	32.2	16.5	21.29	-999	-999	-999	-999
12-04-2005	0	3.65	32.6	17.5	20.74	-999	-999	-999	-999
13-04-2005	0.2	3.27	30.5	16.6	19.01	-999	-999	-999	-999
14-04-2005	0	3.48	32.7	16.2	20.62	-999	-999	-999	-999
15-04-2005	0	3.47	32.3	16.9	19.66	-999	-999	-999	-999
16-04-2005	0	2.77	32.1	17.9	17.16	-999	-999	-999	-999
17-04-2005	0.2	2.84	30.7	17	17.87	-999	-999	-999	-999
18-04-2005	0	2.4	29.7	14	17.21	-999	-999	-999	-999
19-04-2005	0	2.82	32.2	13.2	19.22	-999	-999	-999	-999
20-04-2005	0	3.13	31.1	15	17.72	-999	-999	-999	-999
21-04-2005	0.2	2.8	28.7	15.9	17.85	-999	-999	-999	-999
22-04-2005	0	2.82	29.5	14.8	17.95	-999	-999	-999	-999
23-04-2005	0	2.64	29.3	11.9	18.31	-999	-999	-999	-999
24-04-2005	0	2.83	30.3	12.9	17.87	-999	-999	-999	-999
25-04-2005	4.4	0.39	24.2	16.1	6.5	-999	-999	-999	-999
26-04-2005	0.2	0.85	21.2	12.8	6	-999	-999	-999	-999
27-04-2005	0	2.15	24.5	13.3	14.25	-999	-999	-999	-999
28-04-2005	3	0.25	19.9	12.5	5.79	-999	-999	-999	-999
29-04-2005	1	2.28	25.8	13.4	14.25	-999	-999	-999	-999
30-04-2005	0	1.91	23.8	12	14.67	-999	-999	-999	-999
01-05-2005	0	2.52	24.4	9.3	18.65	-999	-999	-999	-999
02-05-2005	0	2.34	24.5	9.9	17.47	-999	-999	-999	-999
03-05-2005	0	2.26	25.4	9.1	17.37	-999	-999	-999	-999
04-05-2005	0	2.48	26.3	8.8	18.4	-999	-999	-999	-999
05-05-2005	0	2.58	27.1	8.9	18.89	-999	-999	-999	-999
06-05-2005	0	2.63	26.9	10.1	17.68	-999	-999	-999	-999
07-05-2005	0	2.75	28.4	9.9	18.07	-999	-999	-999	-999
08-05-2005	0	2.85	27.8	10.7	18.08	-999	-999	-999	-999
09-05-2005	0	1.55	27.3	14.8	11.01	-999	-999	-999	-999
10-05-2005	0	1.05	28.9	11.8	11.17	-999	-999	-999	-999
11-05-2005	0.2	2.52	32.3	10.4	17.81	-999	-999	-999	-999
12-05-2005	0	2.66	30.3	11.3	17.17	-999	-999	-999	-999
13-05-2005	0	2.76	30.9	13	16.97	-999	-999	-999	-999
14-05-2005	0	2.69	29.7	12.2	17.4	-999	-999	-999	-999
15-05-2005	0	2.51	29.8	11.4	17.22	-999	-999	-999	-999
16-05-2005	0	2.57	30.3	12.4	16.28	-999	-999	-999	-999
17-05-2005	0	2.25	30.1	13.7	14.01	-999	-999	-999	-999
18-05-2005	0	2.34	30.7	13.8	15.63	-999	-999	-999	-999
19-05-2005	0	2.24	30.9	13.6	15.06	-999	-999	-999	-999
20-05-2005	0	2.48	31.3	14	14.69	-999	-999	-999	-999
21-05-2005	15.8	1.45	27.5	15	8.6	-999	-999	-999	-999
22-05-2005	0.2	0.41	19.5	14.4	4.33	-999	-999	-999	-999
23-05-2005	0	1.89	25	15	12.45	-999	-999	-999	-999
24-05-2005	114.6	0.03	21.8	16.7	3.08	-999	-999	-999	-999
25-05-2005	2.2	0.19	22.1	15.2	5.13	-999	-999	-999	-999
26-05-2005	0	1.99	24.1	9.1	16.67	-999	-999	-999	-999
27-05-2005	0	1.97	24.8	9.5	16.6	-999	-999	-999	-999
28-05-2005	0.2	2.08	26.6	10.1	16.41	-999	-999	-999	-999
29-05-2005	0.4	2.41	27.3	10.6	16.13	-999	-999	-999	-999
30-05-2005	0.8	0.12	23.2	13.7	5.27	-999	-999	-999	-999
31-05-2005	0	1.99	27.4	13	14.24	-999	-999	-999	-999
01-06-2005	0	1.29	24.4	13.2	10.61	-999	-999	-999	-999
02-06-2005	0	1.93	27	13.2	14.11	-999	-999	-999	-999
03-06-2005	0.2	2.08	27.8	11.4	15.59	-999	-999	-999	-999
04-06-2005	0	2.25	27.3	11.3	15.64	-999	-999	-999	-999
05-06-2005	0	2.14	27.5	11.3	15.82	-999	-999	-999	-999
06-06-2005	0.2	1.67	26.1	9.5	14.32	-999	-999	-999	-999
07-06-2005	0	1.95	26.7	9.8	15.15	-999	-999	-999	-999
08-06-2005	0	1.96	27.9	9.8	15.11	-999	-999	-999	-999
09-06-2005	0	2.15	27.7	10.3	15.4	-999	-999	-999	-999
10-06-2005	0	1.99	27.1	9.7	15.1	-999	-999	-999	-999
11-06-2005	0	2.11	28.6	10.1	15.02	-999	-999	-999	-999
12-06-2005	0	2.2	27.9	10.3	15.19	-999	-999	-999	-999
13-06-2005	0.2	2.38	28.1	10.3	15.1	-999	-999	-999	-999
14-06-2005	0	2.25	29.1	11.9	15.05	-999	-999	-999	-999
15-06-2005	0	2.14	28.8	10.3	14.47	-999	-999	-999	-999
16-06-2005	0	1.95	28.2	10.6	14.36	-999	-999	-999	-999
17-06-2005	0	2.1	29.5	11.4	14.12	-999	-999	-999	-999
18-06-2005	0	1.4	23.9	13.6	9.35	-999	-999	-999	-999
19-06-2005	8.4	1.6	24.1	14.2	10.95	-999	-999	-999	-999
20-06-2005	15	0.38	20	15.3	4.82	-999	-999	-999	-999
21-06-2005	0.2	1.03	18.7	13.2	5.65	-999	-999	-999	-999
22-06-2005	0	1.57	22.5	10.4	10.88	-999	-999	-999	-999
23-06-2005	0	1.94	24.6	9.6	14.96	-999	-999	-999	-999
24-06-2005	0.2	1.62	24.4	8.8	13.72	-999	-999	-999	-999
25-06-2005	0	1.48	24.1	7.4	13.5	-999	-999	-999	-999
26-06-2005	0.2	1.88	25.5	7.9	14.89	-999	-999	-999	-999
27-06-2005	0	2.12	25.8	9.9	13.05	-999	-999	-999	-999
28-06-2005	28.4	0.38	20.2	13.8	4.61	-999	-999	-999	-999
29-06-2005	0	2.58	27.6	15.8	13.51	-999	-999	-999	-999
30-06-2005	0	2.31	28.1	16.6	14.54	-999	-999	-999	-999
01-07-2005	0	2.07	27.3	11.7	14.99	-999	-999	-999	-999
02-07-2005	0	2.18	28.5	11.8	14.26	-999	-999	-999	-999
03-07-2005	0.2	2.4	28.5	10.4	15.22	-999	-999	-999	-999
04-07-2005	0	2.29	27.6	10.6	15.21	-999	-999	-999	-999
05-07-2005	0	1.45	23.7	11.6	8.74	-999	-999	-999	-999
06-07-2005	0	1.65	21.5	11.7	7.62	-999	-999	-999	-999
07-07-2005	0	1.57	17.4	10.6	10.25	-999	-999	-999	-999
08-07-2005	0	2.3	20.8	8.5	15.29	-999	-999	-999	-999
09-07-2005	0	2.26	21.4	6.7	16.28	-999	-999	-999	-999
10-07-2005	0	2.07	22.2	6.9	14.3	-999	-999	-999	-999
11-07-2005	0	1.48	24.1	9.8	11.48	-999	-999	-999	-999
12-07-2005	0	2.12	25	8.6	14.88	-999	-999	-999	-999
13-07-2005	0	2.12	25.4	7.2	15.83	-999	-999	-999	-999
14-07-2005	0	2.23	24.4	7.2	15.84	-999	-999	-999	-999
15-07-2005	0	2.49	25.6	7.7	15.71	-999	-999	-999	-999
16-07-2005	0	3.11	28.1	9.5	15.46	-999	-999	-999	-999
17-07-2005	0	2.52	26.1	12.7	11.19	-999	-999	-999	-999
18-07-2005	0	0.79	17.4	12	5.94	-999	-999	-999	-999
19-07-2005	0	0.99	18.8	8.7	7.99	-999	-999	-999	-999
20-07-2005	0	1.97	22.7	8.6	14.29	-999	-999	-999	-999
21-07-2005	0	2.67	25.9	9.1	14.79	-999	-999	-999	-999
22-07-2005	0.2	2.8	29.1	13.6	13.87	-999	-999	-999	-999
23-07-2005	0	2.57	30.1	13.1	13.52	-999	-999	-999	-999
24-07-2005	13.2	2.03	24.7	13.5	12.64	-999	-999	-999	-999
25-07-2005	0.6	0.55	21.4	4.9	7.7	-999	-999	-999	-999
26-07-2005	0.2	2.07	21.7	5	16.56	-999	-999	-999	-999
27-07-2005	0.4	0.73	20	8.7	9.09	-999	-999	-999	-999
28-07-2005	0	2.13	28	8.7	15.46	-999	-999	-999	-999
29-07-2005	0	2.33	29	10.1	15.33	-999	-999	-999	-999
30-07-2005	0	2.49	27.7	9.3	16.81	-999	-999	-999	-999
31-07-2005	0	2.79	28.3	9	16.97	-999	-999	-999	-999
01-08-2005	0	2.73	27.8	8.3	17.07	-999	-999	-999	-999
02-08-2005	0	2.78	28.1	7.9	17.34	-999	-999	-999	-999
03-08-2005	0	2.66	27.9	8.1	17.13	-999	-999	-999	-999
04-08-2005	0	2.85	27.8	8.9	17.38	-999	-999	-999	-999
05-08-2005	0	3.08	29.1	8.2	17.45	-999	-999	-999	-999
06-08-2005	0	2.83	28.9	8.5	17.29	-999	-999	-999	-999
07-08-2005	0	2.87	27.8	9.9	17.17	-999	-999	-999	-999
08-08-2005	0	2.26	26.9	11.5	14.61	-999	-999	-999	-999
09-08-2005	0	3.07	25.7	8.7	14.36	-999	-999	-999	-999
10-08-2005	0	2.31	21.1	7.3	15.83	-999	-999	-999	-999
11-08-2005	0	2.29	23.6	6.5	17.41	-999	-999	-999	-999
12-08-2005	0	2.47	24.7	6.7	17.83	-999	-999	-999	-999
13-08-2005	0	2.38	27.5	6.9	17.09	-999	-999	-999	-999
14-08-2005	0	2.53	30.1	9.2	16.76	-999	-999	-999	-999
15-08-2005	0	3.42	31.8	10.9	16.4	-999	-999	-999	-999
16-08-2005	0	3.42	30.4	12.4	17.01	-999	-999	-999	-999
17-08-2005	0	3.51	30.8	12.2	18.3	-999	-999	-999	-999
18-08-2005	0	2.26	27.5	13	13.05	-999	-999	-999	-999
19-08-2005	0	2.82	28.7	13.1	16.46	-999	-999	-999	-999
20-08-2005	0	2.96	28.9	11.6	17.65	-999	-999	-999	-999
21-08-2005	0	3.32	29.6	11.1	18.58	-999	-999	-999	-999
22-08-2005	0	4.17	29.9	10.9	18.85	-999	-999	-999	-999
23-08-2005	0	5.07	31.3	13.8	19.07	-999	-999	-999	-999
24-08-2005	0	2.68	31.4	14.4	11.12	-999	-999	-999	-999
25-08-2005	0	1.92	24.2	8.3	13	-999	-999	-999	-999
26-08-2005	11.8	2.99	27.6	8.5	16.13	-999	-999	-999	-999
27-08-2005	7.6	0.73	22.7	14.1	6.79	-999	-999	-999	-999
28-08-2005	0.2	4.24	33.5	15	19.13	-999	-999	-999	-999
29-08-2005	0	5.24	34.1	16.6	18.4	-999	-999	-999	-999
30-08-2005	0	3.69	33.5	15.4	15.16	-999	-999	-999	-999
31-08-2005	0	3.07	30.5	17.3	12.35	-999	-999	-999	-999
01-09-2005	5.8	3.16	30.6	16.9	13.96	-999	-999	-999	-999
02-09-2005	0.2	1.94	23.3	8.4	14.43	-999	-999	-999	-999
03-09-2005	0	3.21	28.6	8.9	19.54	-999	-999	-999	-999
04-09-2005	17.4	3.04	28.8	13.4	14.16	-999	-999	-999	-999
05-09-2005	0.2	2.448999248	28.1	16.1	12.59	-999	-999	-999	-999
06-09-2005	0	2.310613639	25.1	13	15.69	-999	-999	-999	-999
07-09-2005	0	2.801925827	25.2	12.6	17.64	-999	-999	-999	-999
08-09-2005	0	2.9086406	26.5	12.9	17.47	-999	-999	-999	-999
09-09-2005	0	3.46625191	29.7	14.2	17.13	-999	-999	-999	-999
10-09-2005	0	4.525798938	30.5	17	18.76	-999	-999	-999	-999
11-09-2005	0	5.224110241	32.9	19.6	18.05	-999	-999	-999	-999
12-09-2005	9.2	1.595359764	24.5	12.4	9.36	-999	-999	-999	-999
13-09-2005	0.4	1.743473213	19.4	13	8.09	-999	-999	-999	-999
14-09-2005	0	1.872665505	22.6	15.2	9.97	-999	-999	-999	-999
15-09-2005	0	3.881235569	31.6	15.9	18.46	-999	-999	-999	-999
16-09-2005	0.4	3.77786591	31.6	15.1	19.03	-999	-999	-999	-999
17-09-2005	2.4	3.704937508	26.7	14.8	19.95	-999	-999	-999	-999
18-09-2005	0	1.805669575	25.1	15.3	11.06	-999	-999	-999	-999
19-09-2005	0	3.281337049	29.8	14.7	15.71	-999	-999	-999	-999
20-09-2005	0	4.395790644	27	14.6	22.81	-999	-999	-999	-999
21-09-2005	0	3.870071327	25.5	15.2	20.41	-999	-999	-999	-999
22-09-2005	0	0.570654236	22.1	12.6	7.47	-999	-999	-999	-999
23-09-2005	0	3.428795215	28.3	13.4	18.97	-999	-999	-999	-999
24-09-2005	3.2	2.750208433	28.1	15.4	14.32	-999	-999	-999	-999
25-09-2005	2.6	0.296655864	21.7	15.9	4.62	-999	-999	-999	-999
26-09-2005	3.4	0.89	18.9	13.4	4.92	-999	-999	-999	-999
27-09-2005	0	1.53	19	11.8	8.14	-999	-999	-999	-999
